PPSORT,CMA,AGE,SEX,RACE,KOL,WORKLANG,MARST,DWEL,MOBL
359002,933,f,a15_19,eo_bio_Scottish,official_lang,work.official_lang,no.married,single.detached.house,non.movers
718549,933,m,a55_59,onao_Canadian,official_lang,work.no.official_lang,no.married,other.attached,non.movers
556933,933,m,a5_9,eo_obio,official_lang,work.no.official_lang,married,other.attached,non.movers
155043,933,f,a35_39,eo_bio_Irish,no.official_lang,work.no.official_lang,married,single.detached.house,non.movers
125653,933,f,a5_9,eo_bio_English,no.official_lang,work.no.official_lang,married,other.attached,non.movers
90993,933,m,a15_19,eo_neo,official_lang,work.official_lang,married,other.attached,external.movers
260215,933,m,a45_49,ao,official_lang,work.official_lang,divorced,other.attached,external.movers
373339,933,m,a0_4,co_Jamaican,official_lang,work.no.official_lang,widowed,other.attached,non.movers
428185,933,m,a35_39,ao_esao_Chinese,official_lang,work.official_lang,no.married,other.attached,non.movers
878907,933,m,a0_4,eo_seo_Italian,no.official_lang,work.official_lang,no.married,other.attached,nonmigrants.movers
181442,933,f,a60_64,eo_oeeo,official_lang,work.no.official_lang,no.married,single.detached.house,non.movers
623049,933,m,a40_44,ao,official_lang,work.no.official_lang,divorced,other.attached,non.movers
175126,933,m,a30_34,eo_bio_English,official_lang,work.no.official_lang,married,other.attached,non.movers
829364,933,f,a5_9,ao_oesao,official_lang,work.official_lang,married,other.attached,non.movers
85071,933,m,a40_44,eo_eeo_Ukrainian,official_lang,work.no.official_lang,married,other.attached,non.movers
396811,933,m,a45_49,oo,official_lang,work.official_lang,married,other.attached,non.movers
464446,933,m,a20_24,ao_sao_ei,official_lang,work.official_lang,no.married,other.attached,non.movers
682514,933,m,a40_44,onao_Canadian,official_lang,work.no.official_lang,no.married,other.attached,external.movers
557859,933,m,a35_39,eo_bio_English,official_lang,work.official_lang,married,other.attached,non.movers
802543,933,m,a0_4,onao_Canadian,official_lang,work.no.official_lang,married,other.attached,non.movers
342545,933,f,a70_74,eo_bio_English,official_lang,work.no.official_lang,divorced,other.attached,non.movers
430921,933,f,a30_34,eo_bio_Scottish,official_lang,work.official_lang,no.married,other.attached,external.movers
365301,933,m,a5_9,eo_weo_Dutch,official_lang,work.no.official_lang,married,other.attached,non.movers
704618,933,f,a85_,ao_oesao,official_lang,work.official_lang,living.common.law,single.detached.house,non.movers
318740,933,m,a40_44,eo_bio_Irish,official_lang,work.official_lang,no.married,other.attached,non.movers
847778,933,m,a10_14,ao,official_lang,work.official_lang,married,other.attached,non.movers
881135,933,f,a5_9,eo_bio_English,official_lang,work.official_lang,divorced,other.attached,nonmigrants.movers
772261,933,m,a40_44,eo_oweo,official_lang,work.official_lang,no.married,other.attached,nonmigrants.movers
633401,933,m,a10_14,ao_esao_Chinese,official_lang,work.no.official_lang,living.common.law,other.attached,non.movers
697314,933,f,a5_9,eo_weo_Dutch,official_lang,work.no.official_lang,married,other.attached,non.movers
560479,933,m,a15_19,eo_weo_German,official_lang,work.no.official_lang,married,other.attached,non.movers
163552,933,f,a35_39,eo_weo_German,official_lang,work.official_lang,no.married,other.attached,non.movers
668097,933,m,a20_24,lcsao,official_lang,work.official_lang,married,single.detached.house,non.movers
6426,933,m,a5_9,onao_Canadian,official_lang,work.official_lang,married,other.attached,non.movers
883785,933,f,a60_64,eo_fo,official_lang,work.official_lang,no.married,other.attached,non.movers
647003,933,f,a70_74,eo_bio_Scottish,official_lang,work.official_lang,no.married,other.attached,non.movers
532137,933,m,a50_54,ao,no.official_lang,work.no.official_lang,married,other.attached,non.movers
334403,933,m,a45_49,ao_osao,official_lang,work.no.official_lang,no.married,other.attached,non.movers
807730,933,m,a40_44,ao_esao_Chinese,official_lang,work.no.official_lang,no.married,other.attached,non.movers
587576,933,m,a40_44,ao_esao_Chinese,official_lang,work.official_lang,married,single.detached.house,non.movers
462142,933,m,a70_74,onao_Canadian,official_lang,work.no.official_lang,married,single.detached.house,non.movers
107584,933,f,a30_34,ao_oesao,official_lang,work.no.official_lang,married,other.attached,non.movers
188363,933,f,a60_64,eo_eeo_Ukrainian,official_lang,work.no.official_lang,married,other.attached,non.movers
497112,933,m,a35_39,onao_Canadian,official_lang,work.no.official_lang,no.married,other.attached,interprovincial.movers
450913,933,m,a30_34,eo_eeo_Ukrainian,official_lang,work.no.official_lang,no.married,other.attached,non.movers
316704,933,m,a75_79,ao_esao_Chinese,official_lang,work.no.official_lang,married,other.attached,non.movers
804962,933,m,a5_9,eo_weo_German,official_lang,work.official_lang,married,other.attached,non.movers
345497,933,f,a30_34,ao_esao_Chinese,no.official_lang,work.no.official_lang,married,other.attached,non.movers
446368,933,f,a5_9,eo_bio_English,official_lang,work.no.official_lang,no.married,single.detached.house,non.movers
300158,933,f,a5_9,eo_bio_Scottish,official_lang,work.no.official_lang,living.common.law,single.detached.house,non.movers
179862,933,f,a5_9,eo_bio_Irish,official_lang,work.official_lang,no.married,other.attached,interprovincial.movers
861817,933,m,a40_44,eo_neo,official_lang,work.official_lang,married,other.attached,non.movers
200980,933,f,a45_49,eo_bio_English,official_lang,work.no.official_lang,no.married,other.attached,nonmigrants.movers
351882,933,m,a20_24,ao_oesao,official_lang,work.no.official_lang,married,other.attached,non.movers
217532,933,m,a55_59,ao_esao_Chinese,no.official_lang,work.official_lang,married,other.attached,non.movers
779142,933,f,a45_49,onao_Canadian,official_lang,work.no.official_lang,married,other.attached,non.movers
804686,933,m,a45_49,ao_esao_Chinese,official_lang,work.no.official_lang,no.married,other.attached,non.movers
25756,933,m,a5_9,ao_esao_Filipino,official_lang,work.no.official_lang,married,other.attached,non.movers
16355,933,m,a30_34,eo_seo_Italian,official_lang,work.official_lang,married,other.attached,non.movers
828141,933,m,a55_59,ao_sao_ei,official_lang,work.official_lang,widowed,other.attached,nonmigrants.movers
734098,933,f,a15_19,ao_oesao,official_lang,work.official_lang,married,other.attached,non.movers
686521,933,m,a35_39,ao_esao_Chinese,official_lang,work.official_lang,separated,other.attached,non.movers
17850,933,m,a65_69,ao_esao_Chinese,official_lang,work.no.official_lang,married,other.attached,non.movers
77421,933,m,a55_59,onao_Canadian,official_lang,work.no.official_lang,no.married,single.detached.house,non.movers
451735,933,m,a50_54,eo_bio_Irish,official_lang,work.official_lang,married,other.attached,non.movers
884090,933,m,a0_4,ao_osao,official_lang,work.official_lang,no.married,other.attached,nonmigrants.movers
390505,933,m,a15_19,ao_esao_Chinese,official_lang,work.no.official_lang,living.common.law,other.attached,non.movers
770820,933,m,a60_64,eo_seo_Greek,official_lang,work.official_lang,married,other.attached,non.movers
214684,933,m,a50_54,eo_bio_English,official_lang,work.official_lang,married,other.attached,non.movers
651560,933,f,a45_49,eo_fo,no.official_lang,work.no.official_lang,married,single.detached.house,non.movers
6552,933,m,a35_39,eo_fo,official_lang,work.no.official_lang,no.married,other.attached,non.movers
259467,933,f,a60_64,eo_bio_Scottish,official_lang,work.official_lang,married,other.attached,non.movers
781175,933,m,a45_49,ao_oesao,official_lang,work.official_lang,no.married,other.attached,non.movers
864385,933,f,a0_4,eo_neo,official_lang,work.no.official_lang,no.married,other.attached,non.movers
348030,933,m,a20_24,onao,official_lang,work.no.official_lang,married,other.attached,non.movers
375515,933,f,a50_54,eo_bio_Irish,official_lang,work.official_lang,married,other.attached,non.movers
268137,933,m,a65_69,onao_Canadian,official_lang,work.official_lang,married,single.detached.house,non.movers
738877,933,f,a35_39,eo_obio,official_lang,work.official_lang,no.married,other.attached,nonmigrants.movers
281331,933,f,a65_69,onao_Canadian,official_lang,work.no.official_lang,divorced,other.attached,non.movers
273939,933,f,a50_54,eo_weo_German,official_lang,work.official_lang,married,other.attached,non.movers
350651,933,m,a70_74,ao_osao,official_lang,work.official_lang,no.married,other.attached,non.movers
626766,933,f,a60_64,eo_seo_Italian,official_lang,work.official_lang,no.married,other.attached,non.movers
415317,933,m,a50_54,ao_esao_Chinese,official_lang,work.no.official_lang,no.married,other.attached,non.movers
458720,933,m,a0_4,eo_neo,official_lang,work.official_lang,married,other.attached,non.movers
55259,933,f,a55_59,ao_esao_Chinese,official_lang,work.no.official_lang,no.married,other.attached,non.movers
144928,933,f,a15_19,ao_esao_Chinese,official_lang,work.official_lang,no.married,other.attached,non.movers
707828,933,f,a65_69,ao_esao_Chinese,official_lang,work.official_lang,married,other.attached,non.movers
326350,933,f,a45_49,onao_Canadian,official_lang,work.official_lang,no.married,other.attached,non.movers
396028,933,m,a5_9,eo_bio_Irish,official_lang,work.official_lang,no.married,other.attached,interprovincial.movers
668680,933,m,a45_49,onao_Canadian,official_lang,work.no.official_lang,married,other.attached,non.movers
106590,933,f,a30_34,eo_bio_Scottish,official_lang,work.official_lang,married,other.attached,non.movers
206492,933,f,a5_9,eo_weo_German,official_lang,work.no.official_lang,no.married,other.attached,non.movers
677523,933,m,a50_54,ao_esao_Chinese,official_lang,work.no.official_lang,no.married,other.attached,external.movers
569424,933,m,a10_14,eo_weo_Dutch,official_lang,work.no.official_lang,married,other.attached,non.movers
367698,933,f,a25_29,eo_bio_English,official_lang,work.no.official_lang,no.married,other.attached,non.movers
494422,933,m,a0_4,eo_neo,official_lang,work.no.official_lang,married,other.attached,non.movers
613604,933,m,a60_64,onao_Canadian,official_lang,work.no.official_lang,married,single.detached.house,non.movers
348812,933,m,a55_59,eo_fo,official_lang,work.no.official_lang,no.married,other.attached,other.movers
98345,933,f,a45_49,onao_Canadian,official_lang,work.no.official_lang,divorced,other.attached,non.movers
718342,933,m,a60_64,ao_esao_Chinese,official_lang,work.official_lang,no.married,other.attached,non.movers
55373,933,m,a40_44,onao_Canadian,official_lang,work.official_lang,married,other.attached,non.movers
59440,933,m,a40_44,eo_bio_Irish,official_lang,work.no.official_lang,living.common.law,other.attached,non.movers
529791,933,f,a10_14,lcsao,official_lang,work.official_lang,living.common.law,other.attached,nonmigrants.movers
219097,933,f,a15_19,ao_esao_Chinese,official_lang,work.official_lang,no.married,other.attached,non.movers
453315,933,m,a25_29,eo_neo,official_lang,work.official_lang,married,other.attached,non.movers
383255,933,f,a20_24,eo_bio_Scottish,official_lang,work.official_lang,no.married,single.detached.house,non.movers
762693,933,m,a45_49,ao_esao_Chinese,official_lang,work.no.official_lang,married,other.attached,non.movers
645007,933,m,a20_24,eo_eeo_Ukrainian,official_lang,work.official_lang,married,single.detached.house,non.movers
73275,933,m,a45_49,ao_sao_ei,official_lang,work.official_lang,no.married,other.attached,non.movers
758873,933,f,a0_4,ao,official_lang,work.no.official_lang,divorced,other.attached,other.movers
487006,933,f,a35_39,eo_bio_English,no.official_lang,work.official_lang,separated,other.attached,non.movers
143154,933,f,a20_24,ao_esao_Chinese,official_lang,work.official_lang,no.married,other.attached,non.movers
683986,933,m,a55_59,ao_oesao,official_lang,work.official_lang,no.married,single.detached.house,non.movers
476141,933,f,a15_19,eo_bio_Scottish,official_lang,work.no.official_lang,married,other.attached,interprovincial.movers
329546,933,m,a20_24,ao_sao_ei,official_lang,work.official_lang,no.married,other.attached,non.movers
39593,933,m,a50_54,eo_neo,official_lang,work.no.official_lang,married,other.attached,non.movers
434798,933,f,a25_29,ao_oesao,official_lang,work.no.official_lang,no.married,other.attached,non.movers
59728,933,m,a15_19,ao_esao_Chinese,official_lang,work.official_lang,married,other.attached,non.movers
722752,933,m,a45_49,ao_oesao,official_lang,work.no.official_lang,married,other.attached,non.movers
9107,933,f,a30_34,ao_oesao,official_lang,work.no.official_lang,no.married,other.attached,non.movers
909635,933,f,a35_39,eo_seo_Spanish,official_lang,work.official_lang,no.married,other.attached,non.movers
864065,933,m,a50_54,eo_seo_Italian,official_lang,work.no.official_lang,living.common.law,other.attached,non.movers
693507,933,m,a40_44,ao_esao_Chinese,official_lang,work.official_lang,no.married,other.attached,non.movers
193210,933,m,a25_29,ao_oesao,official_lang,work.official_lang,married,other.attached,non.movers
850821,933,f,a15_19,onao_Canadian,official_lang,work.no.official_lang,no.married,other.attached,nonmigrants.movers
929787,933,f,a35_39,ao_esao_Chinese,official_lang,work.official_lang,no.married,other.attached,non.movers
34352,933,m,a45_49,eo_weo_German,official_lang,work.no.official_lang,married,other.attached,non.movers
813527,933,f,a25_29,onao,official_lang,work.no.official_lang,married,other.attached,non.movers
547175,933,m,a55_59,eo_seo_Italian,official_lang,work.official_lang,married,single.detached.house,non.movers
730604,933,f,a35_39,ao,official_lang,work.official_lang,no.married,other.attached,non.movers
927663,933,m,a30_34,eo_bio_Irish,official_lang,work.official_lang,divorced,other.attached,non.movers
730857,933,m,a5_9,eo_fo,official_lang,work.official_lang,no.married,other.attached,non.movers
141385,933,f,a35_39,eo_obio,official_lang,work.no.official_lang,separated,other.attached,non.movers
365816,933,m,a40_44,ao_esao_Chinese,official_lang,work.no.official_lang,married,single.detached.house,non.movers
355562,933,m,a0_4,ao_oesao,official_lang,work.official_lang,married,other.attached,non.movers
564270,933,f,a70_74,ao_esao_Chinese,official_lang,work.official_lang,married,other.attached,non.movers
78784,933,f,a50_54,ao_esao_Chinese,official_lang,work.official_lang,married,other.attached,non.movers
816912,933,f,a30_34,ao,no.official_lang,work.no.official_lang,married,other.attached,nonmigrants.movers
631286,933,f,a15_19,eo_weo_Dutch,official_lang,work.official_lang,no.married,other.attached,nonmigrants.movers
449056,933,f,a0_4,ao_esao_Chinese,official_lang,work.no.official_lang,married,other.attached,non.movers
201812,933,m,a30_34,eo_bio_Irish,official_lang,work.no.official_lang,no.married,other.attached,non.movers
35716,933,m,a70_74,onao_Canadian,official_lang,work.official_lang,living.common.law,single.detached.house,non.movers
512756,933,f,a20_24,eo_eeo_Hungarian,official_lang,work.official_lang,married,single.detached.house,non.movers
52279,933,f,a35_39,eo_weo_Dutch,official_lang,work.no.official_lang,married,other.attached,non.movers
373080,933,m,a30_34,lcsao,official_lang,work.no.official_lang,divorced,other.attached,other.movers
319440,933,f,a30_34,onao_Canadian,official_lang,work.official_lang,no.married,other.attached,non.movers
465469,933,m,a25_29,eo_oeeo,official_lang,work.no.official_lang,married,other.attached,non.movers
469083,933,m,a55_59,onao_Canadian,official_lang,work.no.official_lang,married,other.attached,non.movers
221809,933,f,a25_29,eo_bio_Scottish,official_lang,work.no.official_lang,no.married,other.attached,non.movers
735412,933,m,a60_64,eo_weo_Dutch,official_lang,work.no.official_lang,married,other.attached,external.movers
145965,933,m,a45_49,ao,official_lang,work.no.official_lang,divorced,other.attached,non.movers
306442,933,f,a20_24,ao_esao_Chinese,official_lang,work.no.official_lang,no.married,other.attached,external.movers
882740,933,m,a15_19,ao_sao_ei,official_lang,work.no.official_lang,married,other.attached,non.movers
487914,933,f,a65_69,ao_esao_Chinese,official_lang,work.official_lang,married,other.attached,nonmigrants.movers
181631,933,m,a60_64,eo_bio_Scottish,official_lang,work.official_lang,no.married,other.attached,non.movers
311990,933,m,a55_59,onao_Canadian,official_lang,work.no.official_lang,divorced,other.attached,non.movers
580474,933,m,a60_64,eo_eeo_Polish,official_lang,work.official_lang,married,other.attached,non.movers
738107,933,f,a25_29,ao_oesao,official_lang,work.no.official_lang,no.married,other.attached,non.movers
652015,933,m,a20_24,eo_bio_Irish,official_lang,work.official_lang,married,other.attached,non.movers
515615,933,f,a30_34,eo_neo,official_lang,work.official_lang,divorced,other.attached,non.movers
5498,933,m,a45_49,ao_esao_Chinese,official_lang,work.no.official_lang,living.common.law,other.attached,non.movers
724034,933,f,a35_39,eo_bio_Scottish,official_lang,work.official_lang,no.married,single.detached.house,non.movers
210694,933,m,a15_19,eo_obio,official_lang,work.official_lang,married,other.attached,non.movers
778485,933,f,a30_34,eo_bio_English,official_lang,work.official_lang,married,other.attached,other.movers
217686,933,f,a40_44,eo_fo,official_lang,work.no.official_lang,no.married,other.attached,nonmigrants.movers
445698,933,f,a55_59,naao,official_lang,work.no.official_lang,married,other.attached,non.movers
750709,933,m,a0_4,ao_wcameo,official_lang,work.no.official_lang,married,other.attached,external.movers
383684,933,m,a50_54,ao_sao_ei,official_lang,work.no.official_lang,no.married,other.attached,non.movers
4539,933,f,a0_4,ao_esao_Chinese,official_lang,work.official_lang,married,other.attached,non.movers
722359,933,f,a50_54,naao,official_lang,work.official_lang,married,other.attached,non.movers
481160,933,f,a20_24,onao_Canadian,official_lang,work.no.official_lang,married,other.attached,non.movers
535593,933,m,a25_29,eo_bio_Scottish,official_lang,work.official_lang,married,other.attached,non.movers
414298,933,f,a50_54,co_Jamaican,official_lang,work.no.official_lang,no.married,other.attached,non.movers
288676,933,f,a35_39,ao_esao_Chinese,official_lang,work.official_lang,living.common.law,other.attached,nonmigrants.movers
364781,933,f,a5_9,eo_seo_Spanish,official_lang,work.official_lang,divorced,other.attached,non.movers
85700,933,f,a15_19,eo_fo,no.official_lang,work.no.official_lang,married,other.attached,non.movers
863158,933,f,a45_49,eo_seo_Greek,official_lang,work.official_lang,no.married,other.attached,nonmigrants.movers
246298,933,m,a45_49,eo_bio_Scottish,official_lang,work.official_lang,no.married,other.attached,non.movers
4289,933,f,a20_24,ao_esao_Chinese,official_lang,work.no.official_lang,no.married,other.attached,interprovincial.movers
111145,933,f,a80_84,ao_esao_Chinese,official_lang,work.official_lang,married,other.attached,non.movers
48156,933,m,a5_9,naao,official_lang,work.no.official_lang,married,other.attached,non.movers
402957,933,m,a15_19,ao_esao_Chinese,official_lang,work.no.official_lang,married,other.attached,non.movers
293655,933,f,a40_44,onao_Canadian,official_lang,work.no.official_lang,married,single.detached.house,non.movers
545174,933,m,a30_34,naao,no.official_lang,work.official_lang,no.married,other.attached,non.movers
109232,933,m,a20_24,ao_esao_Chinese,official_lang,work.no.official_lang,married,single.detached.house,non.movers
235377,933,f,a65_69,naao,official_lang,work.no.official_lang,no.married,other.attached,non.movers
867095,933,f,a5_9,ao_esao_Chinese,official_lang,work.official_lang,married,other.attached,nonmigrants.movers
541523,933,m,a45_49,ao_esao_Chinese,official_lang,work.no.official_lang,living.common.law,other.attached,non.movers
569787,933,f,a50_54,ao,official_lang,work.official_lang,no.married,other.attached,non.movers
739023,933,m,a35_39,eo_bio_English,no.official_lang,work.no.official_lang,married,other.attached,nonmigrants.movers
659920,933,m,a40_44,eo_bio_Scottish,official_lang,work.no.official_lang,no.married,other.attached,non.movers
140026,933,m,a10_14,lcsao,official_lang,work.official_lang,married,other.attached,non.movers
586140,933,f,a30_34,eo_oeeo,official_lang,work.official_lang,widowed,other.attached,non.movers
285818,933,f,a55_59,eo_neo,official_lang,work.official_lang,married,other.attached,other.movers
760661,933,m,a40_44,eo_bio_English,no.official_lang,work.official_lang,no.married,other.attached,non.movers
11352,933,f,a40_44,eo_bio_English,official_lang,work.official_lang,married,other.attached,non.movers
189726,933,f,a30_34,naao,official_lang,work.official_lang,married,other.attached,external.movers
273483,933,f,a25_29,ao_oesao,no.official_lang,work.no.official_lang,no.married,other.attached,non.movers
742935,933,m,a20_24,ao_oesao,no.official_lang,work.official_lang,living.common.law,single.detached.house,non.movers
123192,933,f,a65_69,onao_Canadian,official_lang,work.official_lang,separated,other.attached,non.movers
813344,933,f,a60_64,eo_bio_Scottish,official_lang,work.official_lang,widowed,other.attached,non.movers
118636,933,f,a35_39,ao_sao_ei,official_lang,work.no.official_lang,married,other.attached,non.movers
289474,933,f,a50_54,ao_esao_Chinese,official_lang,work.official_lang,married,other.attached,non.movers
360480,933,f,a50_54,ao_esao_Chinese,official_lang,work.official_lang,no.married,other.attached,non.movers
559900,933,m,a55_59,ao_esao_Chinese,official_lang,work.official_lang,married,other.attached,other.movers
555181,933,m,a15_19,ao_esao_Chinese,official_lang,work.no.official_lang,no.married,other.attached,non.movers
656302,933,m,a40_44,naao,official_lang,work.official_lang,no.married,single.detached.house,non.movers
438144,933,m,a40_44,onao,official_lang,work.no.official_lang,married,other.attached,nonmigrants.movers
214046,933,m,a35_39,ao_esao_Chinese,no.official_lang,work.no.official_lang,divorced,other.attached,non.movers
42568,933,m,a55_59,ao,official_lang,work.official_lang,married,other.attached,non.movers
698023,933,m,a30_34,eo_weo_German,official_lang,work.official_lang,no.married,other.attached,non.movers
435182,933,m,a35_39,eo_bio_Irish,official_lang,work.official_lang,no.married,other.attached,nonmigrants.movers
869144,933,m,a5_9,ao_esao_Chinese,official_lang,work.official_lang,married,other.attached,non.movers
267904,933,f,a70_74,eo_eeo_Polish,official_lang,work.no.official_lang,divorced,other.attached,non.movers
295922,933,m,a55_59,ao_sao_ei,official_lang,work.official_lang,married,other.attached,non.movers
72963,933,m,a30_34,ao_esao_Chinese,official_lang,work.official_lang,married,other.attached,non.movers
414076,933,m,a20_24,ao_oesao,official_lang,work.official_lang,no.married,other.attached,non.movers
446722,933,f,a10_14,eo_bio_English,no.official_lang,work.no.official_lang,married,other.attached,nonmigrants.movers
802196,933,f,a0_4,eo_weo_Dutch,no.official_lang,work.no.official_lang,no.married,other.attached,non.movers
684461,933,m,a40_44,ao_oesao,official_lang,work.official_lang,married,other.attached,non.movers
736132,933,m,a10_14,onao_Canadian,official_lang,work.no.official_lang,married,other.attached,external.movers
371277,933,m,a0_4,ao_oesao,official_lang,work.official_lang,married,other.attached,non.movers
852678,933,m,a35_39,eo_weo_German,official_lang,work.official_lang,married,other.attached,non.movers
753695,933,m,a0_4,eo_bio_English,official_lang,work.official_lang,no.married,single.detached.house,non.movers
848112,933,m,a30_34,eo_eeo_Ukrainian,official_lang,work.official_lang,married,other.attached,nonmigrants.movers
183439,933,f,a40_44,eo_fo,official_lang,work.no.official_lang,married,other.attached,nonmigrants.movers
690101,933,m,a50_54,eo_obio,official_lang,work.official_lang,no.married,other.attached,non.movers
172501,933,m,a45_49,eo_weo_German,official_lang,work.no.official_lang,married,other.attached,non.movers
596922,933,m,a60_64,eo_bio_Irish,official_lang,work.no.official_lang,married,other.attached,non.movers
865821,933,m,a35_39,onao,official_lang,work.official_lang,no.married,other.attached,non.movers
224683,933,m,a60_64,eo_bio_Irish,official_lang,work.official_lang,married,other.attached,non.movers
307599,933,f,a50_54,ao_esao_Chinese,official_lang,work.official_lang,no.married,other.attached,non.movers
594819,933,m,a75_79,ao_sao_ei,official_lang,work.official_lang,no.married,other.attached,external.movers
364619,933,m,a0_4,eo_fo,official_lang,work.no.official_lang,no.married,other.attached,other.movers
567377,933,f,a15_19,eo_bio_Irish,official_lang,work.official_lang,no.married,other.attached,non.movers
318182,933,m,a40_44,ao_osao,official_lang,work.no.official_lang,no.married,other.attached,non.movers
88684,933,m,a70_74,ao_esao_Chinese,official_lang,work.no.official_lang,married,other.attached,non.movers
872190,933,f,a30_34,ao_esao_Chinese,official_lang,work.official_lang,married,other.attached,external.movers
451116,933,m,a35_39,lcsao,official_lang,work.no.official_lang,married,other.attached,non.movers
721914,933,m,a35_39,onao_Canadian,official_lang,work.official_lang,living.common.law,other.attached,nonmigrants.movers
477686,933,m,a60_64,ao_esao_Chinese,no.official_lang,work.no.official_lang,divorced,other.attached,external.movers
274004,933,m,a40_44,eo_fo,official_lang,work.no.official_lang,married,other.attached,nonmigrants.movers
307596,933,f,a25_29,eo_seo_Portuguese,official_lang,work.official_lang,married,other.attached,non.movers
905400,933,f,a55_59,ao_esao_Chinese,official_lang,work.no.official_lang,no.married,single.detached.house,non.movers
285456,933,m,a0_4,eo_bio_English,official_lang,work.official_lang,married,other.attached,non.movers
172357,933,f,a10_14,onao,official_lang,work.official_lang,no.married,other.attached,non.movers
249668,933,m,a50_54,naao,no.official_lang,work.no.official_lang,married,other.attached,non.movers
221769,933,m,a85_,ao_sao_ei,official_lang,work.official_lang,married,other.attached,non.movers
538019,933,f,a0_4,ao_wcameo,official_lang,work.official_lang,married,other.attached,non.movers
202826,933,m,a55_59,eo_bio_Scottish,official_lang,work.no.official_lang,no.married,other.attached,non.movers
79017,933,f,a50_54,eo_weo_German,official_lang,work.no.official_lang,divorced,other.attached,nonmigrants.movers
345849,933,m,a45_49,onao_Canadian,official_lang,work.official_lang,married,single.detached.house,non.movers
632446,933,m,a50_54,ao_esao_Filipino,official_lang,work.no.official_lang,married,other.attached,non.movers
353305,933,f,a35_39,ao_esao_Chinese,official_lang,work.no.official_lang,no.married,other.attached,external.movers
304097,933,f,a0_4,eo_bio_Scottish,official_lang,work.no.official_lang,married,other.attached,interprovincial.movers
817019,933,m,a10_14,ao_osao,official_lang,work.no.official_lang,married,single.detached.house,non.movers
115722,933,f,a30_34,eo_bio_English,official_lang,work.official_lang,no.married,single.detached.house,non.movers
917903,933,f,a15_19,ao_sao_ei,official_lang,work.official_lang,married,other.attached,non.movers
678606,933,m,a40_44,eo_bio_English,official_lang,work.no.official_lang,no.married,other.attached,non.movers
294161,933,m,a55_59,onao_Canadian,official_lang,work.no.official_lang,married,other.attached,other.movers
28612,933,f,a45_49,naao,official_lang,work.no.official_lang,no.married,other.attached,non.movers
223651,933,m,a15_19,ao_oesao,official_lang,work.official_lang,married,other.attached,non.movers
189625,933,f,a50_54,ao_esao_Chinese,official_lang,work.no.official_lang,married,single.detached.house,non.movers
781221,933,m,a25_29,naao,official_lang,work.official_lang,married,other.attached,non.movers
473574,933,m,a55_59,lcsao,official_lang,work.no.official_lang,married,other.attached,non.movers
599801,933,m,a30_34,ao_oesao,official_lang,work.official_lang,married,single.detached.house,non.movers
137835,933,m,a20_24,eo_bio_Irish,official_lang,work.no.official_lang,married,other.attached,non.movers
358891,933,f,a30_34,ao_sao_ei,no.official_lang,work.no.official_lang,no.married,other.attached,non.movers
630018,933,f,a35_39,ao_esao_Chinese,official_lang,work.official_lang,no.married,other.attached,non.movers
794596,933,m,a55_59,ao_sao_ei,official_lang,work.official_lang,married,other.attached,non.movers
127786,933,f,a45_49,onao_Canadian,official_lang,work.no.official_lang,no.married,other.attached,interprovincial.movers
305098,933,f,a45_49,eo_seo_Portuguese,official_lang,work.official_lang,married,other.attached,non.movers
689662,933,m,a55_59,eo_weo_German,official_lang,work.no.official_lang,widowed,other.attached,non.movers
763502,933,f,a65_69,eo_weo_German,official_lang,work.official_lang,no.married,other.attached,nonmigrants.movers
716308,933,f,a10_14,eo_bio_Irish,official_lang,work.no.official_lang,no.married,other.attached,non.movers
558734,933,m,a0_4,ao_esao_Chinese,official_lang,work.no.official_lang,no.married,other.attached,nonmigrants.movers
387738,933,f,a55_59,ao_esao_Chinese,official_lang,work.no.official_lang,no.married,other.attached,non.movers
864791,933,m,a55_59,eo_bio_Scottish,official_lang,work.official_lang,no.married,other.attached,non.movers
250230,933,f,a0_4,onao_Canadian,official_lang,work.official_lang,divorced,other.attached,non.movers
67809,933,m,a50_54,eo_neo,official_lang,work.official_lang,married,other.attached,non.movers
420772,933,m,a0_4,co_Jamaican,official_lang,work.no.official_lang,married,other.attached,non.movers
52958,933,m,a50_54,eo_fo,official_lang,work.no.official_lang,married,other.attached,non.movers
547424,933,f,a60_64,eo_seo_Spanish,official_lang,work.no.official_lang,married,other.attached,non.movers
301404,933,f,a0_4,ao_esao_Chinese,official_lang,work.no.official_lang,no.married,single.detached.house,non.movers
633886,933,m,a10_14,onao_Canadian,official_lang,work.no.official_lang,no.married,other.attached,nonmigrants.movers
74744,933,m,a55_59,eo_weo_Dutch,official_lang,work.official_lang,married,single.detached.house,non.movers
597246,933,m,a20_24,eo_bio_Scottish,official_lang,work.official_lang,no.married,single.detached.house,non.movers
217134,933,m,a40_44,ao_sao_ei,official_lang,work.official_lang,married,other.attached,non.movers
83565,933,f,a40_44,eo_bio_English,official_lang,work.official_lang,married,other.attached,nonmigrants.movers
849441,933,m,a15_19,ao_oesao,official_lang,work.official_lang,widowed,other.attached,non.movers
712501,933,m,a35_39,oo,official_lang,work.official_lang,divorced,other.attached,non.movers
339824,933,m,a50_54,onao_Canadian,official_lang,work.official_lang,married,other.attached,non.movers
149385,933,f,a40_44,eo_bio_Irish,no.official_lang,work.official_lang,no.married,other.attached,non.movers
662407,933,m,a10_14,lcsao,official_lang,work.official_lang,no.married,other.attached,non.movers
372220,933,f,a70_74,ao_sao_ei,official_lang,work.no.official_lang,no.married,other.attached,non.movers
784851,933,f,a15_19,ao_sao_ei,official_lang,work.official_lang,no.married,other.attached,nonmigrants.movers
336934,933,m,a70_74,eo_oeeo,official_lang,work.no.official_lang,no.married,other.attached,non.movers
743109,933,m,a60_64,onao_Canadian,official_lang,work.no.official_lang,married,other.attached,non.movers
629090,933,f,a40_44,eo_fo,official_lang,work.no.official_lang,married,other.attached,non.movers
141614,933,f,a5_9,ao_sao_ei,official_lang,work.no.official_lang,no.married,other.attached,other.movers
396386,933,m,a45_49,onao_Canadian,official_lang,work.official_lang,no.married,single.detached.house,non.movers
461165,933,f,a45_49,ao_oesao,official_lang,work.official_lang,married,other.attached,non.movers
109706,933,m,a45_49,onao,official_lang,work.no.official_lang,married,other.attached,nonmigrants.movers
293493,933,m,a10_14,onao_Canadian,official_lang,work.no.official_lang,married,other.attached,non.movers
412211,933,f,a15_19,eo_bio_Irish,official_lang,work.official_lang,married,other.attached,non.movers
78487,933,m,a60_64,ao_esao_Chinese,official_lang,work.official_lang,no.married,other.attached,non.movers
152378,933,f,a15_19,eo_obio,official_lang,work.no.official_lang,divorced,single.detached.house,non.movers
838848,933,f,a20_24,ao_sao_ei,official_lang,work.official_lang,married,other.attached,non.movers
7974,933,f,a60_64,oo,official_lang,work.no.official_lang,married,single.detached.house,non.movers
4156,933,f,a50_54,onao_Canadian,official_lang,work.official_lang,married,other.attached,non.movers
530761,933,f,a45_49,eo_bio_Scottish,official_lang,work.official_lang,married,other.attached,non.movers
910039,933,f,a10_14,ao_oesao,official_lang,work.official_lang,married,other.attached,non.movers
609662,933,f,a60_64,ao_esao_Chinese,official_lang,work.official_lang,living.common.law,other.attached,non.movers
6143,933,f,a50_54,eo_eeo_Ukrainian,official_lang,work.no.official_lang,no.married,single.detached.house,non.movers
833979,933,m,a40_44,eo_seo_Spanish,official_lang,work.official_lang,married,other.attached,non.movers
413169,933,m,a30_34,eo_bio_Scottish,official_lang,work.official_lang,married,other.attached,non.movers
450140,933,m,a0_4,eo_fo,no.official_lang,work.official_lang,married,other.attached,non.movers
750906,933,m,a15_19,ao_esao_Chinese,official_lang,work.official_lang,married,other.attached,non.movers
175332,933,f,a10_14,eo_oeeo,official_lang,work.no.official_lang,married,other.attached,non.movers
312864,933,m,a10_14,ao_oesao,official_lang,work.official_lang,no.married,other.attached,non.movers
191184,933,f,a35_39,onao_Canadian,official_lang,work.official_lang,no.married,other.attached,non.movers
582821,933,f,a30_34,ao_esao_Chinese,official_lang,work.official_lang,married,other.attached,non.movers
646213,933,m,a25_29,eo_obio,official_lang,work.official_lang,no.married,other.attached,non.movers
232344,933,m,a50_54,eo_bio_Scottish,official_lang,work.official_lang,married,single.detached.house,non.movers
222044,933,f,a45_49,ao,official_lang,work.official_lang,no.married,other.attached,external.movers
868108,933,m,a15_19,eo_seo_Spanish,official_lang,work.official_lang,married,other.attached,non.movers
583709,933,f,a10_14,eo_bio_English,official_lang,work.no.official_lang,married,other.attached,nonmigrants.movers
262106,933,m,a80_84,eo_weo_German,official_lang,work.official_lang,married,other.attached,non.movers
642715,933,m,a40_44,ao_sao_ei,official_lang,work.official_lang,no.married,other.attached,nonmigrants.movers
46710,933,f,a75_79,eo_bio_English,official_lang,work.no.official_lang,no.married,other.attached,nonmigrants.movers
441245,933,m,a0_4,onao_Canadian,official_lang,work.no.official_lang,married,single.detached.house,non.movers
621602,933,f,a30_34,eo_eeo_Polish,official_lang,work.official_lang,married,other.attached,non.movers
50204,933,m,a65_69,ao_esao_Chinese,official_lang,work.official_lang,married,other.attached,non.movers
383857,933,m,a30_34,ao_esao_Chinese,official_lang,work.no.official_lang,no.married,other.attached,non.movers
523973,933,m,a10_14,ao_esao_Chinese,official_lang,work.no.official_lang,no.married,single.detached.house,non.movers
879728,933,f,a10_14,eo_bio_English,official_lang,work.official_lang,married,other.attached,non.movers
819893,933,m,a0_4,ao_sao_ei,official_lang,work.no.official_lang,married,other.attached,non.movers
506225,933,m,a45_49,eo_oweo,official_lang,work.no.official_lang,divorced,single.detached.house,non.movers
58823,933,f,a25_29,ao_esao_Chinese,official_lang,work.official_lang,married,other.attached,non.movers
398166,933,f,a50_54,ao_esao_Chinese,official_lang,work.official_lang,married,single.detached.house,non.movers
365152,933,m,a0_4,eo_neo,official_lang,work.no.official_lang,married,other.attached,nonmigrants.movers
708184,933,m,a30_34,eo_eeo_Ukrainian,official_lang,work.no.official_lang,married,other.attached,non.movers
108677,933,m,a70_74,eo_seo_Italian,official_lang,work.official_lang,married,other.attached,non.movers
452522,933,m,a5_9,eo_weo_German,official_lang,work.official_lang,married,single.detached.house,non.movers
716355,933,f,a10_14,ao_sao_ei,no.official_lang,work.no.official_lang,married,single.detached.house,non.movers
391087,933,f,a65_69,eo_bio_Irish,official_lang,work.official_lang,married,other.attached,non.movers
871210,933,m,a60_64,ao_osao,official_lang,work.no.official_lang,married,other.attached,non.movers
146778,933,m,a50_54,ao_esao_Chinese,no.official_lang,work.official_lang,married,other.attached,non.movers
538673,933,m,a20_24,eo_bio_Scottish,official_lang,work.official_lang,married,other.attached,non.movers
601730,933,m,a30_34,ao_oesao,official_lang,work.no.official_lang,divorced,other.attached,nonmigrants.movers
66455,933,f,a25_29,ao_oesao,official_lang,work.no.official_lang,no.married,other.attached,non.movers
916516,933,m,a0_4,ao_esao_Chinese,official_lang,work.no.official_lang,no.married,other.attached,non.movers
535206,933,m,a45_49,eo_bio_Irish,official_lang,work.official_lang,married,other.attached,non.movers
576821,933,f,a45_49,onao_Canadian,official_lang,work.no.official_lang,married,other.attached,non.movers
239988,933,m,a45_49,ao_esao_Chinese,official_lang,work.official_lang,divorced,single.detached.house,non.movers
471371,933,f,a45_49,onao_Canadian,official_lang,work.no.official_lang,no.married,other.attached,non.movers
744977,933,f,a50_54,ao_esao_Chinese,official_lang,work.official_lang,married,other.attached,non.movers
644485,933,m,a70_74,naao,official_lang,work.official_lang,living.common.law,other.attached,non.movers
311364,933,m,a55_59,onao_Canadian,official_lang,work.no.official_lang,married,single.detached.house,non.movers
76150,933,f,a5_9,ao_esao_Chinese,official_lang,work.no.official_lang,married,other.attached,non.movers
277992,933,f,a20_24,onao_Canadian,no.official_lang,work.no.official_lang,no.married,other.attached,non.movers
799739,933,m,a40_44,eo_seo_Italian,official_lang,work.official_lang,no.married,single.detached.house,non.movers
290903,933,f,a25_29,oo,official_lang,work.no.official_lang,divorced,other.attached,non.movers
267453,933,m,a40_44,eo_seo_Italian,official_lang,work.official_lang,married,other.attached,non.movers
690343,933,f,a65_69,eo_weo_Dutch,official_lang,work.no.official_lang,no.married,other.attached,non.movers
113594,933,f,a60_64,ao_esao_Chinese,official_lang,work.official_lang,married,other.attached,non.movers
424528,933,f,a0_4,ao_sao_ei,official_lang,work.no.official_lang,married,single.detached.house,non.movers
407450,933,m,a0_4,onao_Canadian,official_lang,work.official_lang,married,other.attached,non.movers
339234,933,f,a10_14,onao_Canadian,official_lang,work.no.official_lang,married,other.attached,non.movers
297048,933,m,a30_34,ao_esao_Chinese,official_lang,work.official_lang,married,other.attached,non.movers
389688,933,f,a5_9,ao_esao_Chinese,official_lang,work.no.official_lang,married,other.attached,non.movers
671666,933,f,a45_49,eo_bio_Scottish,official_lang,work.official_lang,married,other.attached,non.movers
728235,933,m,a35_39,eo_weo_German,official_lang,work.no.official_lang,no.married,other.attached,non.movers
252469,933,m,a75_79,eo_weo_German,official_lang,work.no.official_lang,no.married,other.attached,non.movers
21164,933,m,a25_29,ao_esao_Chinese,official_lang,work.official_lang,married,other.attached,external.movers
898320,933,f,a30_34,ao_esao_Chinese,official_lang,work.no.official_lang,married,other.attached,non.movers
345583,933,f,a60_64,ao_esao_Chinese,official_lang,work.official_lang,married,other.attached,non.movers
858338,933,f,a5_9,onao_Canadian,official_lang,work.official_lang,no.married,single.detached.house,non.movers
929335,933,m,a65_69,ao_oesao,official_lang,work.no.official_lang,married,other.attached,non.movers
184632,933,m,a0_4,eo_weo_German,official_lang,work.no.official_lang,married,other.attached,non.movers
567962,933,m,a50_54,eo_seo_Portuguese,official_lang,work.official_lang,no.married,other.attached,non.movers
167008,933,f,a55_59,eo_fo,official_lang,work.no.official_lang,no.married,other.attached,non.movers
902196,933,m,a65_69,eo_fo,official_lang,work.no.official_lang,married,other.attached,non.movers
272185,933,m,a45_49,ao_esao_Chinese,official_lang,work.no.official_lang,married,other.attached,non.movers
176001,933,f,a75_79,ao_esao_Chinese,official_lang,work.no.official_lang,married,other.attached,non.movers
21756,933,m,a35_39,ao_oesao,official_lang,work.no.official_lang,married,other.attached,interprovincial.movers
95666,933,f,a45_49,eo_bio_English,official_lang,work.official_lang,divorced,other.attached,non.movers
530491,933,f,a40_44,ao_sao_ei,official_lang,work.official_lang,no.married,other.attached,non.movers
293955,933,m,a30_34,onao_Canadian,official_lang,work.official_lang,married,other.attached,nonmigrants.movers
115049,933,f,a0_4,onao_Canadian,official_lang,work.no.official_lang,no.married,other.attached,non.movers
684389,933,m,a30_34,ao_esao_Chinese,official_lang,work.official_lang,divorced,single.detached.house,non.movers
63342,933,f,a45_49,lcsao,no.official_lang,work.official_lang,no.married,other.attached,nonmigrants.movers
127504,933,m,a70_74,ao_esao_Chinese,official_lang,work.official_lang,no.married,other.attached,non.movers
517500,933,m,a20_24,ao_wcameo,official_lang,work.no.official_lang,married,other.attached,non.movers
8440,933,m,a15_19,eo_bio_Irish,official_lang,work.no.official_lang,married,other.attached,non.movers
677619,933,m,a0_4,eo_fo,official_lang,work.no.official_lang,no.married,other.attached,non.movers
672718,933,f,a0_4,eo_eeo_Hungarian,official_lang,work.official_lang,no.married,other.attached,non.movers
780978,933,m,a0_4,ao_esao_Chinese,official_lang,work.no.official_lang,living.common.law,other.attached,non.movers
45039,933,m,a65_69,ao_sao_ei,official_lang,work.official_lang,no.married,other.attached,non.movers
154716,933,f,a35_39,ao_oesao,official_lang,work.no.official_lang,married,other.attached,non.movers
196971,933,m,a45_49,onao_Canadian,no.official_lang,work.no.official_lang,no.married,other.attached,interprovincial.movers
22935,933,f,a45_49,ao_oesao,official_lang,work.no.official_lang,no.married,other.attached,non.movers
539783,933,m,a15_19,ao_oesao,official_lang,work.official_lang,married,other.attached,non.movers
526892,933,m,a50_54,ao_esao_Chinese,official_lang,work.official_lang,living.common.law,other.attached,non.movers
537834,933,f,a45_49,ao_esao_Chinese,official_lang,work.official_lang,married,other.attached,non.movers
799603,933,f,a35_39,ao_esao_Chinese,official_lang,work.official_lang,no.married,single.detached.house,non.movers
661600,933,f,a65_69,ao_esao_Chinese,official_lang,work.no.official_lang,no.married,other.attached,non.movers
448235,933,f,a40_44,onao_Canadian,official_lang,work.no.official_lang,no.married,other.attached,non.movers
29577,933,f,a25_29,ao_esao_Chinese,official_lang,work.official_lang,married,other.attached,non.movers
752088,933,f,a55_59,ao_wcameo,official_lang,work.official_lang,married,other.attached,other.movers
145341,933,f,a30_34,eo_weo_German,official_lang,work.official_lang,married,other.attached,non.movers
226045,933,m,a60_64,onao_Canadian,official_lang,work.official_lang,no.married,other.attached,non.movers
159229,933,f,a15_19,ao_esao_Chinese,official_lang,work.official_lang,no.married,other.attached,non.movers
524448,933,f,a50_54,onao_Canadian,official_lang,work.no.official_lang,no.married,other.attached,non.movers
872165,933,m,a0_4,lcsao,official_lang,work.no.official_lang,no.married,other.attached,non.movers
499544,933,f,a60_64,ao_esao_Chinese,official_lang,work.official_lang,no.married,other.attached,non.movers
313100,933,m,a20_24,eo_weo_Dutch,official_lang,work.official_lang,married,other.attached,non.movers
554704,933,m,a0_4,ao_oesao,official_lang,work.official_lang,married,other.attached,non.movers
284160,933,m,a40_44,onao_Canadian,official_lang,work.official_lang,no.married,other.attached,non.movers
506166,933,f,a35_39,ao_sao_ei,official_lang,work.official_lang,no.married,other.attached,non.movers
332066,933,m,a45_49,eo_neo,official_lang,work.no.official_lang,married,other.attached,non.movers
284624,933,m,a40_44,naao,official_lang,work.no.official_lang,divorced,other.attached,non.movers
821682,933,m,a25_29,onao_Canadian,official_lang,work.official_lang,married,other.attached,non.movers
124583,933,m,a20_24,eo_bio_English,official_lang,work.no.official_lang,no.married,other.attached,non.movers
477374,933,m,a40_44,onao_Canadian,official_lang,work.no.official_lang,married,other.attached,non.movers
283276,933,m,a60_64,eo_eeo_Ukrainian,official_lang,work.official_lang,married,other.attached,non.movers
239440,933,m,a45_49,naao,no.official_lang,work.official_lang,married,other.attached,non.movers
355445,933,f,a20_24,ao_oesao,no.official_lang,work.official_lang,no.married,other.attached,non.movers
736649,933,m,a30_34,eo_weo_German,official_lang,work.official_lang,married,other.attached,non.movers
160114,933,f,a40_44,eo_eeo_Ukrainian,official_lang,work.no.official_lang,no.married,other.attached,non.movers
356740,933,f,a55_59,ao_esao_Chinese,official_lang,work.no.official_lang,married,other.attached,non.movers
305575,933,m,a45_49,ao_esao_Chinese,official_lang,work.no.official_lang,no.married,other.attached,non.movers
577165,933,f,a25_29,ao_esao_Chinese,official_lang,work.no.official_lang,married,other.attached,non.movers
815365,933,m,a30_34,eo_bio_Scottish,official_lang,work.official_lang,married,single.detached.house,non.movers
593764,933,f,a65_69,eo_eeo_Polish,official_lang,work.no.official_lang,married,single.detached.house,non.movers
373794,933,m,a0_4,ao_esao_Chinese,official_lang,work.no.official_lang,married,single.detached.house,non.movers
297749,933,f,a65_69,eo_seo_Italian,official_lang,work.official_lang,no.married,other.attached,non.movers
366887,933,m,a0_4,onao_Canadian,official_lang,work.no.official_lang,married,other.attached,non.movers
365849,933,f,a10_14,ao_sao_ei,official_lang,work.no.official_lang,no.married,other.attached,interprovincial.movers
261241,933,f,a5_9,ao_esao_Chinese,official_lang,work.no.official_lang,married,other.attached,non.movers
83257,933,f,a40_44,ao_sao_ei,no.official_lang,work.official_lang,no.married,other.attached,non.movers
28899,933,m,a10_14,ao_esao_Chinese,official_lang,work.official_lang,married,other.attached,non.movers
119855,933,f,a35_39,ao_esao_Chinese,official_lang,work.official_lang,married,other.attached,non.movers
207905,933,m,a45_49,eo_neo,official_lang,work.no.official_lang,separated,other.attached,non.movers
562755,933,f,a40_44,eo_obio,official_lang,work.no.official_lang,no.married,single.detached.house,non.movers
766250,933,m,a40_44,ao,no.official_lang,work.official_lang,married,other.attached,non.movers
829682,933,m,a0_4,onao_Canadian,official_lang,work.no.official_lang,no.married,single.detached.house,non.movers
573956,933,m,a40_44,eo_bio_English,no.official_lang,work.official_lang,married,single.detached.house,non.movers
502322,933,m,a35_39,eo_bio_Irish,official_lang,work.no.official_lang,married,other.attached,non.movers
290028,933,m,a45_49,eo_eeo_Ukrainian,official_lang,work.official_lang,married,other.attached,non.movers
138354,933,m,a15_19,ao_esao_Chinese,official_lang,work.official_lang,widowed,other.attached,other.movers
101442,933,f,a15_19,ao_esao_Chinese,official_lang,work.no.official_lang,married,other.attached,non.movers
841201,933,f,a70_74,ao_esao_Chinese,official_lang,work.no.official_lang,no.married,other.attached,non.movers
77152,933,f,a35_39,eo_bio_Scottish,official_lang,work.no.official_lang,married,single.detached.house,non.movers
682796,933,m,a15_19,eo_fo,official_lang,work.official_lang,married,other.attached,non.movers
244362,933,f,a5_9,eo_weo_German,official_lang,work.official_lang,living.common.law,other.attached,non.movers
64027,933,m,a35_39,eo_bio_Irish,official_lang,work.official_lang,married,other.attached,non.movers
789437,933,f,a40_44,ao_esao_Chinese,official_lang,work.official_lang,no.married,other.attached,non.movers
832728,933,f,a55_59,eo_bio_Scottish,official_lang,work.official_lang,married,other.attached,non.movers
162304,933,m,a55_59,naao,official_lang,work.no.official_lang,no.married,other.attached,nonmigrants.movers
743375,933,m,a50_54,eo_seo_Italian,official_lang,work.no.official_lang,no.married,single.detached.house,non.movers
12154,933,f,a45_49,ao_esao_Chinese,official_lang,work.official_lang,married,other.attached,non.movers
627867,933,m,a55_59,ao_oesao,official_lang,work.no.official_lang,no.married,other.attached,non.movers
770395,933,f,a70_74,onao_Canadian,official_lang,work.official_lang,married,other.attached,non.movers
507660,933,m,a0_4,ao_esao_Chinese,official_lang,work.official_lang,no.married,other.attached,non.movers
537678,933,f,a0_4,eo_bio_Scottish,official_lang,work.no.official_lang,married,single.detached.house,non.movers
166050,933,f,a65_69,eo_neo,official_lang,work.no.official_lang,no.married,other.attached,non.movers
928454,933,m,a65_69,eo_obio,official_lang,work.no.official_lang,no.married,other.attached,non.movers
386994,933,m,a0_4,eo_bio_English,official_lang,work.no.official_lang,married,other.attached,non.movers
690364,933,m,a30_34,onao_Canadian,official_lang,work.official_lang,no.married,other.attached,non.movers
501637,933,m,a35_39,ao_esao_Chinese,official_lang,work.official_lang,married,other.attached,non.movers
675704,933,f,a10_14,eo_bio_English,official_lang,work.official_lang,married,other.attached,non.movers
739785,933,f,a50_54,eo_bio_Irish,official_lang,work.no.official_lang,no.married,other.attached,non.movers
52861,933,f,a20_24,eo_neo,official_lang,work.no.official_lang,no.married,other.attached,non.movers
776420,933,m,a25_29,eo_obio,official_lang,work.official_lang,married,other.attached,non.movers
17612,933,m,a40_44,ao_esao_Chinese,official_lang,work.no.official_lang,married,other.attached,non.movers
795542,933,m,a55_59,eo_bio_Irish,official_lang,work.no.official_lang,no.married,other.attached,non.movers
145028,933,m,a30_34,ao_esao_Chinese,no.official_lang,work.official_lang,widowed,other.attached,other.movers
742532,933,f,a50_54,ao_esao_Chinese,official_lang,work.no.official_lang,married,other.attached,non.movers
8607,933,m,a65_69,ao_esao_Chinese,official_lang,work.no.official_lang,married,other.attached,non.movers
748207,933,f,a0_4,ao_oesao,official_lang,work.official_lang,married,other.attached,non.movers
755360,933,f,a0_4,ao_oesao,official_lang,work.official_lang,married,other.attached,non.movers
820701,933,f,a60_64,onao_Canadian,official_lang,work.no.official_lang,married,other.attached,non.movers
398561,933,f,a15_19,eo_weo_German,official_lang,work.official_lang,no.married,other.attached,non.movers
337188,933,m,a55_59,ao_sao_ei,official_lang,work.no.official_lang,separated,other.attached,non.movers
572376,933,m,a20_24,ao_esao_Chinese,official_lang,work.official_lang,married,other.attached,non.movers
548983,933,f,a30_34,onao_Canadian,official_lang,work.official_lang,no.married,other.attached,nonmigrants.movers
457581,933,f,a45_49,eo_bio_Scottish,official_lang,work.official_lang,no.married,other.attached,non.movers
858445,933,m,a40_44,ao_sao_ei,official_lang,work.no.official_lang,no.married,other.attached,nonmigrants.movers
923749,933,m,a45_49,ao_osao,official_lang,work.official_lang,married,other.attached,non.movers
357152,933,m,a0_4,eo_seo_Spanish,official_lang,work.no.official_lang,married,other.attached,nonmigrants.movers
181851,933,m,a30_34,onao,official_lang,work.official_lang,no.married,other.attached,non.movers
861692,933,f,a10_14,ao_esao_Chinese,official_lang,work.no.official_lang,no.married,other.attached,non.movers
390854,933,f,a0_4,eo_seo_Italian,official_lang,work.no.official_lang,no.married,other.attached,non.movers
861152,933,m,a15_19,eo_bio_English,official_lang,work.official_lang,no.married,other.attached,non.movers
7531,933,f,a55_59,ao_sao_ei,no.official_lang,work.official_lang,married,other.attached,non.movers
652023,933,m,a5_9,eo_eeo_Ukrainian,no.official_lang,work.no.official_lang,married,other.attached,non.movers
748730,933,m,a35_39,ao_sao_ei,official_lang,work.no.official_lang,married,other.attached,non.movers
168103,933,m,a35_39,eo_fo,official_lang,work.official_lang,married,other.attached,non.movers
397503,933,f,a50_54,eo_bio_Irish,official_lang,work.official_lang,married,single.detached.house,non.movers
109136,933,f,a50_54,onao_Canadian,official_lang,work.no.official_lang,no.married,other.attached,non.movers
8141,933,f,a55_59,ao_oesao,official_lang,work.official_lang,married,other.attached,non.movers
114332,933,f,a10_14,eo_seo_Italian,official_lang,work.no.official_lang,married,other.attached,non.movers
201506,933,f,a15_19,ao_esao_Chinese,official_lang,work.no.official_lang,no.married,other.attached,nonmigrants.movers
544622,933,f,a0_4,onao_Canadian,official_lang,work.official_lang,married,other.attached,external.movers
845750,933,f,a70_74,eo_seo_Spanish,official_lang,work.no.official_lang,married,other.attached,non.movers
822109,933,f,a35_39,eo_bio_Irish,official_lang,work.official_lang,married,other.attached,non.movers
714390,933,m,a65_69,eo_fo,official_lang,work.no.official_lang,no.married,other.attached,non.movers
287096,933,f,a30_34,ao_sao_ei,official_lang,work.no.official_lang,no.married,other.attached,non.movers
217240,933,m,a45_49,ao_esao_Chinese,official_lang,work.no.official_lang,married,other.attached,non.movers
156173,933,m,a30_34,eo_neo,official_lang,work.official_lang,no.married,other.attached,non.movers
107523,933,m,a25_29,ao_esao_Chinese,official_lang,work.no.official_lang,no.married,other.attached,non.movers
171340,933,m,a35_39,eo_oseo,official_lang,work.no.official_lang,no.married,other.attached,external.movers
614815,933,m,a40_44,eo_obio,official_lang,work.no.official_lang,married,other.attached,interprovincial.movers
90711,933,f,a25_29,eo_weo_German,official_lang,work.no.official_lang,no.married,other.attached,non.movers
280292,933,m,a30_34,ao_wcameo,official_lang,work.no.official_lang,married,other.attached,non.movers
500763,933,f,a20_24,ao_oesao,no.official_lang,work.official_lang,divorced,other.attached,non.movers
522661,933,f,a45_49,eo_obio,official_lang,work.official_lang,married,other.attached,non.movers
751169,933,f,a15_19,ao_esao_Chinese,official_lang,work.official_lang,married,other.attached,non.movers
164204,933,f,a15_19,ao_esao_Chinese,official_lang,work.no.official_lang,married,other.attached,non.movers
877209,933,f,a40_44,eo_weo_German,official_lang,work.official_lang,married,other.attached,non.movers
878665,933,f,a60_64,eo_bio_Scottish,official_lang,work.official_lang,married,other.attached,non.movers
659450,933,f,a45_49,lcsao,official_lang,work.no.official_lang,no.married,other.attached,non.movers
850367,933,m,a40_44,ao_sao_ei,official_lang,work.official_lang,married,other.attached,non.movers
413445,933,f,a65_69,ao_esao_Chinese,official_lang,work.official_lang,no.married,other.attached,non.movers
714395,933,f,a30_34,eo_weo_German,official_lang,work.official_lang,married,other.attached,non.movers
214924,933,m,a15_19,eo_bio_English,official_lang,work.no.official_lang,separated,other.attached,nonmigrants.movers
123603,933,m,a50_54,ao_wcameo,no.official_lang,work.no.official_lang,no.married,other.attached,non.movers
627713,933,f,a60_64,onao_Canadian,no.official_lang,work.no.official_lang,married,other.attached,non.movers
281023,933,f,a60_64,ao_esao_Chinese,official_lang,work.official_lang,no.married,single.detached.house,non.movers
679865,933,f,a5_9,eo_bio_Irish,official_lang,work.no.official_lang,married,other.attached,non.movers
916702,933,m,a65_69,ao_esao_Chinese,official_lang,work.official_lang,married,other.attached,non.movers
575947,933,m,a0_4,ao_esao_Filipino,official_lang,work.official_lang,no.married,other.attached,non.movers
245715,933,m,a5_9,ao_sao_ei,official_lang,work.no.official_lang,married,single.detached.house,non.movers
581867,933,m,a25_29,ao_esao_Chinese,official_lang,work.no.official_lang,married,other.attached,non.movers
753477,933,m,a0_4,eo_obio,official_lang,work.no.official_lang,no.married,other.attached,non.movers
570527,933,f,a0_4,ao_esao_Chinese,official_lang,work.no.official_lang,no.married,other.attached,non.movers
132349,933,m,a75_79,eo_bio_English,official_lang,work.no.official_lang,married,other.attached,external.movers
343845,933,m,a55_59,eo_bio_Irish,official_lang,work.no.official_lang,married,other.attached,non.movers
133537,933,f,a55_59,ao_esao_Chinese,official_lang,work.official_lang,married,single.detached.house,non.movers
668126,933,m,a50_54,eo_bio_Scottish,official_lang,work.no.official_lang,no.married,other.attached,non.movers
202147,933,f,a50_54,eo_fo,official_lang,work.no.official_lang,married,other.attached,non.movers
915916,933,m,a40_44,ao_esao_Chinese,official_lang,work.official_lang,no.married,other.attached,non.movers
101317,933,f,a20_24,ao_esao_Chinese,official_lang,work.official_lang,married,other.attached,non.movers
17185,933,f,a35_39,eo_weo_German,official_lang,work.no.official_lang,married,other.attached,non.movers
116267,933,f,a40_44,ao_oesao,official_lang,work.no.official_lang,no.married,other.attached,non.movers
808320,933,m,a25_29,eo_bio_Scottish,official_lang,work.official_lang,married,other.attached,non.movers
426763,933,f,a35_39,onao_Canadian,official_lang,work.no.official_lang,married,other.attached,non.movers
629099,933,m,a50_54,eo_bio_English,official_lang,work.no.official_lang,married,other.attached,non.movers
380889,933,m,a35_39,onao_Canadian,official_lang,work.no.official_lang,married,other.attached,non.movers
373636,933,f,a40_44,lcsao,official_lang,work.no.official_lang,widowed,single.detached.house,non.movers
758365,933,m,a5_9,eo_fo,official_lang,work.no.official_lang,married,other.attached,non.movers
356537,933,f,a15_19,eo_bio_English,official_lang,work.official_lang,no.married,other.attached,non.movers
232795,933,f,a40_44,eo_bio_Scottish,official_lang,work.no.official_lang,no.married,other.attached,non.movers
386060,933,f,a60_64,eo_oeeo,official_lang,work.no.official_lang,married,other.attached,non.movers
581707,933,f,a50_54,eo_bio_Scottish,official_lang,work.no.official_lang,no.married,other.attached,non.movers
126685,933,m,a30_34,eo_bio_English,official_lang,work.no.official_lang,married,other.attached,non.movers
157707,933,m,a20_24,ao_oesao,official_lang,work.no.official_lang,married,single.detached.house,non.movers
918921,933,f,a40_44,eo_oweo,official_lang,work.official_lang,divorced,other.attached,external.movers
717223,933,f,a40_44,ao_esao_Chinese,official_lang,work.official_lang,married,other.attached,non.movers
569479,933,f,a30_34,ao_sao_ei,official_lang,work.official_lang,married,other.attached,non.movers
709944,933,m,a55_59,ao_esao_Chinese,official_lang,work.official_lang,no.married,other.attached,external.movers
66862,933,f,a15_19,onao_Canadian,official_lang,work.no.official_lang,no.married,other.attached,nonmigrants.movers
303109,933,f,a60_64,ao_esao_Chinese,official_lang,work.no.official_lang,no.married,single.detached.house,non.movers
616087,933,f,a15_19,ao_esao_Chinese,official_lang,work.official_lang,no.married,other.attached,non.movers
338077,933,f,a30_34,ao,official_lang,work.official_lang,no.married,other.attached,non.movers
528107,933,f,a0_4,ao_sao_ei,official_lang,work.official_lang,no.married,other.attached,non.movers
588250,933,m,a70_74,eo_bio_English,official_lang,work.official_lang,divorced,other.attached,other.movers
917060,933,f,a15_19,ao_esao_Chinese,official_lang,work.official_lang,no.married,other.attached,other.movers
667820,933,m,a30_34,eo_bio_English,official_lang,work.no.official_lang,no.married,other.attached,non.movers
430197,933,m,a35_39,eo_weo_German,official_lang,work.no.official_lang,no.married,other.attached,non.movers
86455,933,f,a55_59,ao,official_lang,work.no.official_lang,no.married,other.attached,non.movers
724814,933,m,a30_34,onao_Canadian,official_lang,work.official_lang,married,other.attached,non.movers
878072,933,m,a75_79,onao_Canadian,official_lang,work.official_lang,no.married,single.detached.house,non.movers
448044,933,f,a45_49,eo_bio_Scottish,official_lang,work.official_lang,married,other.attached,non.movers
902426,933,f,a55_59,eo_neo,official_lang,work.no.official_lang,no.married,other.attached,non.movers
191401,933,m,a0_4,ao_oesao,official_lang,work.no.official_lang,married,other.attached,non.movers
432530,933,f,a30_34,ao_esao_Chinese,official_lang,work.no.official_lang,no.married,single.detached.house,non.movers
47021,933,m,a80_84,ao_esao_Chinese,official_lang,work.official_lang,no.married,other.attached,non.movers
203133,933,m,a50_54,ao_oesao,official_lang,work.no.official_lang,divorced,other.attached,non.movers
834091,933,m,a10_14,ao_esao_Chinese,official_lang,work.official_lang,married,single.detached.house,non.movers
194553,933,m,a45_49,ao_oesao,official_lang,work.official_lang,married,other.attached,non.movers
70442,933,f,a35_39,eo_bio_English,official_lang,work.official_lang,no.married,other.attached,other.movers
396693,933,f,a5_9,eo_weo_German,official_lang,work.no.official_lang,married,other.attached,non.movers
197730,933,m,a0_4,eo_obio,official_lang,work.no.official_lang,no.married,other.attached,external.movers
721988,933,f,a0_4,eo_bio_English,official_lang,work.official_lang,no.married,other.attached,nonmigrants.movers
889472,933,m,a35_39,ao_esao_Chinese,official_lang,work.no.official_lang,married,single.detached.house,non.movers
202198,933,m,a40_44,onao_Canadian,official_lang,work.official_lang,living.common.law,other.attached,non.movers
829601,933,f,a5_9,ao_oesao,official_lang,work.no.official_lang,married,other.attached,non.movers
117998,933,f,a5_9,eo_bio_Scottish,official_lang,work.no.official_lang,divorced,single.detached.house,non.movers
735662,933,m,a40_44,eo_weo_German,official_lang,work.no.official_lang,married,other.attached,nonmigrants.movers
43637,933,m,a5_9,eo_bio_Irish,official_lang,work.no.official_lang,living.common.law,other.attached,nonmigrants.movers
857352,933,f,a65_69,eo_bio_English,official_lang,work.official_lang,living.common.law,other.attached,non.movers
122054,933,f,a30_34,onao_Canadian,official_lang,work.no.official_lang,no.married,other.attached,non.movers
732623,933,m,a50_54,ao_esao_Filipino,official_lang,work.no.official_lang,married,other.attached,non.movers
743226,933,f,a0_4,ao_sao_ei,official_lang,work.official_lang,no.married,other.attached,interprovincial.movers
298196,933,f,a60_64,ao,official_lang,work.official_lang,married,other.attached,nonmigrants.movers
112633,933,f,a35_39,ao_esao_Chinese,official_lang,work.no.official_lang,no.married,other.attached,non.movers
612298,933,f,a65_69,eo_weo_German,official_lang,work.official_lang,married,single.detached.house,non.movers
214654,933,m,a65_69,eo_bio_Scottish,official_lang,work.official_lang,no.married,other.attached,nonmigrants.movers
668754,933,f,a0_4,ao_esao_Chinese,official_lang,work.no.official_lang,living.common.law,single.detached.house,non.movers
290275,933,f,a25_29,eo_bio_English,no.official_lang,work.official_lang,married,other.attached,non.movers
907285,933,m,a75_79,eo_fo,official_lang,work.no.official_lang,divorced,other.attached,non.movers
711823,933,f,a40_44,eo_neo,no.official_lang,work.official_lang,no.married,other.attached,non.movers
180101,933,f,a5_9,eo_weo_German,official_lang,work.no.official_lang,married,other.attached,non.movers
887151,933,f,a50_54,ao_esao_Chinese,official_lang,work.official_lang,married,other.attached,non.movers
63228,933,f,a50_54,eo_bio_English,official_lang,work.no.official_lang,married,other.attached,non.movers
67684,933,m,a55_59,ao_osao,official_lang,work.official_lang,no.married,other.attached,non.movers
409304,933,f,a55_59,eo_eeo_Ukrainian,official_lang,work.no.official_lang,no.married,single.detached.house,non.movers
866268,933,m,a0_4,eo_eeo_Ukrainian,official_lang,work.official_lang,married,other.attached,non.movers
820059,933,f,a50_54,onao_Canadian,official_lang,work.no.official_lang,no.married,other.attached,non.movers
631882,933,f,a5_9,eo_bio_Scottish,official_lang,work.official_lang,no.married,other.attached,non.movers
568428,933,f,a5_9,naao,official_lang,work.no.official_lang,no.married,single.detached.house,non.movers
159198,933,m,a55_59,ao_oesao,official_lang,work.no.official_lang,married,other.attached,external.movers
81771,933,f,a40_44,onao_Canadian,official_lang,work.no.official_lang,married,single.detached.house,non.movers
523922,933,m,a15_19,ao_esao_Chinese,official_lang,work.official_lang,married,single.detached.house,non.movers
923225,933,f,a65_69,eo_fo,official_lang,work.no.official_lang,no.married,other.attached,non.movers
331889,933,f,a5_9,eo_neo,official_lang,work.no.official_lang,no.married,other.attached,non.movers
276144,933,m,a45_49,ao_oesao,official_lang,work.official_lang,married,other.attached,non.movers
407248,933,f,a45_49,ao_esao_Chinese,official_lang,work.official_lang,married,other.attached,non.movers
337897,933,m,a0_4,onao_Canadian,official_lang,work.no.official_lang,married,other.attached,non.movers
542708,933,f,a60_64,ao_esao_Chinese,official_lang,work.official_lang,no.married,single.detached.house,non.movers
184257,933,f,a25_29,ao_esao_Chinese,official_lang,work.no.official_lang,no.married,other.attached,non.movers
661330,933,m,a50_54,ao_esao_Chinese,no.official_lang,work.no.official_lang,no.married,other.attached,non.movers
486537,933,m,a5_9,ao_esao_Chinese,official_lang,work.official_lang,married,other.attached,other.movers
238696,933,f,a30_34,ao_esao_Chinese,official_lang,work.official_lang,married,other.attached,non.movers
391556,933,f,a70_74,ao_esao_Chinese,official_lang,work.no.official_lang,no.married,other.attached,non.movers
666579,933,f,a50_54,eo_bio_Irish,official_lang,work.official_lang,no.married,other.attached,nonmigrants.movers
212101,933,m,a50_54,eo_neo,official_lang,work.no.official_lang,no.married,single.detached.house,non.movers
333554,933,f,a45_49,ao_esao_Chinese,official_lang,work.no.official_lang,no.married,other.attached,non.movers
742135,933,f,a75_79,eo_fo,official_lang,work.official_lang,married,other.attached,interprovincial.movers
76942,933,m,a25_29,ao_esao_Chinese,official_lang,work.no.official_lang,married,other.attached,non.movers
928199,933,m,a0_4,onao_Canadian,official_lang,work.official_lang,married,other.attached,non.movers
115944,933,m,a0_4,eo_seo_Portuguese,official_lang,work.no.official_lang,married,other.attached,other.movers
540118,933,m,a25_29,ao_esao_Chinese,official_lang,work.no.official_lang,married,other.attached,non.movers
94192,933,m,a10_14,ao_esao_Chinese,no.official_lang,work.no.official_lang,no.married,other.attached,external.movers
625695,933,f,a55_59,ao_esao_Chinese,official_lang,work.official_lang,no.married,single.detached.house,non.movers
576543,933,m,a55_59,ao_esao_Chinese,official_lang,work.official_lang,married,other.attached,non.movers
447165,933,f,a35_39,eo_weo_German,official_lang,work.official_lang,no.married,other.attached,non.movers
202669,933,m,a30_34,eo_bio_Irish,official_lang,work.no.official_lang,no.married,other.attached,non.movers
917783,933,m,a30_34,eo_eeo_Ukrainian,official_lang,work.no.official_lang,no.married,other.attached,external.movers
194039,933,m,a70_74,eo_bio_English,official_lang,work.official_lang,married,other.attached,non.movers
377069,933,f,a0_4,eo_bio_English,official_lang,work.no.official_lang,married,other.attached,non.movers
726956,933,m,a45_49,ao_esao_Chinese,official_lang,work.official_lang,married,other.attached,non.movers
385829,933,f,a35_39,ao_esao_Chinese,no.official_lang,work.no.official_lang,married,other.attached,non.movers
413986,933,m,a35_39,onao_Canadian,official_lang,work.no.official_lang,married,other.attached,non.movers
478037,933,f,a0_4,ao_esao_Chinese,official_lang,work.official_lang,separated,single.detached.house,non.movers
882791,933,f,a55_59,ao_esao_Chinese,official_lang,work.no.official_lang,no.married,other.attached,non.movers
611693,933,f,a5_9,eo_bio_Irish,official_lang,work.official_lang,married,other.attached,nonmigrants.movers
436073,933,f,a10_14,onao_Canadian,official_lang,work.no.official_lang,no.married,other.attached,non.movers
594490,933,f,a20_24,eo_weo_German,official_lang,work.official_lang,no.married,other.attached,non.movers
687289,933,m,a10_14,ao_esao_Chinese,official_lang,work.no.official_lang,divorced,other.attached,non.movers
416610,933,f,a0_4,eo_bio_Scottish,official_lang,work.official_lang,separated,other.attached,non.movers
908107,933,m,a55_59,ao_sao_ei,official_lang,work.no.official_lang,living.common.law,other.attached,non.movers
793837,933,f,a45_49,ao_esao_Chinese,official_lang,work.no.official_lang,no.married,other.attached,nonmigrants.movers
217604,933,f,a35_39,ao_esao_Chinese,official_lang,work.no.official_lang,no.married,other.attached,non.movers
337117,933,m,a0_4,ao_sao_ei,official_lang,work.no.official_lang,no.married,other.attached,non.movers
378781,933,f,a45_49,eo_bio_English,official_lang,work.no.official_lang,no.married,other.attached,other.movers
408038,933,f,a0_4,eo_fo,official_lang,work.official_lang,married,other.attached,non.movers
307179,933,f,a45_49,eo_bio_Scottish,official_lang,work.official_lang,divorced,other.attached,non.movers
453732,933,m,a25_29,eo_seo_Portuguese,official_lang,work.no.official_lang,no.married,other.attached,external.movers
279870,933,m,a5_9,eo_seo_Greek,official_lang,work.no.official_lang,married,other.attached,non.movers
870560,933,m,a45_49,ao_esao_Chinese,official_lang,work.no.official_lang,living.common.law,other.attached,non.movers
504110,933,m,a5_9,eo_eeo_Polish,official_lang,work.official_lang,married,other.attached,non.movers
501093,933,m,a55_59,ao_esao_Chinese,official_lang,work.no.official_lang,married,other.attached,non.movers
31573,933,f,a35_39,ao_esao_Chinese,official_lang,work.official_lang,divorced,other.attached,nonmigrants.movers
709721,933,m,a75_79,eo_bio_English,official_lang,work.no.official_lang,no.married,other.attached,other.movers
117424,933,m,a40_44,eo_fo,official_lang,work.no.official_lang,married,other.attached,non.movers
295904,933,m,a40_44,eo_bio_Scottish,official_lang,work.no.official_lang,no.married,other.attached,non.movers
453403,933,m,a10_14,onao_Canadian,official_lang,work.official_lang,married,other.attached,non.movers
1297,933,f,a35_39,onao_Canadian,official_lang,work.no.official_lang,no.married,single.detached.house,non.movers
667742,933,m,a10_14,ao_sao_ei,official_lang,work.official_lang,married,other.attached,non.movers
385809,933,f,a65_69,eo_bio_English,official_lang,work.no.official_lang,married,single.detached.house,non.movers
928299,933,m,a5_9,eo_seo_Italian,official_lang,work.no.official_lang,married,single.detached.house,non.movers
556385,933,m,a35_39,ao_osao,official_lang,work.no.official_lang,no.married,other.attached,non.movers
122448,933,f,a15_19,ao_oesao,official_lang,work.official_lang,divorced,other.attached,non.movers
22235,933,f,a15_19,ao_esao_Chinese,official_lang,work.official_lang,no.married,other.attached,non.movers
826964,933,m,a55_59,eo_weo_German,official_lang,work.no.official_lang,married,other.attached,non.movers
137346,933,m,a75_79,eo_oweo,official_lang,work.official_lang,married,other.attached,non.movers
30849,933,f,a50_54,eo_weo_German,official_lang,work.official_lang,married,other.attached,non.movers
565148,933,m,a20_24,eo_eeo_Polish,official_lang,work.official_lang,living.common.law,other.attached,nonmigrants.movers
724361,933,m,a60_64,eo_weo_Dutch,official_lang,work.no.official_lang,married,other.attached,non.movers
420726,933,m,a45_49,onao_Canadian,official_lang,work.official_lang,no.married,other.attached,non.movers
733049,933,m,a30_34,ao_sao_ei,official_lang,work.no.official_lang,married,other.attached,non.movers
635491,933,f,a40_44,ao_esao_Chinese,official_lang,work.official_lang,married,other.attached,non.movers
140229,933,f,a20_24,ao_esao_Chinese,official_lang,work.no.official_lang,married,other.attached,non.movers
57667,933,m,a50_54,ao_esao_Chinese,no.official_lang,work.no.official_lang,no.married,other.attached,non.movers
644259,933,m,a20_24,eo_eeo_Ukrainian,official_lang,work.no.official_lang,married,single.detached.house,non.movers
187538,933,f,a5_9,eo_bio_English,official_lang,work.official_lang,no.married,other.attached,non.movers
701162,933,m,a0_4,eo_neo,official_lang,work.official_lang,no.married,other.attached,non.movers
413694,933,m,a45_49,ao_sao_ei,official_lang,work.official_lang,married,other.attached,non.movers
518881,933,f,a10_14,eo_oseo,official_lang,work.official_lang,married,other.attached,non.movers
413021,933,m,a50_54,eo_neo,official_lang,work.official_lang,no.married,other.attached,non.movers
806034,933,f,a70_74,lcsao,official_lang,work.no.official_lang,no.married,other.attached,non.movers
548246,933,f,a55_59,ao_oesao,official_lang,work.no.official_lang,married,other.attached,non.movers
865045,933,f,a0_4,eo_oweo,official_lang,work.official_lang,no.married,other.attached,non.movers
6720,933,m,a25_29,naao,official_lang,work.official_lang,no.married,other.attached,non.movers
801156,933,m,a30_34,eo_weo_Dutch,official_lang,work.no.official_lang,no.married,other.attached,non.movers
19727,933,f,a20_24,onao_Canadian,official_lang,work.official_lang,no.married,other.attached,non.movers
461971,933,m,a55_59,ao_oesao,official_lang,work.no.official_lang,living.common.law,other.attached,non.movers
410428,933,f,a50_54,ao_sao_ei,official_lang,work.official_lang,no.married,other.attached,non.movers
301118,933,m,a25_29,eo_bio_English,official_lang,work.no.official_lang,living.common.law,other.attached,non.movers
562430,933,f,a0_4,eo_bio_Scottish,official_lang,work.official_lang,no.married,other.attached,non.movers
23170,933,m,a30_34,onao_Canadian,official_lang,work.no.official_lang,married,single.detached.house,non.movers
163641,933,m,a0_4,ao_esao_Chinese,official_lang,work.official_lang,no.married,other.attached,non.movers
248677,933,f,a45_49,eo_weo_German,official_lang,work.no.official_lang,married,other.attached,non.movers
396742,933,f,a40_44,ao_esao_Chinese,official_lang,work.official_lang,no.married,single.detached.house,non.movers
119345,933,f,a10_14,ao_esao_Chinese,official_lang,work.official_lang,married,other.attached,nonmigrants.movers
755963,933,m,a30_34,ao_sao_ei,official_lang,work.no.official_lang,no.married,single.detached.house,non.movers
516906,933,f,a25_29,ao_oesao,official_lang,work.no.official_lang,no.married,other.attached,other.movers
26463,933,f,a35_39,eo_bio_English,official_lang,work.official_lang,married,other.attached,non.movers
913779,933,f,a45_49,onao,official_lang,work.official_lang,divorced,other.attached,nonmigrants.movers
231399,933,m,a55_59,ao_esao_Chinese,official_lang,work.no.official_lang,living.common.law,other.attached,non.movers
276562,933,f,a45_49,lcsao,official_lang,work.official_lang,no.married,other.attached,non.movers
853106,933,f,a65_69,ao_oesao,official_lang,work.official_lang,married,other.attached,non.movers
206165,933,f,a25_29,ao_esao_Chinese,official_lang,work.official_lang,no.married,other.attached,non.movers
563495,933,f,a50_54,eo_seo_Greek,official_lang,work.official_lang,living.common.law,other.attached,nonmigrants.movers
296194,933,f,a65_69,ao_esao_Chinese,official_lang,work.official_lang,married,other.attached,external.movers
676132,933,f,a55_59,ao_esao_Chinese,official_lang,work.no.official_lang,married,other.attached,non.movers
389659,933,m,a60_64,eo_eeo_Polish,official_lang,work.no.official_lang,no.married,single.detached.house,non.movers
928364,933,f,a40_44,onao_Canadian,official_lang,work.no.official_lang,married,other.attached,non.movers
837464,933,m,a0_4,eo_obio,official_lang,work.official_lang,married,other.attached,non.movers
269930,933,f,a70_74,ao_oesao,official_lang,work.official_lang,no.married,other.attached,non.movers
919397,933,f,a45_49,eo_bio_Irish,no.official_lang,work.official_lang,married,other.attached,non.movers
329693,933,m,a50_54,eo_bio_Irish,official_lang,work.no.official_lang,no.married,other.attached,non.movers
340185,933,m,a30_34,ao_oesao,official_lang,work.official_lang,no.married,other.attached,non.movers
478272,933,f,a5_9,ao_esao_Filipino,official_lang,work.official_lang,no.married,other.attached,non.movers
468730,933,f,a60_64,eo_weo_Dutch,official_lang,work.official_lang,no.married,other.attached,non.movers
570361,933,f,a50_54,eo_oweo,official_lang,work.no.official_lang,no.married,other.attached,non.movers
829030,933,f,a40_44,onao_Canadian,official_lang,work.official_lang,no.married,other.attached,non.movers
741122,933,f,a40_44,ao_sao_ei,official_lang,work.no.official_lang,no.married,other.attached,non.movers
571791,933,f,a20_24,ao_esao_Chinese,official_lang,work.no.official_lang,married,other.attached,non.movers
24426,933,m,a50_54,eo_weo_German,official_lang,work.official_lang,married,other.attached,non.movers
917682,933,m,a10_14,eo_weo_German,official_lang,work.official_lang,no.married,other.attached,non.movers
797260,933,m,a45_49,eo_seo_Greek,official_lang,work.official_lang,no.married,other.attached,other.movers
325306,933,m,a40_44,eo_weo_German,official_lang,work.no.official_lang,divorced,other.attached,non.movers
332446,933,m,a20_24,ao_esao_Chinese,official_lang,work.official_lang,no.married,other.attached,non.movers
599881,933,m,a10_14,ao_esao_Chinese,official_lang,work.official_lang,widowed,other.attached,external.movers
151679,933,f,a5_9,ao_esao_Chinese,official_lang,work.no.official_lang,living.common.law,other.attached,non.movers
168673,933,m,a35_39,eo_neo,official_lang,work.no.official_lang,married,other.attached,non.movers
242731,933,m,a40_44,eo_bio_Scottish,official_lang,work.official_lang,divorced,other.attached,non.movers
645795,933,m,a60_64,ao_esao_Chinese,official_lang,work.no.official_lang,divorced,other.attached,non.movers
890854,933,m,a15_19,ao_sao_ei,official_lang,work.official_lang,married,other.attached,non.movers
479609,933,f,a45_49,ao_sao_ei,official_lang,work.official_lang,no.married,other.attached,non.movers
697083,933,m,a0_4,eo_fo,official_lang,work.no.official_lang,no.married,other.attached,non.movers
112861,933,m,a35_39,onao_Canadian,official_lang,work.official_lang,married,other.attached,non.movers
9865,933,f,a45_49,onao_Canadian,official_lang,work.no.official_lang,no.married,other.attached,non.movers
642262,933,f,a50_54,onao_Canadian,official_lang,work.no.official_lang,living.common.law,other.attached,non.movers
248491,933,m,a30_34,eo_obio,official_lang,work.official_lang,married,single.detached.house,non.movers
418261,933,m,a15_19,lcsao,official_lang,work.official_lang,married,other.attached,non.movers
707408,933,f,a5_9,ao_esao_Chinese,official_lang,work.official_lang,divorced,other.attached,non.movers
630057,933,m,a45_49,ao_osao,official_lang,work.official_lang,married,other.attached,non.movers
130792,933,m,a70_74,eo_fo,official_lang,work.official_lang,separated,other.attached,non.movers
177588,933,f,a55_59,eo_seo_Italian,official_lang,work.official_lang,married,other.attached,non.movers
849128,933,m,a55_59,eo_bio_English,official_lang,work.no.official_lang,married,other.attached,non.movers
68655,933,m,a55_59,onao_Canadian,official_lang,work.no.official_lang,married,other.attached,non.movers
407973,933,m,a50_54,ao_oesao,official_lang,work.official_lang,married,other.attached,non.movers
341963,933,f,a60_64,eo_oweo,official_lang,work.official_lang,no.married,other.attached,non.movers
346850,933,f,a40_44,eo_weo_German,official_lang,work.official_lang,no.married,other.attached,nonmigrants.movers
43061,933,m,a30_34,ao_sao_ei,official_lang,work.no.official_lang,married,other.attached,non.movers
451661,933,f,a35_39,ao_oesao,official_lang,work.no.official_lang,no.married,other.attached,non.movers
737041,933,f,a30_34,onao_Canadian,official_lang,work.official_lang,no.married,other.attached,non.movers
486867,933,f,a55_59,ao_esao_Chinese,no.official_lang,work.no.official_lang,married,single.detached.house,non.movers
329627,933,f,a25_29,eo_bio_English,official_lang,work.official_lang,no.married,other.attached,non.movers
376551,933,m,a50_54,ao_esao_Chinese,official_lang,work.no.official_lang,married,single.detached.house,non.movers
724364,933,f,a40_44,ao_sao_ei,official_lang,work.no.official_lang,married,other.attached,non.movers
363187,933,m,a5_9,eo_weo_German,official_lang,work.no.official_lang,living.common.law,other.attached,nonmigrants.movers
272682,933,f,a50_54,eo_neo,official_lang,work.no.official_lang,no.married,single.detached.house,non.movers
299252,933,m,a5_9,ao,official_lang,work.no.official_lang,no.married,other.attached,nonmigrants.movers
189679,933,f,a45_49,ao_esao_Chinese,official_lang,work.official_lang,married,other.attached,non.movers
915408,933,m,a25_29,ao_esao_Filipino,official_lang,work.no.official_lang,no.married,single.detached.house,non.movers
89335,933,m,a25_29,ao_esao_Chinese,official_lang,work.official_lang,married,single.detached.house,non.movers
626893,933,m,a60_64,ao_esao_Filipino,official_lang,work.no.official_lang,no.married,other.attached,non.movers
750665,933,f,a40_44,ao_oesao,official_lang,work.official_lang,no.married,other.attached,non.movers
765442,933,f,a35_39,ao_esao_Chinese,official_lang,work.no.official_lang,divorced,other.attached,non.movers
898292,933,f,a70_74,eo_bio_English,official_lang,work.official_lang,living.common.law,other.attached,non.movers
250404,933,m,a25_29,ao_esao_Chinese,official_lang,work.official_lang,married,other.attached,nonmigrants.movers
355715,933,m,a60_64,ao_sao_ei,official_lang,work.official_lang,married,other.attached,non.movers
658038,933,m,a35_39,lcsao,official_lang,work.no.official_lang,no.married,other.attached,non.movers
325565,933,m,a55_59,onao_Canadian,official_lang,work.no.official_lang,married,single.detached.house,non.movers
690371,933,m,a40_44,ao_sao_ei,official_lang,work.official_lang,married,single.detached.house,non.movers
388922,933,m,a65_69,ao_oesao,official_lang,work.no.official_lang,living.common.law,other.attached,non.movers
86307,933,m,a25_29,eo_neo,official_lang,work.no.official_lang,married,other.attached,non.movers
738069,933,f,a0_4,onao_Canadian,no.official_lang,work.official_lang,married,other.attached,non.movers
505219,933,f,a10_14,ao_esao_Chinese,official_lang,work.official_lang,divorced,other.attached,nonmigrants.movers
694162,933,f,a45_49,onao_Canadian,official_lang,work.no.official_lang,married,other.attached,non.movers
144997,933,m,a40_44,ao_esao_Chinese,official_lang,work.official_lang,no.married,other.attached,non.movers
315992,933,m,a45_49,ao_esao_Chinese,no.official_lang,work.official_lang,married,other.attached,non.movers
674320,933,f,a30_34,eo_bio_Irish,official_lang,work.no.official_lang,married,other.attached,non.movers
210844,933,m,a65_69,eo_neo,no.official_lang,work.official_lang,no.married,other.attached,non.movers
173356,933,m,a60_64,ao,official_lang,work.no.official_lang,no.married,other.attached,external.movers
638790,933,m,a40_44,onao_Canadian,official_lang,work.official_lang,married,other.attached,non.movers
833441,933,m,a30_34,ao_esao_Chinese,official_lang,work.official_lang,no.married,single.detached.house,non.movers
189024,933,m,a10_14,eo_weo_Dutch,official_lang,work.official_lang,no.married,other.attached,non.movers
365419,933,f,a55_59,eo_bio_Irish,official_lang,work.no.official_lang,no.married,other.attached,non.movers
523866,933,m,a60_64,ao_esao_Chinese,official_lang,work.official_lang,married,other.attached,non.movers
580880,933,m,a55_59,eo_weo_Dutch,official_lang,work.no.official_lang,married,other.attached,non.movers
222247,933,f,a50_54,eo_bio_English,official_lang,work.official_lang,no.married,single.detached.house,non.movers
275668,933,f,a20_24,ao_esao_Chinese,official_lang,work.no.official_lang,no.married,other.attached,non.movers
212951,933,m,a60_64,eo_oweo,official_lang,work.official_lang,no.married,other.attached,nonmigrants.movers
882505,933,m,a45_49,onao_Canadian,official_lang,work.no.official_lang,no.married,other.attached,other.movers
368407,933,f,a0_4,eo_obio,official_lang,work.official_lang,married,other.attached,nonmigrants.movers
570929,933,m,a15_19,ao_sao_ei,official_lang,work.official_lang,married,single.detached.house,non.movers
439807,933,f,a25_29,eo_bio_English,official_lang,work.official_lang,no.married,other.attached,non.movers
540645,933,m,a50_54,onao_Canadian,official_lang,work.no.official_lang,married,other.attached,interprovincial.movers
392002,933,m,a40_44,ao,official_lang,work.official_lang,married,other.attached,non.movers
748449,933,f,a10_14,ao_sao_ei,official_lang,work.official_lang,married,other.attached,non.movers
107824,933,f,a60_64,ao_esao_Chinese,official_lang,work.official_lang,no.married,other.attached,nonmigrants.movers
687254,933,m,a40_44,ao_esao_Chinese,official_lang,work.official_lang,married,other.attached,non.movers
314199,933,f,a55_59,ao_esao_Chinese,official_lang,work.no.official_lang,married,single.detached.house,non.movers
642998,933,m,a10_14,eo_weo_Dutch,official_lang,work.no.official_lang,married,single.detached.house,non.movers
6170,933,m,a45_49,eo_obio,official_lang,work.official_lang,no.married,other.attached,non.movers
552306,933,m,a25_29,ao_wcameo,official_lang,work.no.official_lang,married,single.detached.house,non.movers
820850,933,f,a5_9,onao_Canadian,official_lang,work.official_lang,married,other.attached,external.movers
589028,933,f,a45_49,eo_bio_English,official_lang,work.official_lang,married,other.attached,non.movers
541781,933,f,a50_54,eo_bio_Scottish,official_lang,work.official_lang,married,other.attached,non.movers
132956,933,m,a60_64,eo_bio_English,official_lang,work.official_lang,married,other.attached,non.movers
732801,933,m,a5_9,oco,official_lang,work.official_lang,married,other.attached,nonmigrants.movers
827903,933,m,a80_84,eo_seo_Italian,official_lang,work.official_lang,married,other.attached,external.movers
878344,933,f,a60_64,ao_sao_ei,no.official_lang,work.no.official_lang,no.married,other.attached,non.movers
794535,933,f,a45_49,ao_esao_Chinese,official_lang,work.official_lang,married,other.attached,non.movers
531723,933,m,a5_9,ao_esao_Chinese,official_lang,work.no.official_lang,married,other.attached,non.movers
164587,933,f,a55_59,ao_esao_Filipino,official_lang,work.no.official_lang,no.married,single.detached.house,non.movers
304578,933,f,a25_29,onao_Canadian,official_lang,work.no.official_lang,no.married,other.attached,non.movers
196311,933,m,a5_9,eo_eeo_Ukrainian,official_lang,work.official_lang,married,single.detached.house,non.movers
144431,933,m,a25_29,eo_fo,official_lang,work.no.official_lang,living.common.law,other.attached,non.movers
863676,933,f,a5_9,eo_weo_German,official_lang,work.official_lang,no.married,other.attached,non.movers
910084,933,f,a30_34,eo_bio_Scottish,official_lang,work.no.official_lang,married,single.detached.house,non.movers
696530,933,f,a45_49,ao_esao_Chinese,official_lang,work.official_lang,no.married,other.attached,non.movers
24507,933,m,a45_49,onao_Canadian,official_lang,work.official_lang,married,other.attached,non.movers
730925,933,f,a25_29,eo_bio_English,official_lang,work.official_lang,married,other.attached,non.movers
745343,933,f,a55_59,naao,official_lang,work.official_lang,married,other.attached,non.movers
81051,933,m,a70_74,eo_bio_Irish,official_lang,work.no.official_lang,no.married,other.attached,non.movers
235575,933,m,a20_24,ao_esao_Chinese,official_lang,work.official_lang,married,other.attached,non.movers
874955,933,m,a20_24,onao_Canadian,official_lang,work.no.official_lang,divorced,other.attached,non.movers
752154,933,m,a50_54,ao_sao_ei,official_lang,work.official_lang,married,single.detached.house,non.movers
242649,933,m,a75_79,eo_fo,official_lang,work.official_lang,married,other.attached,nonmigrants.movers
358784,933,f,a0_4,onao_Canadian,official_lang,work.official_lang,no.married,single.detached.house,non.movers
655328,933,m,a5_9,eo_bio_English,no.official_lang,work.official_lang,no.married,other.attached,non.movers
423833,933,m,a55_59,eo_bio_English,official_lang,work.official_lang,no.married,other.attached,non.movers
402029,933,f,a50_54,eo_fo,official_lang,work.official_lang,married,other.attached,non.movers
796605,933,f,a15_19,eo_seo_Greek,official_lang,work.no.official_lang,widowed,other.attached,non.movers
618329,933,f,a45_49,eo_bio_English,official_lang,work.no.official_lang,no.married,other.attached,non.movers
847348,933,f,a15_19,ao_oesao,official_lang,work.official_lang,married,other.attached,other.movers
531002,933,f,a35_39,eo_eeo_Ukrainian,official_lang,work.no.official_lang,married,single.detached.house,non.movers
468298,933,m,a60_64,eo_eeo_Russian,official_lang,work.no.official_lang,separated,other.attached,non.movers
155904,933,m,a55_59,co_Jamaican,official_lang,work.official_lang,married,other.attached,non.movers
351364,933,m,a0_4,onao_Canadian,no.official_lang,work.official_lang,married,other.attached,non.movers
100961,933,f,a40_44,eo_obio,official_lang,work.official_lang,married,single.detached.house,non.movers
874570,933,f,a75_79,eo_eeo_Hungarian,official_lang,work.no.official_lang,married,other.attached,non.movers
548292,933,m,a40_44,eo_weo_Dutch,official_lang,work.official_lang,married,other.attached,non.movers
870351,933,f,a15_19,ao_sao_ei,official_lang,work.no.official_lang,no.married,other.attached,non.movers
221022,933,m,a15_19,eo_oeeo,official_lang,work.official_lang,married,other.attached,non.movers
87612,933,f,a0_4,ao_sao_ei,official_lang,work.official_lang,no.married,single.detached.house,non.movers
449378,933,m,a15_19,eo_weo_German,official_lang,work.official_lang,married,other.attached,external.movers
579490,933,m,a0_4,onao_Canadian,official_lang,work.no.official_lang,no.married,other.attached,non.movers
446494,933,m,a15_19,eo_bio_Scottish,official_lang,work.official_lang,married,other.attached,non.movers
405600,933,m,a40_44,eo_weo_German,official_lang,work.official_lang,living.common.law,other.attached,non.movers
650259,933,m,a35_39,ao_oesao,official_lang,work.official_lang,married,other.attached,non.movers
769305,933,f,a65_69,naao,official_lang,work.official_lang,married,other.attached,non.movers
237231,933,m,a5_9,eo_bio_English,official_lang,work.no.official_lang,divorced,other.attached,other.movers
268530,933,f,a45_49,eo_weo_German,no.official_lang,work.official_lang,no.married,other.attached,non.movers
854722,933,f,a0_4,ao_esao_Chinese,official_lang,work.no.official_lang,married,other.attached,non.movers
9411,933,f,a35_39,eo_fo,official_lang,work.no.official_lang,married,other.attached,non.movers
366661,933,m,a45_49,ao_oesao,official_lang,work.no.official_lang,no.married,other.attached,non.movers
391629,933,m,a40_44,eo_eeo_Ukrainian,official_lang,work.official_lang,no.married,other.attached,non.movers
841106,933,m,a50_54,ao_esao_Chinese,official_lang,work.no.official_lang,no.married,other.attached,external.movers
507419,933,m,a35_39,ao_sao_ei,official_lang,work.official_lang,married,other.attached,nonmigrants.movers
179627,933,f,a45_49,ao_oesao,official_lang,work.no.official_lang,married,other.attached,non.movers
426075,933,f,a75_79,ao_esao_Chinese,official_lang,work.no.official_lang,married,other.attached,non.movers
240415,933,f,a15_19,eo_neo,official_lang,work.no.official_lang,married,other.attached,non.movers
752682,933,m,a40_44,eo_eeo_Ukrainian,official_lang,work.no.official_lang,married,other.attached,non.movers
428137,933,f,a65_69,ao_esao_Chinese,official_lang,work.no.official_lang,no.married,other.attached,non.movers
904723,933,f,a45_49,onao_Canadian,official_lang,work.official_lang,no.married,other.attached,non.movers
569767,933,f,a10_14,ao_oesao,no.official_lang,work.official_lang,no.married,other.attached,non.movers
819450,933,m,a30_34,eo_weo_German,official_lang,work.no.official_lang,married,other.attached,non.movers
12257,933,m,a10_14,eo_bio_Irish,official_lang,work.official_lang,no.married,other.attached,non.movers
62452,933,m,a5_9,eo_fo,official_lang,work.no.official_lang,married,other.attached,interprovincial.movers
479712,933,m,a15_19,ao_esao_Chinese,official_lang,work.no.official_lang,living.common.law,other.attached,non.movers
358163,933,m,a25_29,eo_neo,official_lang,work.official_lang,married,other.attached,non.movers
604905,933,m,a30_34,ao_esao_Chinese,official_lang,work.official_lang,no.married,other.attached,non.movers
528608,933,f,a0_4,onao_Canadian,official_lang,work.no.official_lang,married,single.detached.house,non.movers
374552,933,m,a15_19,eo_eeo_Ukrainian,official_lang,work.official_lang,married,single.detached.house,non.movers
316845,933,m,a45_49,eo_weo_German,official_lang,work.no.official_lang,widowed,single.detached.house,non.movers
443974,933,f,a20_24,eo_weo_German,official_lang,work.official_lang,married,other.attached,non.movers
467431,933,m,a25_29,eo_weo_Dutch,official_lang,work.official_lang,married,other.attached,non.movers
373022,933,f,a55_59,onao,official_lang,work.no.official_lang,married,other.attached,non.movers
515890,933,f,a15_19,ao_esao_Filipino,official_lang,work.no.official_lang,married,other.attached,non.movers
334106,933,f,a70_74,eo_bio_Scottish,official_lang,work.official_lang,married,other.attached,non.movers
44518,933,f,a20_24,onao_Canadian,official_lang,work.official_lang,married,other.attached,non.movers
786678,933,f,a0_4,eo_eeo_Polish,official_lang,work.official_lang,no.married,other.attached,non.movers
631471,933,f,a0_4,ao_sao_ei,official_lang,work.no.official_lang,no.married,other.attached,non.movers
241930,933,m,a50_54,ao_esao_Chinese,official_lang,work.official_lang,no.married,other.attached,non.movers
909273,933,m,a45_49,eo_bio_English,official_lang,work.no.official_lang,no.married,single.detached.house,non.movers
540491,933,m,a50_54,eo_neo,official_lang,work.official_lang,no.married,other.attached,non.movers
552032,933,f,a0_4,ao_esao_Chinese,official_lang,work.official_lang,no.married,single.detached.house,non.movers
660920,933,m,a50_54,eo_seo_Greek,official_lang,work.no.official_lang,married,other.attached,non.movers
791271,933,m,a0_4,eo_weo_Dutch,official_lang,work.official_lang,married,other.attached,non.movers
648934,933,m,a60_64,eo_obio,official_lang,work.official_lang,living.common.law,other.attached,external.movers
266084,933,f,a20_24,ao_esao_Chinese,official_lang,work.no.official_lang,no.married,single.detached.house,non.movers
134785,933,f,a55_59,ao_oesao,official_lang,work.no.official_lang,living.common.law,other.attached,non.movers
606344,933,m,a0_4,ao_oesao,official_lang,work.official_lang,widowed,other.attached,non.movers
490944,933,m,a15_19,ao_osao,official_lang,work.official_lang,no.married,other.attached,non.movers
404285,933,m,a55_59,eo_seo_Italian,official_lang,work.no.official_lang,no.married,other.attached,non.movers
782151,933,m,a50_54,ao_esao_Chinese,official_lang,work.official_lang,married,other.attached,non.movers
626255,933,f,a35_39,eo_bio_English,official_lang,work.official_lang,no.married,other.attached,non.movers
611622,933,m,a35_39,eo_oeo,official_lang,work.official_lang,no.married,single.detached.house,non.movers
768236,933,m,a35_39,ao_sao_ei,official_lang,work.no.official_lang,no.married,other.attached,non.movers
758972,933,m,a45_49,eo_bio_English,official_lang,work.official_lang,no.married,other.attached,non.movers
315352,933,m,a75_79,eo_eeo_Polish,official_lang,work.official_lang,no.married,other.attached,non.movers
165922,933,m,a65_69,eo_eeo_Hungarian,official_lang,work.official_lang,married,other.attached,interprovincial.movers
562499,933,m,a45_49,ao_esao_Chinese,official_lang,work.official_lang,living.common.law,single.detached.house,non.movers
587091,933,m,a10_14,eo_bio_Scottish,official_lang,work.no.official_lang,no.married,other.attached,non.movers
500499,933,m,a5_9,eo_weo_German,official_lang,work.official_lang,no.married,other.attached,non.movers
281221,933,m,a35_39,eo_neo,official_lang,work.official_lang,married,other.attached,non.movers
289091,933,f,a45_49,onao_Canadian,official_lang,work.official_lang,no.married,other.attached,non.movers
89971,933,m,a20_24,ao_esao_Chinese,official_lang,work.official_lang,no.married,other.attached,non.movers
405591,933,f,a20_24,eo_weo_German,official_lang,work.official_lang,no.married,other.attached,non.movers
338500,933,f,a60_64,eo_fo,official_lang,work.official_lang,married,other.attached,non.movers
112507,933,f,a50_54,onao_Canadian,official_lang,work.official_lang,married,other.attached,non.movers
719786,933,m,a65_69,ao_esao_Chinese,official_lang,work.no.official_lang,living.common.law,other.attached,non.movers
325653,933,f,a5_9,onao_Canadian,official_lang,work.official_lang,living.common.law,other.attached,non.movers
361864,933,m,a5_9,eo_weo_German,no.official_lang,work.official_lang,no.married,other.attached,non.movers
82867,933,f,a55_59,ao,official_lang,work.no.official_lang,no.married,other.attached,non.movers
248257,933,m,a45_49,eo_weo_German,official_lang,work.no.official_lang,no.married,single.detached.house,non.movers
711474,933,f,a55_59,eo_bio_Irish,official_lang,work.no.official_lang,no.married,other.attached,non.movers
634262,933,f,a35_39,ao_esao_Chinese,no.official_lang,work.no.official_lang,divorced,other.attached,non.movers
55009,933,f,a65_69,eo_seo_Portuguese,official_lang,work.official_lang,no.married,other.attached,non.movers
451569,933,f,a35_39,ao_esao_Chinese,official_lang,work.official_lang,divorced,other.attached,external.movers
419831,933,m,a50_54,naao,official_lang,work.official_lang,married,single.detached.house,non.movers
651667,933,f,a0_4,eo_eeo_Ukrainian,official_lang,work.official_lang,no.married,other.attached,non.movers
84544,933,m,a55_59,ao_osao,no.official_lang,work.official_lang,married,single.detached.house,non.movers
377264,933,m,a60_64,eo_bio_English,official_lang,work.no.official_lang,no.married,other.attached,non.movers
403766,933,f,a65_69,eo_fo,official_lang,work.no.official_lang,no.married,other.attached,non.movers
100186,933,f,a20_24,ao_oesao,official_lang,work.official_lang,married,other.attached,non.movers
503839,933,f,a50_54,eo_fo,official_lang,work.official_lang,married,other.attached,nonmigrants.movers
561969,933,f,a50_54,eo_seo_Spanish,official_lang,work.no.official_lang,married,other.attached,non.movers
754752,933,m,a50_54,eo_seo_Italian,official_lang,work.official_lang,married,other.attached,non.movers
54613,933,f,a60_64,ao_sao_ei,official_lang,work.official_lang,no.married,other.attached,non.movers
703857,933,m,a5_9,eo_bio_Scottish,official_lang,work.official_lang,married,other.attached,non.movers
804316,933,f,a15_19,ao_sao_ei,official_lang,work.official_lang,married,other.attached,non.movers
466268,933,m,a15_19,ao_esao_Chinese,official_lang,work.official_lang,no.married,other.attached,non.movers
353942,933,f,a55_59,ao,no.official_lang,work.official_lang,married,other.attached,other.movers
316416,933,m,a5_9,ao_esao_Chinese,no.official_lang,work.official_lang,married,other.attached,external.movers
280738,933,f,a50_54,ao_sao_ei,official_lang,work.no.official_lang,no.married,other.attached,non.movers
258686,933,f,a25_29,eo_bio_Scottish,official_lang,work.no.official_lang,married,other.attached,nonmigrants.movers
676948,933,m,a50_54,eo_bio_English,no.official_lang,work.no.official_lang,no.married,other.attached,non.movers
586260,933,m,a50_54,eo_bio_English,official_lang,work.no.official_lang,married,other.attached,non.movers
824618,933,m,a25_29,eo_fo,official_lang,work.official_lang,married,other.attached,non.movers
221801,933,m,a35_39,eo_weo_German,official_lang,work.official_lang,married,single.detached.house,non.movers
404326,933,m,a40_44,eo_weo_German,official_lang,work.no.official_lang,married,other.attached,non.movers
843843,933,f,a35_39,oco,official_lang,work.official_lang,married,other.attached,non.movers
316934,933,f,a55_59,ao_esao_Chinese,official_lang,work.official_lang,divorced,other.attached,non.movers
335586,933,f,a60_64,onao_Canadian,official_lang,work.no.official_lang,no.married,other.attached,non.movers
143119,933,m,a0_4,ao_oesao,official_lang,work.official_lang,married,other.attached,interprovincial.movers
6190,933,m,a0_4,ao_oesao,official_lang,work.official_lang,married,other.attached,non.movers
167145,933,f,a50_54,eo_fo,official_lang,work.no.official_lang,married,other.attached,nonmigrants.movers
459938,933,f,a40_44,ao_esao_Chinese,official_lang,work.official_lang,married,other.attached,non.movers
71701,933,f,a60_64,ao_osao,official_lang,work.no.official_lang,no.married,other.attached,non.movers
723048,933,f,a15_19,eo_weo_German,official_lang,work.no.official_lang,no.married,other.attached,nonmigrants.movers
816023,933,m,a50_54,ao_sao_ei,official_lang,work.no.official_lang,no.married,other.attached,non.movers
915198,933,m,a40_44,ao_osao,official_lang,work.no.official_lang,married,single.detached.house,non.movers
198742,933,m,a10_14,onao_Canadian,official_lang,work.no.official_lang,married,other.attached,non.movers
413009,933,m,a35_39,eo_neo,official_lang,work.official_lang,married,other.attached,interprovincial.movers
640334,933,f,a0_4,eo_oeeo,official_lang,work.official_lang,married,other.attached,non.movers
279464,933,f,a55_59,ao_esao_Chinese,official_lang,work.official_lang,no.married,other.attached,non.movers
403502,933,f,a70_74,ao_esao_Chinese,official_lang,work.no.official_lang,married,other.attached,non.movers
445984,933,m,a65_69,onao_Canadian,official_lang,work.no.official_lang,no.married,single.detached.house,non.movers
200086,933,m,a10_14,onao_Canadian,official_lang,work.no.official_lang,married,other.attached,external.movers
688868,933,f,a50_54,ao_oesao,official_lang,work.official_lang,no.married,other.attached,non.movers
209157,933,m,a45_49,ao_oesao,official_lang,work.official_lang,no.married,other.attached,non.movers
365558,933,m,a55_59,eo_weo_German,no.official_lang,work.official_lang,no.married,other.attached,non.movers
103462,933,f,a50_54,ao_esao_Chinese,official_lang,work.official_lang,married,other.attached,non.movers
386085,933,m,a5_9,eo_bio_English,official_lang,work.official_lang,married,other.attached,non.movers
663467,933,f,a5_9,onao_Canadian,official_lang,work.no.official_lang,married,other.attached,non.movers
246258,933,f,a65_69,onao,official_lang,work.no.official_lang,married,single.detached.house,non.movers
559780,933,f,a5_9,ao_esao_Chinese,official_lang,work.no.official_lang,divorced,other.attached,other.movers
653440,933,f,a50_54,naao,official_lang,work.official_lang,no.married,other.attached,non.movers
403117,933,m,a35_39,eo_oweo,official_lang,work.official_lang,married,other.attached,nonmigrants.movers
545665,933,f,a55_59,eo_eeo_Russian,official_lang,work.official_lang,no.married,single.detached.house,non.movers
380234,933,m,a45_49,eo_fo,official_lang,work.official_lang,no.married,other.attached,non.movers
712702,933,m,a5_9,lcsao,official_lang,work.official_lang,married,single.detached.house,non.movers
167375,933,m,a45_49,ao,official_lang,work.official_lang,living.common.law,other.attached,non.movers
911712,933,m,a45_49,eo_bio_Irish,no.official_lang,work.no.official_lang,married,other.attached,non.movers
219450,933,f,a20_24,onao_Canadian,official_lang,work.no.official_lang,married,other.attached,non.movers
183219,933,m,a5_9,onao_Canadian,official_lang,work.official_lang,no.married,single.detached.house,non.movers
288413,933,f,a10_14,eo_weo_German,official_lang,work.official_lang,married,other.attached,non.movers
317258,933,m,a50_54,onao_Canadian,official_lang,work.official_lang,no.married,other.attached,non.movers
205833,933,f,a35_39,eo_fo,official_lang,work.no.official_lang,married,other.attached,non.movers
164234,933,m,a20_24,eo_bio_Scottish,official_lang,work.official_lang,married,other.attached,other.movers
567254,933,m,a15_19,ao_oesao,official_lang,work.official_lang,married,other.attached,non.movers
657308,933,f,a0_4,ao_esao_Chinese,official_lang,work.official_lang,divorced,other.attached,non.movers
800262,933,m,a40_44,ao_esao_Chinese,official_lang,work.no.official_lang,married,other.attached,nonmigrants.movers
744636,933,m,a0_4,eo_neo,official_lang,work.official_lang,married,other.attached,nonmigrants.movers
73754,933,f,a15_19,ao_esao_Chinese,official_lang,work.official_lang,living.common.law,other.attached,non.movers
116689,933,m,a35_39,ao_sao_ei,official_lang,work.official_lang,married,other.attached,non.movers
119694,933,f,a0_4,naao,official_lang,work.official_lang,no.married,other.attached,non.movers
84877,933,m,a25_29,ao_sao_ei,no.official_lang,work.official_lang,married,other.attached,non.movers
484770,933,f,a55_59,eo_bio_English,official_lang,work.official_lang,no.married,single.detached.house,non.movers
444775,933,f,a0_4,ao_esao_Chinese,official_lang,work.no.official_lang,no.married,other.attached,other.movers
289750,933,m,a0_4,eo_bio_Irish,official_lang,work.no.official_lang,no.married,other.attached,non.movers
706559,933,f,a30_34,eo_obio,official_lang,work.official_lang,no.married,other.attached,non.movers
870771,933,f,a40_44,ao_esao_Chinese,official_lang,work.no.official_lang,no.married,other.attached,non.movers
485655,933,f,a30_34,eo_eeo_Ukrainian,official_lang,work.no.official_lang,divorced,single.detached.house,non.movers
378309,933,f,a0_4,onao_Canadian,official_lang,work.official_lang,divorced,other.attached,non.movers
64399,933,m,a15_19,eo_seo_Portuguese,official_lang,work.no.official_lang,living.common.law,other.attached,non.movers
416840,933,m,a30_34,eo_neo,official_lang,work.no.official_lang,no.married,other.attached,non.movers
258601,933,m,a45_49,eo_bio_English,official_lang,work.no.official_lang,no.married,other.attached,non.movers
270857,933,m,a45_49,ao_esao_Chinese,official_lang,work.official_lang,married,other.attached,non.movers
41199,933,m,a35_39,ao_osao,official_lang,work.official_lang,no.married,other.attached,non.movers
168314,933,f,a40_44,eo_bio_English,official_lang,work.official_lang,no.married,other.attached,external.movers
142873,933,f,a25_29,ao_sao_ei,official_lang,work.no.official_lang,married,other.attached,non.movers
139276,933,m,a5_9,ao_sao_ei,official_lang,work.no.official_lang,married,single.detached.house,non.movers
213132,933,m,a70_74,ao_sao_ei,official_lang,work.official_lang,married,other.attached,non.movers
926378,933,f,a45_49,onao_Canadian,official_lang,work.official_lang,married,other.attached,non.movers
52123,933,f,a55_59,eo_bio_English,official_lang,work.official_lang,living.common.law,other.attached,non.movers
118891,933,f,a30_34,ao_esao_Chinese,official_lang,work.official_lang,living.common.law,other.attached,non.movers
308811,933,m,a40_44,eo_bio_English,official_lang,work.official_lang,living.common.law,other.attached,non.movers
913943,933,m,a70_74,eo_weo_German,no.official_lang,work.official_lang,married,other.attached,nonmigrants.movers
321649,933,f,a30_34,ao_esao_Chinese,official_lang,work.official_lang,married,other.attached,other.movers
785491,933,m,a40_44,ao_esao_Chinese,official_lang,work.official_lang,no.married,other.attached,external.movers
86097,933,m,a50_54,onao_Canadian,official_lang,work.no.official_lang,married,other.attached,non.movers
395192,933,m,a30_34,eo_bio_English,official_lang,work.no.official_lang,married,other.attached,non.movers
315604,933,m,a5_9,onao_Canadian,official_lang,work.no.official_lang,no.married,other.attached,non.movers
563787,933,f,a40_44,eo_fo,official_lang,work.official_lang,married,other.attached,interprovincial.movers
214723,933,m,a45_49,eo_bio_Scottish,official_lang,work.official_lang,living.common.law,other.attached,non.movers
511266,933,m,a45_49,eo_seo_Portuguese,official_lang,work.official_lang,no.married,single.detached.house,non.movers
593425,933,f,a20_24,lcsao,official_lang,work.no.official_lang,no.married,other.attached,nonmigrants.movers
1633,933,f,a55_59,onao_Canadian,official_lang,work.official_lang,no.married,other.attached,non.movers
766919,933,m,a45_49,eo_bio_Irish,official_lang,work.official_lang,married,other.attached,non.movers
130344,933,m,a5_9,ao_esao_Chinese,official_lang,work.no.official_lang,married,other.attached,non.movers
538319,933,m,a35_39,oco,official_lang,work.official_lang,no.married,single.detached.house,non.movers
28896,933,f,a30_34,onao_Canadian,official_lang,work.no.official_lang,living.common.law,other.attached,non.movers
314907,933,m,a0_4,ao_oesao,official_lang,work.official_lang,married,other.attached,non.movers
894859,933,f,a35_39,onao_Canadian,official_lang,work.no.official_lang,married,other.attached,non.movers
836573,933,f,a60_64,eo_eeo_Polish,official_lang,work.official_lang,married,other.attached,non.movers
805016,933,m,a35_39,ao_esao_Chinese,official_lang,work.official_lang,no.married,other.attached,other.movers
636438,933,m,a40_44,lcsao,official_lang,work.no.official_lang,no.married,other.attached,non.movers
101536,933,f,a60_64,eo_bio_English,official_lang,work.no.official_lang,divorced,other.attached,non.movers
578915,933,m,a40_44,eo_neo,official_lang,work.official_lang,no.married,other.attached,nonmigrants.movers
513124,933,f,a40_44,eo_bio_English,official_lang,work.no.official_lang,no.married,other.attached,non.movers
219168,933,f,a20_24,ao_esao_Chinese,official_lang,work.no.official_lang,no.married,other.attached,nonmigrants.movers
528540,933,m,a10_14,onao_Canadian,official_lang,work.official_lang,no.married,other.attached,non.movers
79658,933,f,a30_34,ao_esao_Chinese,official_lang,work.official_lang,married,other.attached,non.movers
909340,933,m,a40_44,eo_weo_Dutch,official_lang,work.official_lang,no.married,other.attached,non.movers
225523,933,f,a5_9,eo_bio_Scottish,official_lang,work.no.official_lang,married,other.attached,nonmigrants.movers
844802,933,m,a30_34,ao_esao_Chinese,official_lang,work.no.official_lang,married,other.attached,non.movers
406147,933,f,a45_49,eo_neo,official_lang,work.official_lang,married,other.attached,non.movers
812336,933,f,a15_19,eo_eeo_Russian,official_lang,work.no.official_lang,no.married,other.attached,non.movers
424180,933,f,a75_79,eo_bio_English,official_lang,work.no.official_lang,no.married,other.attached,non.movers
1779,933,f,a35_39,ao_esao_Chinese,official_lang,work.no.official_lang,married,other.attached,non.movers
95956,933,m,a50_54,lcsao,official_lang,work.official_lang,no.married,other.attached,other.movers
34606,933,f,a15_19,eo_bio_Irish,official_lang,work.official_lang,no.married,single.detached.house,non.movers
770438,933,m,a10_14,ao_oesao,official_lang,work.no.official_lang,no.married,other.attached,non.movers
217399,933,m,a10_14,ao_esao_Filipino,official_lang,work.official_lang,no.married,other.attached,non.movers
804357,933,f,a0_4,onao,official_lang,work.official_lang,married,other.attached,non.movers
444283,933,m,a15_19,eo_bio_Irish,official_lang,work.no.official_lang,married,other.attached,non.movers
40885,933,f,a0_4,ao_esao_Chinese,official_lang,work.official_lang,married,other.attached,non.movers
670573,933,m,a30_34,onao_Canadian,official_lang,work.no.official_lang,married,other.attached,non.movers
749921,933,f,a20_24,onao_Canadian,official_lang,work.official_lang,married,other.attached,non.movers
558018,933,f,a40_44,ao_oesao,official_lang,work.official_lang,no.married,single.detached.house,non.movers
92820,933,m,a50_54,ao_esao_Chinese,official_lang,work.official_lang,no.married,other.attached,non.movers
833484,933,f,a65_69,eo_neo,official_lang,work.official_lang,no.married,other.attached,non.movers
68712,933,f,a40_44,ao_esao_Chinese,official_lang,work.no.official_lang,no.married,other.attached,non.movers
839724,933,f,a70_74,ao_esao_Chinese,official_lang,work.official_lang,married,other.attached,non.movers
46294,933,m,a60_64,eo_bio_English,official_lang,work.no.official_lang,no.married,other.attached,nonmigrants.movers
644664,933,m,a20_24,onao_Canadian,official_lang,work.no.official_lang,married,other.attached,non.movers
922913,933,m,a10_14,ao_esao_Chinese,official_lang,work.official_lang,no.married,other.attached,non.movers
309591,933,f,a60_64,ao_oesao,official_lang,work.official_lang,married,other.attached,non.movers
413358,933,m,a40_44,ao_esao_Chinese,official_lang,work.no.official_lang,married,other.attached,non.movers
139923,933,f,a40_44,eo_eeo_Ukrainian,official_lang,work.no.official_lang,no.married,other.attached,non.movers
69439,933,m,a15_19,eo_bio_Scottish,no.official_lang,work.no.official_lang,married,other.attached,non.movers
343848,933,m,a15_19,ao_oesao,official_lang,work.no.official_lang,no.married,other.attached,non.movers
191802,933,m,a60_64,eo_bio_English,official_lang,work.no.official_lang,married,other.attached,non.movers
385899,933,f,a5_9,onao_Canadian,official_lang,work.official_lang,married,other.attached,non.movers
846668,933,f,a50_54,ao_esao_Chinese,official_lang,work.no.official_lang,no.married,other.attached,non.movers
536963,933,m,a50_54,eo_bio_English,official_lang,work.no.official_lang,married,other.attached,external.movers
606910,933,f,a45_49,ao_esao_Chinese,official_lang,work.official_lang,no.married,single.detached.house,non.movers
730477,933,m,a40_44,ao_esao_Chinese,official_lang,work.no.official_lang,no.married,other.attached,non.movers
467784,933,f,a35_39,eo_neo,official_lang,work.no.official_lang,married,other.attached,external.movers
900984,933,f,a25_29,eo_bio_Irish,official_lang,work.official_lang,no.married,other.attached,non.movers
539063,933,f,a30_34,onao_Canadian,official_lang,work.official_lang,no.married,other.attached,non.movers
807788,933,m,a25_29,ao_esao_Chinese,official_lang,work.no.official_lang,married,single.detached.house,non.movers
301635,933,f,a30_34,ao_esao_Chinese,official_lang,work.no.official_lang,married,other.attached,nonmigrants.movers
216921,933,f,a50_54,eo_seo_Italian,official_lang,work.no.official_lang,no.married,single.detached.house,non.movers
920814,933,f,a15_19,onao_Canadian,official_lang,work.official_lang,married,single.detached.house,non.movers
802545,933,m,a35_39,ao_esao_Chinese,official_lang,work.no.official_lang,no.married,other.attached,non.movers
656190,933,m,a5_9,eo_neo,no.official_lang,work.no.official_lang,married,other.attached,non.movers
377242,933,f,a65_69,onao_Canadian,official_lang,work.no.official_lang,no.married,other.attached,non.movers
460263,933,m,a30_34,eo_neo,official_lang,work.no.official_lang,no.married,single.detached.house,non.movers
773096,933,f,a15_19,ao_esao_Chinese,official_lang,work.official_lang,no.married,other.attached,non.movers
223487,933,f,a30_34,eo_bio_Irish,official_lang,work.no.official_lang,living.common.law,single.detached.house,non.movers
501135,933,f,a0_4,onao_Canadian,official_lang,work.official_lang,no.married,other.attached,external.movers
675569,933,m,a55_59,ao_esao_Chinese,official_lang,work.no.official_lang,married,other.attached,non.movers
485210,933,m,a0_4,eo_neo,official_lang,work.official_lang,married,other.attached,non.movers
259033,933,m,a35_39,ao_sao_ei,official_lang,work.official_lang,separated,other.attached,non.movers
911671,933,f,a0_4,onao_Canadian,official_lang,work.official_lang,no.married,other.attached,nonmigrants.movers
583753,933,f,a55_59,ao_esao_Chinese,official_lang,work.no.official_lang,no.married,single.detached.house,non.movers
210114,933,m,a0_4,ao_osao,official_lang,work.official_lang,married,single.detached.house,non.movers
715907,933,m,a10_14,ao_esao_Chinese,official_lang,work.official_lang,married,other.attached,non.movers
63492,933,f,a30_34,onao_Canadian,official_lang,work.official_lang,no.married,other.attached,non.movers
516246,933,f,a45_49,ao_oesao,official_lang,work.no.official_lang,married,single.detached.house,non.movers
145957,933,m,a10_14,onao_Canadian,official_lang,work.no.official_lang,no.married,other.attached,non.movers
891763,933,m,a30_34,eo_eeo_Ukrainian,official_lang,work.official_lang,married,other.attached,nonmigrants.movers
433304,933,m,a45_49,eo_bio_Scottish,official_lang,work.no.official_lang,no.married,other.attached,non.movers
641577,933,m,a30_34,eo_bio_English,official_lang,work.no.official_lang,married,other.attached,non.movers
80317,933,m,a50_54,eo_bio_English,official_lang,work.official_lang,no.married,other.attached,non.movers
901102,933,f,a5_9,onao,official_lang,work.official_lang,no.married,other.attached,non.movers
663008,933,m,a65_69,eo_weo_German,official_lang,work.official_lang,living.common.law,single.detached.house,non.movers
42485,933,f,a35_39,ao_osao,official_lang,work.no.official_lang,no.married,other.attached,non.movers
478512,933,f,a35_39,ao_oesao,official_lang,work.no.official_lang,no.married,other.attached,nonmigrants.movers
91635,933,f,a45_49,onao_Canadian,official_lang,work.official_lang,divorced,other.attached,non.movers
832220,933,f,a50_54,eo_bio_English,official_lang,work.official_lang,no.married,other.attached,non.movers
33596,933,m,a10_14,ao_esao_Chinese,official_lang,work.no.official_lang,divorced,other.attached,non.movers
243872,933,m,a45_49,onao_Canadian,official_lang,work.no.official_lang,no.married,other.attached,non.movers
155840,933,m,a45_49,ao_esao_Chinese,no.official_lang,work.official_lang,no.married,single.detached.house,non.movers
771075,933,m,a50_54,eo_weo_German,official_lang,work.no.official_lang,no.married,other.attached,non.movers
582405,933,f,a25_29,ao_oesao,official_lang,work.official_lang,married,other.attached,non.movers
418537,933,m,a5_9,ao,official_lang,work.no.official_lang,no.married,other.attached,non.movers
576437,933,f,a35_39,ao_esao_Chinese,official_lang,work.official_lang,living.common.law,single.detached.house,non.movers
540935,933,f,a5_9,onao,official_lang,work.official_lang,married,other.attached,non.movers
511782,933,m,a5_9,eo_seo_Italian,official_lang,work.official_lang,married,other.attached,non.movers
192505,933,f,a0_4,onao_Canadian,official_lang,work.no.official_lang,married,other.attached,non.movers
731209,933,f,a70_74,eo_fo,official_lang,work.official_lang,married,other.attached,non.movers
101976,933,f,a40_44,eo_bio_English,official_lang,work.no.official_lang,married,other.attached,non.movers
767308,933,m,a15_19,onao_Canadian,official_lang,work.no.official_lang,married,other.attached,non.movers
191047,933,m,a35_39,ao_esao_Chinese,official_lang,work.official_lang,no.married,other.attached,non.movers
507879,933,f,a45_49,eo_fo,official_lang,work.official_lang,married,other.attached,external.movers
543234,933,f,a45_49,onao_Canadian,official_lang,work.official_lang,no.married,other.attached,non.movers
522221,933,m,a35_39,eo_obio,official_lang,work.no.official_lang,no.married,other.attached,non.movers
34248,933,f,a40_44,ao_esao_Chinese,official_lang,work.no.official_lang,married,other.attached,external.movers
620746,933,m,a45_49,onao_Canadian,official_lang,work.official_lang,married,other.attached,non.movers
100027,933,m,a35_39,eo_bio_Scottish,official_lang,work.official_lang,married,other.attached,non.movers
185197,933,m,a5_9,eo_bio_Scottish,official_lang,work.no.official_lang,married,other.attached,non.movers
806957,933,f,a10_14,ao_esao_Chinese,official_lang,work.no.official_lang,married,other.attached,other.movers
103420,933,f,a10_14,ao_oesao,official_lang,work.official_lang,married,other.attached,non.movers
563916,933,f,a30_34,ao_esao_Chinese,official_lang,work.no.official_lang,living.common.law,other.attached,non.movers
630024,933,m,a20_24,eo_bio_Scottish,official_lang,work.no.official_lang,no.married,other.attached,non.movers
75862,933,m,a45_49,ao_esao_Chinese,official_lang,work.official_lang,married,other.attached,non.movers
425432,933,m,a40_44,eo_bio_English,official_lang,work.no.official_lang,divorced,single.detached.house,non.movers
571048,933,f,a5_9,ao_esao_Chinese,official_lang,work.no.official_lang,married,other.attached,non.movers
835229,933,m,a5_9,eo_bio_English,official_lang,work.no.official_lang,married,other.attached,non.movers
630081,933,f,a5_9,eo_neo,official_lang,work.no.official_lang,married,other.attached,non.movers
288284,933,f,a65_69,onao_Canadian,official_lang,work.official_lang,married,single.detached.house,non.movers
128037,933,m,a45_49,eo_bio_Scottish,official_lang,work.no.official_lang,married,other.attached,non.movers
821440,933,m,a10_14,ao_sao_ei,official_lang,work.official_lang,married,other.attached,nonmigrants.movers
524450,933,f,a10_14,ao_esao_Chinese,official_lang,work.official_lang,no.married,other.attached,non.movers
448321,933,f,a40_44,eo_bio_English,official_lang,work.no.official_lang,married,other.attached,non.movers
218881,933,m,a40_44,ao_esao_Chinese,official_lang,work.official_lang,married,other.attached,non.movers
684450,933,f,a5_9,ao_esao_Chinese,official_lang,work.official_lang,no.married,other.attached,non.movers
462794,933,m,a20_24,ao_esao_Chinese,official_lang,work.no.official_lang,no.married,other.attached,nonmigrants.movers
87568,933,f,a35_39,onao_Canadian,no.official_lang,work.no.official_lang,married,other.attached,non.movers
589156,933,f,a40_44,onao_Canadian,official_lang,work.no.official_lang,married,other.attached,non.movers
296764,933,m,a25_29,eo_weo_German,official_lang,work.no.official_lang,married,other.attached,non.movers
123809,933,f,a55_59,eo_eeo_Ukrainian,official_lang,work.no.official_lang,divorced,other.attached,non.movers
771002,933,m,a50_54,onao_Canadian,official_lang,work.no.official_lang,married,other.attached,non.movers
265388,933,m,a35_39,eo_bio_Scottish,official_lang,work.official_lang,married,other.attached,nonmigrants.movers
730967,933,f,a55_59,onao_Canadian,official_lang,work.official_lang,married,other.attached,non.movers
103323,933,f,a65_69,ao_esao_Chinese,official_lang,work.official_lang,married,other.attached,non.movers
503629,933,f,a45_49,ao_oesao,official_lang,work.no.official_lang,no.married,other.attached,nonmigrants.movers
48039,933,m,a70_74,ao_esao_Chinese,official_lang,work.official_lang,married,other.attached,other.movers
462159,933,m,a5_9,eo_weo_German,official_lang,work.no.official_lang,married,other.attached,non.movers
373228,933,m,a50_54,ao_esao_Chinese,official_lang,work.official_lang,no.married,single.detached.house,non.movers
894662,933,f,a15_19,ao_esao_Chinese,official_lang,work.no.official_lang,married,other.attached,non.movers
104463,933,f,a0_4,ao_esao_Chinese,official_lang,work.no.official_lang,married,other.attached,nonmigrants.movers
428590,933,m,a20_24,eo_bio_Irish,official_lang,work.no.official_lang,no.married,other.attached,non.movers
890505,933,m,a45_49,eo_obio,official_lang,work.no.official_lang,married,other.attached,nonmigrants.movers
506114,933,m,a60_64,ao_esao_Chinese,official_lang,work.no.official_lang,no.married,other.attached,non.movers
123564,933,f,a10_14,eo_bio_English,official_lang,work.official_lang,no.married,other.attached,non.movers
205740,933,m,a5_9,eo_bio_English,official_lang,work.official_lang,no.married,other.attached,non.movers
883050,933,m,a25_29,ao,official_lang,work.official_lang,no.married,other.attached,non.movers
558468,933,m,a60_64,onao_Canadian,official_lang,work.official_lang,married,single.detached.house,non.movers
739423,933,f,a75_79,eo_weo_Dutch,official_lang,work.no.official_lang,married,other.attached,non.movers
155723,933,m,a40_44,ao_esao_Chinese,official_lang,work.official_lang,married,other.attached,external.movers
687251,933,f,a45_49,eo_oeeo,official_lang,work.official_lang,married,other.attached,non.movers
348141,933,f,a5_9,ao_esao_Filipino,official_lang,work.no.official_lang,no.married,other.attached,non.movers
611798,933,f,a0_4,eo_bio_Irish,official_lang,work.no.official_lang,married,other.attached,non.movers
232958,933,m,a35_39,eo_weo_German,official_lang,work.no.official_lang,no.married,other.attached,non.movers
429774,933,f,a0_4,ao_oesao,official_lang,work.no.official_lang,no.married,other.attached,non.movers
527963,933,m,a65_69,ao_oesao,official_lang,work.official_lang,married,other.attached,nonmigrants.movers
401622,933,f,a45_49,eo_fo,official_lang,work.official_lang,divorced,other.attached,non.movers
794138,933,f,a55_59,eo_neo,official_lang,work.no.official_lang,no.married,other.attached,other.movers
172548,933,f,a0_4,eo_neo,official_lang,work.no.official_lang,married,single.detached.house,non.movers
464920,933,m,a60_64,ao_esao_Chinese,official_lang,work.no.official_lang,no.married,other.attached,non.movers
861661,933,m,a35_39,ao_sao_ei,official_lang,work.no.official_lang,no.married,other.attached,non.movers
180794,933,f,a35_39,ao_esao_Chinese,official_lang,work.no.official_lang,married,other.attached,non.movers
918948,933,m,a10_14,onao_Canadian,official_lang,work.no.official_lang,divorced,other.attached,nonmigrants.movers
410121,933,m,a0_4,eo_bio_Scottish,official_lang,work.no.official_lang,married,other.attached,non.movers
870407,933,f,a30_34,eo_weo_German,official_lang,work.no.official_lang,married,other.attached,non.movers
438209,933,f,a5_9,ao_esao_Chinese,official_lang,work.no.official_lang,divorced,other.attached,non.movers
133954,933,m,a30_34,ao_esao_Chinese,official_lang,work.no.official_lang,married,other.attached,non.movers
653141,933,m,a45_49,eo_bio_Irish,official_lang,work.no.official_lang,no.married,other.attached,non.movers
880579,933,f,a0_4,ao_esao_Chinese,official_lang,work.no.official_lang,married,other.attached,non.movers
714713,933,f,a60_64,eo_seo_Spanish,official_lang,work.official_lang,no.married,other.attached,non.movers
12883,933,m,a50_54,eo_seo_Italian,official_lang,work.official_lang,no.married,other.attached,external.movers
7821,933,m,a35_39,onao_Canadian,official_lang,work.official_lang,married,single.detached.house,non.movers
132090,933,f,a15_19,ao_oesao,official_lang,work.official_lang,married,other.attached,non.movers
792563,933,f,a40_44,eo_oweo,official_lang,work.official_lang,no.married,other.attached,non.movers
286820,933,m,a30_34,eo_weo_German,official_lang,work.official_lang,no.married,other.attached,non.movers
263133,933,f,a30_34,eo_obio,official_lang,work.no.official_lang,no.married,other.attached,non.movers
137747,933,m,a0_4,ao_esao_Chinese,official_lang,work.official_lang,no.married,other.attached,non.movers
200457,933,m,a35_39,ao_esao_Filipino,official_lang,work.no.official_lang,married,other.attached,non.movers
9039,933,m,a25_29,ao_sao_ei,official_lang,work.official_lang,no.married,other.attached,non.movers
806101,933,m,a0_4,ao,official_lang,work.official_lang,no.married,other.attached,non.movers
67041,933,m,a65_69,ao_oesao,official_lang,work.no.official_lang,married,other.attached,non.movers
193242,933,f,a10_14,ao_oesao,official_lang,work.official_lang,married,other.attached,non.movers
729698,933,f,a50_54,eo_weo_Dutch,official_lang,work.no.official_lang,married,other.attached,other.movers
749630,933,f,a0_4,eo_obio,official_lang,work.no.official_lang,married,other.attached,non.movers
550976,933,f,a40_44,eo_seo_Spanish,official_lang,work.official_lang,no.married,other.attached,non.movers
819274,933,m,a65_69,eo_eeo_Russian,official_lang,work.official_lang,no.married,other.attached,nonmigrants.movers
376484,933,f,a20_24,oco,official_lang,work.official_lang,married,other.attached,non.movers
358030,933,f,a60_64,eo_eeo_Ukrainian,official_lang,work.no.official_lang,married,other.attached,nonmigrants.movers
130222,933,f,a55_59,eo_fo,official_lang,work.no.official_lang,married,single.detached.house,non.movers
119182,933,f,a55_59,ao,no.official_lang,work.no.official_lang,no.married,other.attached,non.movers
302290,933,f,a50_54,eo_bio_Irish,official_lang,work.official_lang,married,other.attached,non.movers
688481,933,f,a5_9,onao,official_lang,work.no.official_lang,no.married,other.attached,nonmigrants.movers
649470,933,f,a10_14,eo_bio_Irish,no.official_lang,work.no.official_lang,no.married,other.attached,non.movers
465131,933,f,a25_29,eo_bio_English,official_lang,work.no.official_lang,married,other.attached,non.movers
398577,933,f,a5_9,ao_esao_Chinese,official_lang,work.official_lang,married,single.detached.house,non.movers
879059,933,m,a70_74,eo_weo_German,official_lang,work.official_lang,no.married,other.attached,non.movers
729159,933,f,a0_4,ao_esao_Filipino,official_lang,work.no.official_lang,no.married,other.attached,non.movers
272271,933,f,a0_4,eo_bio_English,official_lang,work.official_lang,divorced,other.attached,non.movers
449830,933,f,a45_49,ao_esao_Filipino,official_lang,work.official_lang,no.married,other.attached,non.movers
751257,933,m,a20_24,onao_Canadian,official_lang,work.official_lang,married,other.attached,nonmigrants.movers
158068,933,f,a60_64,ao_esao_Chinese,official_lang,work.official_lang,married,other.attached,non.movers
490429,933,m,a20_24,eo_bio_Irish,official_lang,work.official_lang,married,other.attached,non.movers
922205,933,f,a40_44,eo_neo,official_lang,work.no.official_lang,no.married,other.attached,nonmigrants.movers
604739,933,f,a50_54,eo_weo_German,official_lang,work.no.official_lang,no.married,other.attached,non.movers
584996,933,m,a30_34,ao_esao_Chinese,official_lang,work.official_lang,married,other.attached,non.movers
239630,933,f,a45_49,ao_sao_ei,official_lang,work.official_lang,no.married,other.attached,non.movers
480265,933,m,a15_19,eo_oeeo,official_lang,work.official_lang,no.married,other.attached,non.movers
825002,933,m,a15_19,ao_esao_Chinese,official_lang,work.no.official_lang,no.married,other.attached,external.movers
515268,933,m,a45_49,eo_weo_German,official_lang,work.official_lang,no.married,other.attached,non.movers
604194,933,f,a30_34,eo_bio_Irish,official_lang,work.official_lang,married,other.attached,non.movers
881471,933,m,a20_24,eo_seo_Italian,official_lang,work.official_lang,no.married,single.detached.house,non.movers
434962,933,m,a5_9,onao_Canadian,official_lang,work.official_lang,married,other.attached,other.movers
739849,933,m,a5_9,eo_eeo_Polish,official_lang,work.official_lang,no.married,other.attached,non.movers
598047,933,f,a75_79,ao_osao,official_lang,work.no.official_lang,married,other.attached,non.movers
266520,933,f,a30_34,eo_seo_Spanish,official_lang,work.no.official_lang,no.married,other.attached,non.movers
569556,933,f,a35_39,ao_esao_Chinese,official_lang,work.no.official_lang,no.married,other.attached,non.movers
764510,933,m,a0_4,ao_wcameo,official_lang,work.official_lang,divorced,other.attached,non.movers
69086,933,m,a20_24,ao_esao_Chinese,official_lang,work.official_lang,living.common.law,other.attached,non.movers
182809,933,f,a5_9,ao_esao_Chinese,official_lang,work.official_lang,no.married,other.attached,non.movers
96678,933,f,a20_24,eo_bio_Scottish,official_lang,work.official_lang,no.married,other.attached,non.movers
906714,933,f,a5_9,eo_obio,official_lang,work.no.official_lang,no.married,other.attached,non.movers
558444,933,m,a45_49,onao_Canadian,official_lang,work.official_lang,married,single.detached.house,non.movers
616410,933,m,a40_44,onao_Canadian,official_lang,work.no.official_lang,married,other.attached,non.movers
635699,933,f,a0_4,eo_bio_English,official_lang,work.no.official_lang,divorced,other.attached,non.movers
269348,933,f,a40_44,eo_bio_Irish,official_lang,work.no.official_lang,separated,single.detached.house,non.movers
273056,933,m,a35_39,ao_esao_Chinese,official_lang,work.official_lang,married,other.attached,non.movers
78121,933,m,a45_49,ao_esao_Chinese,official_lang,work.no.official_lang,no.married,other.attached,external.movers
341728,933,m,a60_64,eo_seo_Greek,official_lang,work.no.official_lang,married,other.attached,non.movers
808442,933,f,a40_44,eo_neo,official_lang,work.no.official_lang,no.married,other.attached,nonmigrants.movers
369739,933,f,a45_49,eo_bio_Scottish,official_lang,work.no.official_lang,married,other.attached,non.movers
160785,933,m,a55_59,ao_sao_ei,official_lang,work.official_lang,living.common.law,other.attached,non.movers
524563,933,f,a30_34,eo_fo,official_lang,work.no.official_lang,married,other.attached,nonmigrants.movers
835213,933,m,a5_9,onao_Canadian,no.official_lang,work.official_lang,married,other.attached,non.movers
769369,933,f,a40_44,onao_Canadian,official_lang,work.no.official_lang,married,other.attached,non.movers
677706,933,m,a45_49,eo_bio_English,official_lang,work.official_lang,married,other.attached,non.movers
297051,933,f,a10_14,onao_Canadian,no.official_lang,work.no.official_lang,divorced,single.detached.house,non.movers
814667,933,f,a5_9,eo_eeo_Polish,official_lang,work.official_lang,no.married,other.attached,other.movers
544585,933,f,a40_44,ao_esao_Chinese,official_lang,work.official_lang,no.married,other.attached,non.movers
162596,933,m,a35_39,ao_esao_Chinese,official_lang,work.official_lang,no.married,other.attached,external.movers
718751,933,m,a30_34,ao_sao_ei,official_lang,work.official_lang,no.married,other.attached,non.movers
555324,933,m,a0_4,ao_esao_Chinese,official_lang,work.no.official_lang,no.married,other.attached,non.movers
108561,933,m,a70_74,ao,official_lang,work.no.official_lang,married,other.attached,non.movers
230326,933,f,a0_4,eo_neo,official_lang,work.official_lang,no.married,other.attached,non.movers
540484,933,m,a55_59,eo_oweo,official_lang,work.official_lang,divorced,other.attached,interprovincial.movers
870335,933,m,a35_39,ao_esao_Chinese,official_lang,work.no.official_lang,no.married,other.attached,non.movers
881008,933,m,a25_29,ao_esao_Chinese,official_lang,work.official_lang,married,other.attached,non.movers
869140,933,m,a10_14,eo_bio_Irish,official_lang,work.no.official_lang,married,single.detached.house,non.movers
727074,933,m,a0_4,onao_Canadian,official_lang,work.official_lang,no.married,other.attached,nonmigrants.movers
594029,933,m,a30_34,eo_eeo_Polish,official_lang,work.official_lang,married,other.attached,nonmigrants.movers
77251,933,f,a15_19,eo_bio_English,official_lang,work.official_lang,no.married,other.attached,non.movers
309898,933,m,a35_39,onao,official_lang,work.no.official_lang,no.married,other.attached,nonmigrants.movers
449992,933,f,a20_24,eo_weo_German,official_lang,work.official_lang,married,other.attached,non.movers
206463,933,f,a20_24,ao_esao_Chinese,official_lang,work.no.official_lang,married,other.attached,non.movers
296266,933,m,a45_49,eo_bio_Scottish,official_lang,work.no.official_lang,no.married,other.attached,non.movers
230775,933,f,a55_59,ao_oesao,official_lang,work.official_lang,married,other.attached,non.movers
389690,933,m,a15_19,eo_weo_Dutch,official_lang,work.official_lang,married,single.detached.house,non.movers
585500,933,m,a40_44,ao_esao_Chinese,official_lang,work.official_lang,no.married,other.attached,nonmigrants.movers
597755,933,m,a20_24,eo_bio_English,no.official_lang,work.official_lang,married,other.attached,external.movers
258701,933,m,a50_54,ao_osao,no.official_lang,work.official_lang,married,single.detached.house,non.movers
894596,933,f,a5_9,ao_esao_Chinese,official_lang,work.no.official_lang,no.married,other.attached,external.movers
401787,933,f,a5_9,eo_bio_Irish,no.official_lang,work.no.official_lang,married,other.attached,non.movers
636733,933,m,a5_9,eo_seo_Greek,official_lang,work.official_lang,no.married,single.detached.house,non.movers
345621,933,m,a30_34,ao_sao_ei,official_lang,work.official_lang,no.married,other.attached,non.movers
354906,933,f,a50_54,eo_oseo,official_lang,work.no.official_lang,living.common.law,other.attached,nonmigrants.movers
757854,933,m,a30_34,eo_eeo_Ukrainian,official_lang,work.no.official_lang,married,other.attached,non.movers
328612,933,m,a0_4,ao_sao_ei,official_lang,work.official_lang,married,other.attached,non.movers
567678,933,f,a65_69,eo_bio_English,official_lang,work.no.official_lang,no.married,single.detached.house,non.movers
174182,933,m,a15_19,ao_esao_Chinese,official_lang,work.no.official_lang,no.married,other.attached,non.movers
405251,933,f,a30_34,ao_esao_Chinese,official_lang,work.official_lang,no.married,other.attached,non.movers
428668,933,m,a5_9,ao_oesao,official_lang,work.no.official_lang,married,other.attached,non.movers
570323,933,m,a35_39,ao_esao_Chinese,official_lang,work.no.official_lang,no.married,single.detached.house,non.movers
531116,933,f,a30_34,onao_Canadian,official_lang,work.official_lang,widowed,other.attached,non.movers
368582,933,m,a35_39,ao_sao_ei,official_lang,work.official_lang,married,other.attached,non.movers
828871,933,m,a15_19,ao_esao_Chinese,no.official_lang,work.no.official_lang,married,other.attached,non.movers
565161,933,f,a35_39,ao_oesao,official_lang,work.no.official_lang,no.married,other.attached,non.movers
306815,933,m,a5_9,onao_Canadian,official_lang,work.no.official_lang,married,other.attached,nonmigrants.movers
281886,933,f,a10_14,ao_esao_Chinese,official_lang,work.official_lang,no.married,single.detached.house,non.movers
848564,933,m,a45_49,onao_Canadian,official_lang,work.no.official_lang,no.married,other.attached,non.movers
726420,933,m,a60_64,eo_weo_German,official_lang,work.official_lang,married,other.attached,non.movers
530742,933,m,a30_34,ao_oesao,official_lang,work.official_lang,no.married,other.attached,nonmigrants.movers
595123,933,m,a50_54,eo_weo_German,official_lang,work.no.official_lang,no.married,single.detached.house,non.movers
460407,933,m,a45_49,ao_oesao,official_lang,work.no.official_lang,living.common.law,other.attached,non.movers
235362,933,f,a45_49,ao_sao_ei,official_lang,work.official_lang,living.common.law,other.attached,non.movers
731633,933,f,a35_39,ao_esao_Chinese,official_lang,work.no.official_lang,no.married,single.detached.house,non.movers
810939,933,f,a30_34,eo_weo_Dutch,official_lang,work.no.official_lang,married,other.attached,non.movers
802606,933,f,a70_74,eo_bio_Scottish,official_lang,work.no.official_lang,married,other.attached,non.movers
283353,933,f,a0_4,eo_bio_English,official_lang,work.no.official_lang,married,other.attached,non.movers
868582,933,m,a30_34,onao_Canadian,official_lang,work.no.official_lang,married,other.attached,non.movers
192553,933,m,a60_64,eo_weo_German,official_lang,work.no.official_lang,married,single.detached.house,non.movers
573717,933,m,a30_34,eo_obio,official_lang,work.official_lang,no.married,other.attached,non.movers
849694,933,m,a45_49,eo_eeo_Polish,official_lang,work.official_lang,married,other.attached,external.movers
736467,933,f,a35_39,onao_Canadian,official_lang,work.no.official_lang,divorced,other.attached,nonmigrants.movers
904425,933,f,a25_29,onao_Canadian,official_lang,work.official_lang,married,other.attached,non.movers
423793,933,m,a20_24,eo_neo,official_lang,work.official_lang,no.married,other.attached,non.movers
33159,933,f,a10_14,onao_Canadian,official_lang,work.no.official_lang,married,other.attached,non.movers
670160,933,f,a35_39,ao_oesao,official_lang,work.official_lang,married,single.detached.house,non.movers
870012,933,f,a30_34,eo_bio_Scottish,official_lang,work.no.official_lang,no.married,other.attached,non.movers
365186,933,m,a40_44,onao_Canadian,official_lang,work.no.official_lang,married,other.attached,non.movers
103981,933,f,a0_4,eo_bio_English,official_lang,work.official_lang,no.married,other.attached,non.movers
713297,933,m,a40_44,eo_neo,official_lang,work.official_lang,divorced,single.detached.house,non.movers
836027,933,m,a70_74,eo_weo_Dutch,official_lang,work.no.official_lang,married,other.attached,nonmigrants.movers
54735,933,f,a30_34,ao_esao_Chinese,official_lang,work.no.official_lang,married,single.detached.house,non.movers
316105,933,m,a5_9,ao_sao_ei,no.official_lang,work.official_lang,no.married,other.attached,other.movers
13640,933,m,a35_39,ao_esao_Chinese,official_lang,work.no.official_lang,married,other.attached,non.movers
596658,933,f,a30_34,ao_esao_Chinese,official_lang,work.official_lang,married,other.attached,non.movers
483996,933,f,a35_39,ao_esao_Chinese,official_lang,work.no.official_lang,no.married,other.attached,non.movers
396431,933,f,a30_34,eo_bio_Scottish,official_lang,work.no.official_lang,no.married,other.attached,non.movers
903296,933,m,a65_69,ao_oesao,official_lang,work.no.official_lang,married,other.attached,non.movers
595735,933,m,a35_39,ao_oesao,official_lang,work.official_lang,no.married,other.attached,non.movers
453180,933,f,a40_44,onao_Canadian,official_lang,work.no.official_lang,living.common.law,other.attached,non.movers
807974,933,m,a0_4,onao_Canadian,official_lang,work.no.official_lang,no.married,other.attached,non.movers
567607,933,f,a50_54,ao_sao_ei,official_lang,work.no.official_lang,married,single.detached.house,non.movers
836750,933,m,a10_14,ao_esao_Chinese,official_lang,work.official_lang,married,other.attached,non.movers
897018,933,f,a45_49,eo_bio_Irish,official_lang,work.no.official_lang,widowed,other.attached,nonmigrants.movers
923870,933,f,a45_49,eo_bio_English,official_lang,work.official_lang,separated,other.attached,non.movers
418304,933,m,a20_24,ao_esao_Chinese,official_lang,work.official_lang,no.married,single.detached.house,non.movers
232529,933,m,a15_19,ao_sao_ei,official_lang,work.official_lang,married,other.attached,external.movers
271137,933,m,a25_29,naao,official_lang,work.no.official_lang,no.married,other.attached,non.movers
856888,933,f,a60_64,ao_esao_Chinese,official_lang,work.official_lang,no.married,other.attached,non.movers
362491,933,m,a55_59,ao_sao_ei,official_lang,work.official_lang,married,other.attached,non.movers
385236,933,f,a20_24,ao_esao_Chinese,official_lang,work.no.official_lang,no.married,other.attached,nonmigrants.movers
62345,933,f,a50_54,eo_seo_Portuguese,official_lang,work.official_lang,no.married,other.attached,non.movers
784703,933,m,a30_34,ao_esao_Chinese,official_lang,work.official_lang,married,other.attached,non.movers
589602,933,m,a60_64,ao_esao_Chinese,official_lang,work.official_lang,married,other.attached,nonmigrants.movers
773888,933,f,a30_34,ao_sao_ei,official_lang,work.no.official_lang,married,other.attached,non.movers
854954,933,m,a55_59,onao_Canadian,official_lang,work.official_lang,married,other.attached,non.movers
589981,933,f,a65_69,eo_bio_Irish,no.official_lang,work.no.official_lang,married,other.attached,non.movers
632954,933,m,a30_34,ao_oesao,official_lang,work.no.official_lang,married,other.attached,non.movers
878244,933,f,a80_84,eo_neo,official_lang,work.official_lang,no.married,other.attached,non.movers
729128,933,m,a60_64,onao_Canadian,official_lang,work.official_lang,no.married,other.attached,nonmigrants.movers
119032,933,m,a30_34,onao_Canadian,official_lang,work.official_lang,divorced,other.attached,other.movers
384396,933,f,a40_44,ao_esao_Chinese,official_lang,work.no.official_lang,no.married,other.attached,non.movers
662651,933,m,a35_39,lcsao,official_lang,work.official_lang,married,other.attached,non.movers
554872,933,f,a10_14,eo_eeo_Polish,official_lang,work.official_lang,married,other.attached,non.movers
465515,933,f,a10_14,eo_bio_English,official_lang,work.official_lang,married,other.attached,non.movers
121982,933,f,a45_49,ao_esao_Chinese,official_lang,work.official_lang,no.married,other.attached,nonmigrants.movers
663758,933,f,a40_44,ao_esao_Chinese,official_lang,work.no.official_lang,no.married,other.attached,non.movers
671786,933,m,a45_49,ao_esao_Chinese,official_lang,work.official_lang,no.married,other.attached,non.movers
397788,933,m,a60_64,ao,official_lang,work.official_lang,married,single.detached.house,non.movers
174562,933,f,a30_34,ao_esao_Chinese,official_lang,work.official_lang,no.married,single.detached.house,non.movers
528182,933,m,a35_39,ao_oesao,official_lang,work.no.official_lang,no.married,other.attached,nonmigrants.movers
923127,933,f,a15_19,onao_Canadian,official_lang,work.no.official_lang,no.married,other.attached,nonmigrants.movers
622642,933,f,a15_19,ao_esao_Chinese,official_lang,work.official_lang,no.married,single.detached.house,non.movers
139866,933,m,a60_64,eo_oweo,official_lang,work.official_lang,married,other.attached,non.movers
241183,933,f,a15_19,ao_esao_Chinese,official_lang,work.no.official_lang,married,other.attached,non.movers
684431,933,f,a10_14,eo_weo_German,official_lang,work.official_lang,no.married,other.attached,non.movers
479477,933,m,a30_34,eo_fo,no.official_lang,work.official_lang,living.common.law,other.attached,non.movers
617942,933,m,a55_59,ao_esao_Chinese,official_lang,work.no.official_lang,married,other.attached,non.movers
162947,933,m,a65_69,eo_bio_Irish,official_lang,work.no.official_lang,divorced,single.detached.house,non.movers
837178,933,f,a0_4,eo_bio_Irish,official_lang,work.official_lang,no.married,single.detached.house,non.movers
312525,933,m,a5_9,ao_esao_Chinese,official_lang,work.no.official_lang,no.married,other.attached,non.movers
880704,933,m,a55_59,eo_seo_Italian,official_lang,work.no.official_lang,married,other.attached,non.movers
514868,933,m,a30_34,ao_esao_Chinese,official_lang,work.no.official_lang,no.married,other.attached,non.movers
287641,933,m,a55_59,eo_bio_Irish,official_lang,work.no.official_lang,married,other.attached,non.movers
218694,933,f,a35_39,ao_esao_Chinese,official_lang,work.no.official_lang,widowed,other.attached,non.movers
865146,933,m,a5_9,onao,official_lang,work.no.official_lang,married,other.attached,non.movers
386777,933,f,a50_54,eo_oeeo,official_lang,work.no.official_lang,living.common.law,single.detached.house,non.movers
907555,933,f,a35_39,eo_weo_German,official_lang,work.official_lang,married,other.attached,non.movers
385111,933,f,a5_9,ao_esao_Chinese,official_lang,work.no.official_lang,no.married,other.attached,non.movers
344789,933,m,a55_59,eo_oeo,official_lang,work.no.official_lang,divorced,other.attached,nonmigrants.movers
254534,933,m,a15_19,lcsao,official_lang,work.official_lang,living.common.law,other.attached,non.movers
382451,933,f,a40_44,eo_bio_Scottish,official_lang,work.official_lang,married,single.detached.house,non.movers
626983,933,m,a35_39,eo_bio_English,official_lang,work.official_lang,married,other.attached,non.movers
628575,933,f,a45_49,eo_bio_English,no.official_lang,work.official_lang,married,other.attached,non.movers
199123,933,f,a15_19,ao_esao_Chinese,official_lang,work.no.official_lang,married,single.detached.house,non.movers
648770,933,f,a30_34,ao_wcameo,official_lang,work.official_lang,married,other.attached,non.movers
720345,933,m,a50_54,eo_bio_English,official_lang,work.no.official_lang,no.married,other.attached,non.movers
72593,933,m,a40_44,onao,no.official_lang,work.no.official_lang,widowed,other.attached,non.movers
661514,933,m,a50_54,ao_esao_Chinese,official_lang,work.official_lang,married,other.attached,other.movers
96654,933,m,a55_59,onao_Canadian,official_lang,work.official_lang,married,other.attached,non.movers
770558,933,f,a0_4,ao_esao_Chinese,official_lang,work.no.official_lang,married,other.attached,non.movers
354404,933,m,a10_14,eo_bio_English,official_lang,work.no.official_lang,separated,other.attached,other.movers
614399,933,f,a50_54,eo_bio_Irish,official_lang,work.official_lang,divorced,other.attached,non.movers
905856,933,m,a45_49,eo_obio,official_lang,work.official_lang,married,single.detached.house,non.movers
810521,933,f,a15_19,eo_bio_English,official_lang,work.official_lang,married,other.attached,non.movers
850168,933,f,a40_44,ao_esao_Chinese,official_lang,work.official_lang,married,other.attached,non.movers
877698,933,m,a30_34,eo_fo,official_lang,work.no.official_lang,no.married,other.attached,non.movers
712767,933,f,a0_4,eo_bio_English,official_lang,work.no.official_lang,living.common.law,other.attached,non.movers
590465,933,f,a60_64,eo_weo_Dutch,official_lang,work.official_lang,married,other.attached,non.movers
384749,933,m,a25_29,ao_esao_Chinese,official_lang,work.no.official_lang,married,other.attached,non.movers
476816,933,m,a60_64,eo_bio_Scottish,official_lang,work.official_lang,married,other.attached,non.movers
282106,933,m,a65_69,onao_Canadian,official_lang,work.official_lang,married,other.attached,non.movers
466988,933,m,a40_44,eo_seo_Portuguese,official_lang,work.no.official_lang,married,other.attached,other.movers
595260,933,m,a35_39,ao_esao_Chinese,official_lang,work.no.official_lang,married,other.attached,non.movers
727094,933,f,a50_54,ao_esao_Chinese,official_lang,work.no.official_lang,no.married,single.detached.house,non.movers
737538,933,m,a20_24,eo_bio_Irish,official_lang,work.no.official_lang,no.married,other.attached,nonmigrants.movers
74027,933,f,a35_39,ao_esao_Chinese,official_lang,work.no.official_lang,no.married,single.detached.house,non.movers
730223,933,f,a20_24,ao_esao_Chinese,official_lang,work.no.official_lang,married,other.attached,non.movers
817144,933,f,a50_54,ao_esao_Chinese,official_lang,work.official_lang,married,other.attached,non.movers
516003,933,f,a40_44,eo_bio_Irish,official_lang,work.official_lang,living.common.law,other.attached,non.movers
404166,933,m,a50_54,ao_esao_Chinese,official_lang,work.no.official_lang,separated,other.attached,non.movers
309813,933,m,a50_54,ao_osao,official_lang,work.official_lang,married,other.attached,non.movers
849956,933,f,a65_69,ao_esao_Chinese,official_lang,work.official_lang,no.married,other.attached,non.movers
181297,933,m,a50_54,onao_Canadian,official_lang,work.official_lang,no.married,other.attached,non.movers
677767,933,m,a20_24,eo_weo_German,official_lang,work.official_lang,married,other.attached,non.movers
610907,933,m,a65_69,onao_Canadian,official_lang,work.official_lang,married,other.attached,non.movers
438757,933,m,a0_4,onao_Canadian,official_lang,work.no.official_lang,married,other.attached,non.movers
19639,933,m,a15_19,eo_eeo_Russian,official_lang,work.no.official_lang,married,other.attached,non.movers
395799,933,m,a45_49,eo_weo_German,official_lang,work.official_lang,married,other.attached,other.movers
719453,933,f,a5_9,ao_oesao,official_lang,work.official_lang,married,other.attached,non.movers
762199,933,m,a30_34,ao_esao_Chinese,official_lang,work.no.official_lang,no.married,single.detached.house,non.movers
209080,933,f,a0_4,ao_esao_Filipino,official_lang,work.official_lang,married,other.attached,non.movers
793888,933,m,a0_4,eo_eeo_Ukrainian,official_lang,work.no.official_lang,no.married,other.attached,non.movers
232498,933,f,a40_44,eo_bio_English,official_lang,work.official_lang,living.common.law,other.attached,non.movers
50960,933,f,a50_54,eo_weo_Dutch,official_lang,work.official_lang,widowed,other.attached,non.movers
889210,933,f,a30_34,eo_seo_Spanish,official_lang,work.official_lang,married,other.attached,non.movers
85077,933,m,a0_4,ao_esao_Chinese,official_lang,work.official_lang,separated,single.detached.house,non.movers
647806,933,m,a35_39,onao_Canadian,official_lang,work.official_lang,married,other.attached,non.movers
180079,933,f,a35_39,ao_esao_Chinese,official_lang,work.official_lang,no.married,single.detached.house,non.movers
20743,933,f,a75_79,ao_esao_Filipino,official_lang,work.no.official_lang,no.married,other.attached,non.movers
234773,933,f,a80_84,onao_Canadian,official_lang,work.official_lang,married,other.attached,non.movers
293521,933,f,a45_49,eo_seo_Greek,official_lang,work.no.official_lang,married,other.attached,non.movers
265020,933,f,a50_54,ao_esao_Chinese,official_lang,work.no.official_lang,married,other.attached,other.movers
750284,933,f,a10_14,ao_sao_ei,official_lang,work.official_lang,married,other.attached,non.movers
219889,933,f,a60_64,onao_Canadian,official_lang,work.official_lang,married,other.attached,non.movers
878302,933,f,a30_34,eo_bio_English,official_lang,work.no.official_lang,no.married,other.attached,non.movers
568802,933,f,a45_49,eo_eeo_Polish,official_lang,work.no.official_lang,no.married,other.attached,non.movers
733648,933,f,a55_59,eo_weo_German,official_lang,work.no.official_lang,divorced,single.detached.house,non.movers
504708,933,f,a45_49,ao_esao_Chinese,official_lang,work.no.official_lang,married,other.attached,non.movers
287075,933,m,a45_49,ao_esao_Chinese,official_lang,work.no.official_lang,no.married,other.attached,non.movers
21685,933,f,a15_19,eo_bio_Scottish,official_lang,work.no.official_lang,married,single.detached.house,non.movers
447969,933,f,a35_39,onao_Canadian,official_lang,work.official_lang,living.common.law,other.attached,non.movers
921759,933,m,a35_39,onao_Canadian,official_lang,work.no.official_lang,no.married,single.detached.house,non.movers
475096,933,f,a0_4,ao_esao_Chinese,official_lang,work.official_lang,married,other.attached,non.movers
461438,933,m,a45_49,eo_bio_English,no.official_lang,work.no.official_lang,no.married,other.attached,non.movers
397712,933,f,a30_34,naao,no.official_lang,work.official_lang,no.married,other.attached,other.movers
806630,933,f,a20_24,ao_sao_ei,no.official_lang,work.no.official_lang,married,single.detached.house,non.movers
438402,933,m,a0_4,eo_fo,official_lang,work.no.official_lang,no.married,other.attached,non.movers
37059,933,f,a15_19,eo_bio_Scottish,official_lang,work.no.official_lang,married,other.attached,non.movers
658521,933,m,a5_9,eo_bio_Scottish,official_lang,work.official_lang,married,other.attached,other.movers
661425,933,f,a65_69,eo_bio_Irish,official_lang,work.no.official_lang,no.married,other.attached,interprovincial.movers
876025,933,f,a35_39,eo_bio_English,official_lang,work.official_lang,married,other.attached,non.movers
17342,933,f,a50_54,eo_eeo_Ukrainian,official_lang,work.no.official_lang,no.married,other.attached,non.movers
44571,933,f,a30_34,onao_Canadian,official_lang,work.official_lang,married,other.attached,nonmigrants.movers
152107,933,f,a0_4,eo_eeo_Polish,official_lang,work.no.official_lang,married,single.detached.house,non.movers
349942,933,f,a30_34,eo_obio,no.official_lang,work.no.official_lang,no.married,other.attached,non.movers
823474,933,m,a10_14,eo_bio_Scottish,official_lang,work.official_lang,married,other.attached,non.movers
355797,933,f,a5_9,eo_bio_Irish,official_lang,work.official_lang,divorced,other.attached,non.movers
302017,933,f,a40_44,ao_esao_Chinese,no.official_lang,work.no.official_lang,married,single.detached.house,non.movers
687115,933,m,a10_14,eo_eeo_Polish,official_lang,work.no.official_lang,married,single.detached.house,non.movers
95490,933,f,a35_39,eo_weo_German,official_lang,work.no.official_lang,married,single.detached.house,non.movers
551696,933,f,a35_39,eo_eeo_Polish,no.official_lang,work.no.official_lang,married,other.attached,non.movers
177493,933,f,a0_4,eo_neo,official_lang,work.no.official_lang,divorced,other.attached,non.movers
151687,933,m,a40_44,onao,official_lang,work.official_lang,no.married,other.attached,non.movers
449338,933,f,a40_44,eo_bio_Scottish,official_lang,work.no.official_lang,married,other.attached,non.movers
167492,933,f,a35_39,eo_bio_English,official_lang,work.official_lang,no.married,other.attached,non.movers
243274,933,m,a45_49,eo_fo,official_lang,work.no.official_lang,married,single.detached.house,non.movers
832303,933,f,a10_14,ao_oesao,official_lang,work.official_lang,living.common.law,other.attached,non.movers
794433,933,f,a40_44,eo_weo_German,official_lang,work.official_lang,married,other.attached,non.movers
324138,933,m,a5_9,onao,official_lang,work.no.official_lang,married,single.detached.house,non.movers
636218,933,m,a15_19,ao_osao,official_lang,work.official_lang,married,other.attached,non.movers
530029,933,m,a15_19,ao_oesao,official_lang,work.no.official_lang,married,other.attached,non.movers
246882,933,m,a40_44,ao_esao_Chinese,official_lang,work.no.official_lang,no.married,other.attached,non.movers
212013,933,m,a45_49,ao_esao_Filipino,official_lang,work.no.official_lang,married,single.detached.house,non.movers
658893,933,f,a0_4,onao_Canadian,official_lang,work.no.official_lang,married,other.attached,nonmigrants.movers
188950,933,m,a0_4,eo_weo_German,official_lang,work.no.official_lang,no.married,other.attached,non.movers
190206,933,f,a5_9,eo_bio_Scottish,official_lang,work.official_lang,widowed,other.attached,other.movers
873348,933,f,a5_9,ao_oesao,official_lang,work.no.official_lang,no.married,other.attached,non.movers
859142,933,m,a25_29,ao_oesao,official_lang,work.official_lang,no.married,other.attached,non.movers
239645,933,f,a35_39,ao_oesao,official_lang,work.no.official_lang,living.common.law,other.attached,interprovincial.movers
26912,933,m,a15_19,ao_esao_Chinese,official_lang,work.official_lang,married,other.attached,non.movers
602375,933,m,a45_49,lcsao,official_lang,work.official_lang,married,other.attached,non.movers
115516,933,f,a25_29,ao_esao_Chinese,official_lang,work.official_lang,married,other.attached,interprovincial.movers
782345,933,f,a50_54,naao,official_lang,work.no.official_lang,married,other.attached,non.movers
427743,933,f,a5_9,ao_sao_ei,official_lang,work.official_lang,no.married,other.attached,non.movers
605770,933,m,a45_49,eo_bio_Scottish,official_lang,work.no.official_lang,married,other.attached,non.movers
215482,933,m,a35_39,lcsao,official_lang,work.official_lang,no.married,other.attached,non.movers
317031,933,m,a45_49,eo_neo,official_lang,work.official_lang,married,single.detached.house,non.movers
764363,933,m,a5_9,onao_Canadian,official_lang,work.no.official_lang,no.married,other.attached,non.movers
913109,933,f,a45_49,eo_bio_English,official_lang,work.no.official_lang,married,other.attached,non.movers
2177,933,m,a0_4,eo_bio_English,official_lang,work.no.official_lang,married,other.attached,nonmigrants.movers
664280,933,f,a35_39,ao_esao_Chinese,official_lang,work.no.official_lang,no.married,other.attached,non.movers
427999,933,m,a45_49,ao_oesao,official_lang,work.no.official_lang,married,single.detached.house,non.movers
858480,933,m,a35_39,eo_weo_Dutch,official_lang,work.no.official_lang,divorced,other.attached,non.movers
106713,933,f,a20_24,eo_neo,official_lang,work.no.official_lang,married,other.attached,non.movers
876681,933,m,a55_59,eo_weo_Dutch,official_lang,work.no.official_lang,no.married,other.attached,non.movers
527746,933,m,a40_44,onao_Canadian,official_lang,work.official_lang,married,other.attached,non.movers
101560,933,m,a45_49,ao_oesao,official_lang,work.no.official_lang,separated,other.attached,external.movers
603187,933,m,a25_29,ao_sao_ei,official_lang,work.official_lang,married,other.attached,nonmigrants.movers
869349,933,f,a35_39,lcsao,official_lang,work.official_lang,married,other.attached,non.movers
412171,933,f,a40_44,eo_seo_Italian,official_lang,work.no.official_lang,no.married,single.detached.house,non.movers
445382,933,f,a35_39,ao_oesao,official_lang,work.official_lang,married,other.attached,non.movers
477887,933,f,a35_39,ao_esao_Chinese,official_lang,work.official_lang,no.married,other.attached,nonmigrants.movers
546441,933,f,a75_79,co_Jamaican,official_lang,work.official_lang,married,other.attached,non.movers
481737,933,f,a40_44,eo_bio_English,official_lang,work.no.official_lang,married,other.attached,non.movers
672063,933,f,a55_59,ao_wcameo,official_lang,work.official_lang,living.common.law,other.attached,external.movers
514746,933,m,a0_4,ao_oesao,official_lang,work.no.official_lang,no.married,other.attached,non.movers
436901,933,f,a15_19,ao_esao_Chinese,official_lang,work.official_lang,no.married,other.attached,non.movers
272673,933,f,a15_19,eo_bio_English,official_lang,work.no.official_lang,living.common.law,other.attached,non.movers
65794,933,f,a30_34,eo_weo_Dutch,official_lang,work.no.official_lang,married,other.attached,non.movers
544509,933,m,a45_49,ao_wcameo,official_lang,work.official_lang,no.married,single.detached.house,non.movers
693354,933,f,a45_49,eo_fo,official_lang,work.official_lang,no.married,single.detached.house,non.movers
536314,933,m,a55_59,ao_esao_Chinese,official_lang,work.official_lang,married,other.attached,non.movers
72725,933,f,a45_49,onao,official_lang,work.no.official_lang,no.married,other.attached,non.movers
333224,933,m,a0_4,eo_eeo_Polish,official_lang,work.no.official_lang,no.married,other.attached,nonmigrants.movers
833357,933,m,a45_49,ao_esao_Chinese,official_lang,work.official_lang,married,other.attached,non.movers
792004,933,m,a45_49,onao_Canadian,official_lang,work.no.official_lang,no.married,other.attached,non.movers
902321,933,m,a45_49,eo_obio,no.official_lang,work.no.official_lang,married,single.detached.house,non.movers
755638,933,m,a45_49,eo_bio_Scottish,official_lang,work.no.official_lang,no.married,other.attached,non.movers
418364,933,m,a10_14,eo_bio_Irish,official_lang,work.no.official_lang,married,other.attached,other.movers
725390,933,f,a40_44,ao_esao_Chinese,official_lang,work.official_lang,married,single.detached.house,non.movers
470526,933,f,a0_4,ao_esao_Chinese,official_lang,work.no.official_lang,no.married,other.attached,non.movers
6188,933,f,a15_19,eo_bio_Scottish,official_lang,work.no.official_lang,no.married,other.attached,non.movers
107869,933,m,a35_39,eo_bio_Irish,official_lang,work.official_lang,married,other.attached,non.movers
46230,933,m,a30_34,ao,official_lang,work.no.official_lang,no.married,other.attached,non.movers
710025,933,f,a60_64,eo_oeeo,official_lang,work.no.official_lang,no.married,other.attached,non.movers
209564,933,f,a70_74,eo_bio_English,official_lang,work.no.official_lang,divorced,other.attached,non.movers
314264,933,f,a45_49,eo_neo,no.official_lang,work.no.official_lang,widowed,other.attached,non.movers
401339,933,m,a10_14,onao_Canadian,official_lang,work.official_lang,married,other.attached,non.movers
845125,933,m,a30_34,ao_esao_Filipino,official_lang,work.official_lang,living.common.law,other.attached,non.movers
293120,933,m,a5_9,naao,official_lang,work.official_lang,married,other.attached,non.movers
296066,933,f,a5_9,onao_Canadian,official_lang,work.official_lang,no.married,other.attached,non.movers
370621,933,m,a10_14,eo_bio_English,official_lang,work.no.official_lang,no.married,other.attached,non.movers
644099,933,m,a15_19,eo_bio_Irish,official_lang,work.official_lang,no.married,single.detached.house,non.movers
551774,933,f,a20_24,ao_oesao,official_lang,work.official_lang,married,other.attached,nonmigrants.movers
421487,933,f,a50_54,eo_weo_German,official_lang,work.no.official_lang,no.married,other.attached,non.movers
562630,933,m,a30_34,ao_esao_Chinese,official_lang,work.no.official_lang,married,other.attached,other.movers
225694,933,m,a40_44,onao_Canadian,official_lang,work.official_lang,married,other.attached,non.movers
372330,933,m,a55_59,eo_fo,official_lang,work.official_lang,married,other.attached,non.movers
238788,933,m,a45_49,eo_eeo_Ukrainian,official_lang,work.no.official_lang,married,other.attached,non.movers
442283,933,m,a15_19,eo_bio_Scottish,official_lang,work.official_lang,no.married,other.attached,non.movers
655897,933,f,a40_44,eo_obio,official_lang,work.official_lang,no.married,other.attached,nonmigrants.movers
173760,933,f,a55_59,ao_esao_Chinese,official_lang,work.no.official_lang,no.married,single.detached.house,non.movers
597272,933,f,a40_44,eo_fo,no.official_lang,work.no.official_lang,married,other.attached,non.movers
843578,933,m,a0_4,eo_bio_Irish,official_lang,work.no.official_lang,married,other.attached,non.movers
103650,933,f,a60_64,ao_oesao,official_lang,work.no.official_lang,divorced,other.attached,non.movers
530276,933,f,a70_74,eo_bio_English,official_lang,work.official_lang,divorced,other.attached,non.movers
828483,933,f,a55_59,ao_esao_Chinese,official_lang,work.no.official_lang,no.married,other.attached,non.movers
326070,933,m,a25_29,ao_oesao,official_lang,work.no.official_lang,no.married,other.attached,non.movers
788827,933,m,a35_39,ao_esao_Chinese,official_lang,work.no.official_lang,no.married,single.detached.house,non.movers
760724,933,f,a40_44,eo_bio_English,official_lang,work.official_lang,married,other.attached,other.movers
619812,933,f,a45_49,eo_weo_German,official_lang,work.no.official_lang,married,other.attached,non.movers
166381,933,f,a40_44,eo_bio_Scottish,official_lang,work.no.official_lang,married,other.attached,external.movers
827447,933,m,a60_64,eo_fo,official_lang,work.official_lang,no.married,other.attached,non.movers
126877,933,m,a25_29,onao_Canadian,official_lang,work.official_lang,no.married,other.attached,non.movers
901725,933,f,a35_39,ao_osao,official_lang,work.official_lang,married,other.attached,non.movers
835711,933,f,a50_54,eo_bio_Scottish,official_lang,work.official_lang,married,single.detached.house,non.movers
84950,933,f,a35_39,eo_weo_German,official_lang,work.no.official_lang,no.married,other.attached,non.movers
186970,933,m,a55_59,ao_wcameo,official_lang,work.no.official_lang,no.married,other.attached,non.movers
770982,933,f,a30_34,ao_esao_Chinese,official_lang,work.official_lang,no.married,single.detached.house,non.movers
322084,933,f,a50_54,ao_esao_Chinese,official_lang,work.no.official_lang,no.married,other.attached,non.movers
674183,933,m,a50_54,ao_esao_Chinese,official_lang,work.no.official_lang,married,other.attached,non.movers
597116,933,m,a25_29,onao_Canadian,official_lang,work.no.official_lang,married,other.attached,non.movers
728434,933,m,a0_4,eo_weo_Dutch,no.official_lang,work.no.official_lang,married,other.attached,non.movers
284329,933,f,a20_24,ao_esao_Chinese,official_lang,work.official_lang,no.married,other.attached,non.movers
149098,933,m,a35_39,ao_oesao,official_lang,work.official_lang,married,other.attached,non.movers
756382,933,m,a45_49,eo_bio_Scottish,official_lang,work.official_lang,no.married,other.attached,external.movers
893217,933,f,a35_39,eo_neo,official_lang,work.official_lang,married,other.attached,non.movers
769146,933,m,a20_24,eo_eeo_Ukrainian,no.official_lang,work.no.official_lang,divorced,other.attached,non.movers
251509,933,f,a65_69,onao_Canadian,official_lang,work.official_lang,married,other.attached,non.movers
353963,933,f,a10_14,eo_bio_Scottish,official_lang,work.no.official_lang,married,other.attached,non.movers
159456,933,f,a0_4,eo_eeo_Ukrainian,official_lang,work.no.official_lang,married,other.attached,nonmigrants.movers
183228,933,f,a60_64,ao_sao_ei,official_lang,work.no.official_lang,no.married,other.attached,non.movers
698378,933,m,a40_44,eo_weo_German,official_lang,work.official_lang,no.married,other.attached,non.movers
832891,933,m,a40_44,ao_sao_ei,official_lang,work.official_lang,no.married,other.attached,non.movers
308602,933,f,a0_4,eo_bio_Irish,official_lang,work.official_lang,no.married,other.attached,non.movers
556906,933,m,a65_69,eo_bio_English,official_lang,work.no.official_lang,married,other.attached,non.movers
622114,933,f,a25_29,eo_bio_English,official_lang,work.no.official_lang,no.married,single.detached.house,non.movers
674335,933,m,a25_29,ao_esao_Chinese,official_lang,work.official_lang,married,single.detached.house,non.movers
34647,933,f,a10_14,ao_sao_ei,official_lang,work.no.official_lang,married,single.detached.house,non.movers
697507,933,f,a35_39,eo_bio_Irish,official_lang,work.no.official_lang,no.married,other.attached,non.movers
146978,933,m,a30_34,onao_Canadian,official_lang,work.no.official_lang,no.married,other.attached,other.movers
312913,933,m,a55_59,ao_esao_Chinese,official_lang,work.official_lang,no.married,other.attached,nonmigrants.movers
470813,933,m,a60_64,onao_Canadian,official_lang,work.official_lang,married,other.attached,non.movers
550140,933,m,a0_4,ao_esao_Chinese,official_lang,work.official_lang,married,other.attached,non.movers
52203,933,f,a0_4,onao_Canadian,official_lang,work.no.official_lang,married,other.attached,non.movers
533336,933,m,a0_4,eo_bio_English,official_lang,work.no.official_lang,living.common.law,other.attached,non.movers
267860,933,f,a5_9,ao_sao_ei,official_lang,work.official_lang,living.common.law,other.attached,non.movers
856598,933,m,a50_54,eo_fo,official_lang,work.no.official_lang,no.married,other.attached,non.movers
699978,933,f,a20_24,eo_weo_German,official_lang,work.official_lang,married,other.attached,non.movers
344118,933,m,a60_64,eo_bio_English,official_lang,work.no.official_lang,no.married,other.attached,non.movers
44993,933,f,a50_54,eo_bio_Irish,official_lang,work.no.official_lang,no.married,other.attached,non.movers
639694,933,m,a40_44,ao_esao_Chinese,official_lang,work.no.official_lang,married,other.attached,interprovincial.movers
346355,933,m,a60_64,eo_bio_Scottish,official_lang,work.no.official_lang,living.common.law,single.detached.house,non.movers
497207,933,f,a15_19,eo_weo_Dutch,official_lang,work.official_lang,living.common.law,other.attached,non.movers
706019,933,f,a35_39,eo_bio_Irish,official_lang,work.no.official_lang,no.married,other.attached,non.movers
112178,933,m,a55_59,eo_bio_English,official_lang,work.official_lang,married,other.attached,non.movers
546380,933,f,a50_54,eo_bio_English,official_lang,work.no.official_lang,no.married,other.attached,non.movers
429495,933,m,a10_14,eo_eeo_Ukrainian,official_lang,work.no.official_lang,no.married,other.attached,non.movers
556815,933,m,a25_29,eo_seo_Greek,official_lang,work.official_lang,no.married,other.attached,non.movers
591984,933,f,a60_64,onao_Canadian,official_lang,work.official_lang,married,single.detached.house,non.movers
641532,933,m,a20_24,lcsao,official_lang,work.no.official_lang,married,other.attached,non.movers
726707,933,m,a45_49,ao_sao_ei,official_lang,work.no.official_lang,living.common.law,other.attached,non.movers
322945,933,m,a20_24,eo_bio_English,official_lang,work.no.official_lang,married,other.attached,non.movers
721698,933,m,a20_24,eo_oeeo,official_lang,work.official_lang,separated,other.attached,non.movers
46946,933,f,a60_64,eo_eeo_Russian,official_lang,work.no.official_lang,married,other.attached,non.movers
734640,933,f,a15_19,oco,official_lang,work.official_lang,no.married,single.detached.house,non.movers
913318,933,f,a50_54,ao_esao_Chinese,official_lang,work.no.official_lang,married,other.attached,non.movers
778441,933,m,a50_54,naao,official_lang,work.no.official_lang,no.married,other.attached,other.movers
189818,933,m,a55_59,ao_sao_ei,no.official_lang,work.no.official_lang,married,single.detached.house,non.movers
198406,933,f,a0_4,eo_weo_German,official_lang,work.official_lang,married,other.attached,non.movers
277206,933,f,a30_34,eo_bio_English,official_lang,work.no.official_lang,living.common.law,other.attached,non.movers
485015,933,m,a55_59,ao_esao_Chinese,official_lang,work.official_lang,no.married,single.detached.house,non.movers
15060,933,f,a65_69,eo_weo_German,official_lang,work.no.official_lang,no.married,other.attached,non.movers
493851,933,m,a20_24,eo_neo,official_lang,work.no.official_lang,no.married,other.attached,non.movers
601951,933,f,a35_39,ao_esao_Chinese,official_lang,work.official_lang,married,other.attached,non.movers
150447,933,f,a35_39,ao_esao_Chinese,official_lang,work.no.official_lang,no.married,other.attached,non.movers
636453,933,m,a5_9,ao_esao_Chinese,official_lang,work.no.official_lang,married,other.attached,non.movers
742201,933,m,a0_4,eo_eeo_Ukrainian,official_lang,work.no.official_lang,no.married,other.attached,non.movers
32251,933,f,a50_54,eo_bio_Irish,official_lang,work.official_lang,no.married,other.attached,non.movers
763751,933,f,a0_4,onao_Canadian,official_lang,work.official_lang,married,other.attached,nonmigrants.movers
833996,933,m,a50_54,eo_weo_German,official_lang,work.official_lang,living.common.law,other.attached,non.movers
900174,933,m,a20_24,ao_esao_Chinese,official_lang,work.no.official_lang,married,other.attached,non.movers
818414,933,m,a30_34,ao_esao_Chinese,official_lang,work.official_lang,married,other.attached,external.movers
922737,933,f,a5_9,eo_weo_German,official_lang,work.official_lang,married,other.attached,non.movers
73086,933,f,a10_14,ao_esao_Chinese,official_lang,work.official_lang,living.common.law,other.attached,non.movers
77312,933,f,a0_4,eo_bio_Scottish,official_lang,work.official_lang,no.married,other.attached,non.movers
739773,933,f,a35_39,ao_esao_Chinese,official_lang,work.no.official_lang,married,other.attached,non.movers
59237,933,m,a40_44,eo_seo_Italian,official_lang,work.official_lang,no.married,other.attached,non.movers
494120,933,f,a15_19,ao_sao_ei,official_lang,work.no.official_lang,married,single.detached.house,non.movers
614173,933,m,a35_39,ao_oesao,official_lang,work.no.official_lang,married,other.attached,nonmigrants.movers
657065,933,m,a15_19,eo_oeeo,official_lang,work.official_lang,no.married,other.attached,non.movers
145014,933,m,a5_9,ao_esao_Chinese,official_lang,work.official_lang,no.married,other.attached,non.movers
617832,933,f,a15_19,ao_esao_Chinese,official_lang,work.no.official_lang,no.married,other.attached,non.movers
132850,933,m,a35_39,ao_esao_Chinese,official_lang,work.no.official_lang,married,other.attached,non.movers
114018,933,f,a0_4,eo_bio_Scottish,official_lang,work.no.official_lang,no.married,other.attached,non.movers
311446,933,m,a55_59,eo_oweo,official_lang,work.no.official_lang,married,other.attached,non.movers
228764,933,f,a0_4,ao,official_lang,work.no.official_lang,living.common.law,other.attached,non.movers
153764,933,m,a10_14,ao_esao_Chinese,official_lang,work.official_lang,married,other.attached,nonmigrants.movers
78562,933,m,a45_49,ao_esao_Chinese,official_lang,work.no.official_lang,no.married,other.attached,external.movers
533393,933,f,a5_9,lcsao,official_lang,work.official_lang,living.common.law,other.attached,non.movers
85301,933,f,a25_29,onao,official_lang,work.official_lang,married,other.attached,nonmigrants.movers
694752,933,m,a50_54,onao,no.official_lang,work.no.official_lang,married,other.attached,non.movers
903322,933,m,a15_19,eo_fo,official_lang,work.official_lang,living.common.law,other.attached,non.movers
890831,933,f,a30_34,ao_esao_Chinese,official_lang,work.no.official_lang,married,other.attached,non.movers
584238,933,m,a55_59,ao_esao_Chinese,official_lang,work.no.official_lang,married,other.attached,nonmigrants.movers
478102,933,f,a30_34,co_Jamaican,official_lang,work.official_lang,no.married,other.attached,non.movers
755484,933,m,a35_39,ao_esao_Chinese,official_lang,work.official_lang,no.married,other.attached,non.movers
142750,933,f,a80_84,ao_esao_Filipino,official_lang,work.official_lang,married,other.attached,non.movers
690976,933,m,a40_44,onao_Canadian,official_lang,work.no.official_lang,divorced,other.attached,non.movers
290189,933,m,a25_29,eo_bio_English,official_lang,work.official_lang,married,other.attached,non.movers
424405,933,m,a35_39,ao_esao_Chinese,official_lang,work.official_lang,married,single.detached.house,non.movers
342661,933,m,a50_54,ao_esao_Chinese,official_lang,work.official_lang,married,other.attached,nonmigrants.movers
348545,933,f,a55_59,eo_bio_Irish,official_lang,work.no.official_lang,no.married,other.attached,non.movers
293667,933,m,a10_14,ao_esao_Chinese,official_lang,work.no.official_lang,married,other.attached,non.movers
904126,933,f,a50_54,eo_oeo,official_lang,work.official_lang,no.married,other.attached,external.movers
429420,933,m,a40_44,ao_sao_ei,official_lang,work.no.official_lang,married,single.detached.house,non.movers
562085,933,m,a10_14,ao_esao_Chinese,official_lang,work.official_lang,no.married,other.attached,non.movers
362286,933,m,a35_39,eo_bio_English,official_lang,work.official_lang,married,other.attached,non.movers
442082,933,f,a45_49,ao_esao_Chinese,official_lang,work.official_lang,divorced,other.attached,non.movers
893331,933,f,a45_49,eo_eeo_Ukrainian,official_lang,work.no.official_lang,no.married,other.attached,other.movers
465655,933,f,a5_9,eo_bio_English,official_lang,work.official_lang,married,other.attached,non.movers
895704,933,f,a10_14,onao_Canadian,official_lang,work.official_lang,married,other.attached,non.movers
189302,933,m,a5_9,ao_sao_ei,official_lang,work.official_lang,married,other.attached,non.movers
186844,933,f,a20_24,eo_eeo_Hungarian,official_lang,work.official_lang,no.married,other.attached,non.movers
775938,933,m,a10_14,ao_oesao,no.official_lang,work.official_lang,married,other.attached,non.movers
483764,933,m,a55_59,eo_oweo,official_lang,work.official_lang,no.married,other.attached,non.movers
552072,933,f,a35_39,ao_esao_Chinese,no.official_lang,work.official_lang,married,single.detached.house,non.movers
138221,933,m,a70_74,ao_esao_Chinese,official_lang,work.official_lang,married,other.attached,non.movers
62280,933,f,a60_64,eo_neo,official_lang,work.no.official_lang,married,single.detached.house,non.movers
9736,933,m,a70_74,ao_sao_ei,official_lang,work.no.official_lang,married,other.attached,non.movers
266591,933,m,a5_9,naao,official_lang,work.official_lang,no.married,other.attached,non.movers
210004,933,m,a70_74,ao_sao_ei,official_lang,work.no.official_lang,no.married,other.attached,non.movers
616156,933,m,a0_4,eo_bio_Irish,official_lang,work.no.official_lang,no.married,other.attached,non.movers
478060,933,f,a60_64,onao_Canadian,official_lang,work.no.official_lang,no.married,other.attached,non.movers
423813,933,f,a55_59,onao_Canadian,official_lang,work.official_lang,no.married,single.detached.house,non.movers
684019,933,m,a35_39,eo_weo_German,official_lang,work.no.official_lang,married,other.attached,non.movers
868775,933,f,a75_79,ao_sao_ei,official_lang,work.official_lang,widowed,other.attached,non.movers
139996,933,f,a40_44,eo_neo,official_lang,work.official_lang,married,other.attached,non.movers
57425,933,m,a40_44,oo,official_lang,work.no.official_lang,married,other.attached,non.movers
398463,933,m,a0_4,ao_esao_Chinese,official_lang,work.no.official_lang,married,other.attached,non.movers
759673,933,f,a25_29,onao_Canadian,official_lang,work.official_lang,married,other.attached,external.movers
72563,933,f,a50_54,eo_obio,official_lang,work.official_lang,married,other.attached,non.movers
392266,933,m,a45_49,ao_esao_Chinese,official_lang,work.official_lang,married,single.detached.house,non.movers
732263,933,m,a10_14,eo_bio_English,official_lang,work.no.official_lang,married,other.attached,non.movers
401348,933,m,a40_44,ao_esao_Chinese,official_lang,work.official_lang,no.married,other.attached,non.movers
900475,933,m,a40_44,eo_bio_English,official_lang,work.official_lang,married,other.attached,non.movers
376719,933,f,a30_34,ao_oesao,official_lang,work.no.official_lang,no.married,other.attached,non.movers
814528,933,m,a20_24,eo_eeo_Ukrainian,official_lang,work.no.official_lang,married,other.attached,non.movers
217002,933,f,a35_39,ao,official_lang,work.official_lang,married,single.detached.house,non.movers
835961,933,f,a25_29,ao_esao_Chinese,official_lang,work.official_lang,divorced,other.attached,non.movers
478267,933,m,a0_4,eo_oeeo,official_lang,work.official_lang,married,other.attached,non.movers
608286,933,m,a40_44,eo_seo_Portuguese,official_lang,work.no.official_lang,no.married,other.attached,nonmigrants.movers
868005,933,f,a5_9,eo_weo_German,official_lang,work.official_lang,married,other.attached,non.movers
823650,933,m,a45_49,eo_eeo_Polish,official_lang,work.no.official_lang,separated,other.attached,non.movers
811453,933,f,a40_44,ao_sao_ei,official_lang,work.official_lang,no.married,other.attached,nonmigrants.movers
209283,933,f,a20_24,eo_weo_German,official_lang,work.official_lang,living.common.law,other.attached,non.movers
800846,933,f,a30_34,ao_esao_Chinese,official_lang,work.no.official_lang,no.married,other.attached,non.movers
96605,933,m,a5_9,ao_esao_Chinese,official_lang,work.official_lang,no.married,other.attached,non.movers
487927,933,m,a75_79,eo_bio_Scottish,official_lang,work.official_lang,living.common.law,single.detached.house,non.movers
633244,933,m,a25_29,eo_weo_German,official_lang,work.official_lang,living.common.law,other.attached,interprovincial.movers
107608,933,m,a40_44,eo_oeeo,official_lang,work.no.official_lang,no.married,other.attached,non.movers
655960,933,f,a20_24,naao,official_lang,work.official_lang,no.married,other.attached,non.movers
231507,933,m,a50_54,eo_bio_Scottish,official_lang,work.official_lang,no.married,other.attached,nonmigrants.movers
52558,933,m,a35_39,ao_oesao,official_lang,work.official_lang,no.married,single.detached.house,non.movers
416648,933,m,a15_19,ao_esao_Chinese,official_lang,work.no.official_lang,no.married,other.attached,non.movers
722787,933,m,a0_4,ao_oesao,official_lang,work.no.official_lang,married,other.attached,non.movers
808042,933,m,a10_14,onao_Canadian,official_lang,work.no.official_lang,no.married,other.attached,interprovincial.movers
423117,933,m,a10_14,ao_oesao,official_lang,work.no.official_lang,no.married,other.attached,non.movers
825498,933,m,a40_44,eo_weo_German,official_lang,work.no.official_lang,no.married,other.attached,nonmigrants.movers
145748,933,f,a35_39,oo,no.official_lang,work.no.official_lang,married,other.attached,non.movers
382583,933,f,a5_9,ao_esao_Filipino,official_lang,work.official_lang,married,other.attached,interprovincial.movers
273520,933,m,a30_34,ao_oesao,official_lang,work.no.official_lang,married,other.attached,non.movers
478726,933,m,a5_9,ao_esao_Chinese,official_lang,work.official_lang,married,other.attached,non.movers
249516,933,m,a45_49,ao_sao_ei,official_lang,work.no.official_lang,no.married,single.detached.house,non.movers
293238,933,f,a10_14,ao_wcameo,official_lang,work.official_lang,divorced,other.attached,non.movers
331366,933,f,a50_54,onao_Canadian,official_lang,work.official_lang,no.married,other.attached,non.movers
44158,933,m,a15_19,ao_oesao,official_lang,work.official_lang,married,other.attached,non.movers
451686,933,m,a50_54,ao_esao_Chinese,official_lang,work.no.official_lang,married,other.attached,non.movers
155630,933,f,a0_4,eo_bio_Irish,official_lang,work.no.official_lang,married,other.attached,non.movers
292166,933,m,a50_54,eo_bio_English,official_lang,work.official_lang,no.married,other.attached,non.movers
209056,933,m,a5_9,eo_weo_German,no.official_lang,work.official_lang,no.married,other.attached,non.movers
517120,933,m,a50_54,ao_wcameo,official_lang,work.no.official_lang,no.married,other.attached,non.movers
710950,933,m,a5_9,eo_eeo_Russian,official_lang,work.no.official_lang,no.married,other.attached,external.movers
429822,933,f,a35_39,eo_obio,official_lang,work.no.official_lang,no.married,other.attached,nonmigrants.movers
580457,933,f,a60_64,eo_bio_Scottish,official_lang,work.no.official_lang,divorced,other.attached,non.movers
866013,933,f,a30_34,onao_Canadian,official_lang,work.no.official_lang,no.married,other.attached,non.movers
541421,933,f,a5_9,onao_Canadian,official_lang,work.no.official_lang,separated,other.attached,external.movers
634414,933,f,a45_49,eo_obio,official_lang,work.official_lang,no.married,other.attached,non.movers
172751,933,f,a5_9,eo_bio_Irish,official_lang,work.official_lang,married,other.attached,non.movers
264451,933,m,a35_39,eo_bio_English,official_lang,work.no.official_lang,married,single.detached.house,non.movers
510129,933,m,a35_39,ao_sao_ei,official_lang,work.official_lang,no.married,other.attached,non.movers
226673,933,f,a0_4,onao_Canadian,official_lang,work.official_lang,no.married,other.attached,non.movers
879935,933,f,a10_14,eo_eeo_Polish,official_lang,work.no.official_lang,no.married,other.attached,non.movers
831404,933,f,a55_59,eo_bio_English,official_lang,work.no.official_lang,no.married,single.detached.house,non.movers
157284,933,f,a70_74,ao_esao_Chinese,official_lang,work.no.official_lang,no.married,other.attached,non.movers
283806,933,m,a60_64,eo_oeeo,official_lang,work.no.official_lang,married,other.attached,non.movers
179148,933,m,a35_39,eo_weo_Dutch,official_lang,work.no.official_lang,no.married,other.attached,non.movers
480144,933,f,a30_34,eo_eeo_Ukrainian,official_lang,work.no.official_lang,married,other.attached,non.movers
200597,933,f,a30_34,ao_sao_ei,official_lang,work.official_lang,no.married,other.attached,non.movers
316590,933,f,a35_39,onao_Canadian,official_lang,work.no.official_lang,married,other.attached,external.movers
817694,933,f,a50_54,eo_bio_Irish,official_lang,work.no.official_lang,no.married,other.attached,non.movers
700281,933,m,a30_34,ao_osao,official_lang,work.no.official_lang,no.married,other.attached,other.movers
236976,933,f,a55_59,onao_Canadian,official_lang,work.official_lang,married,other.attached,non.movers
2952,933,m,a15_19,eo_bio_English,no.official_lang,work.no.official_lang,no.married,other.attached,external.movers
383971,933,m,a0_4,eo_bio_English,official_lang,work.official_lang,married,other.attached,non.movers
156008,933,m,a50_54,naao,official_lang,work.official_lang,living.common.law,other.attached,non.movers
110883,933,m,a45_49,ao_osao,official_lang,work.no.official_lang,married,other.attached,non.movers
503329,933,m,a10_14,onao,official_lang,work.no.official_lang,no.married,other.attached,non.movers
294419,933,m,a55_59,onao_Canadian,official_lang,work.official_lang,no.married,other.attached,non.movers
650685,933,m,a15_19,ao_esao_Chinese,official_lang,work.no.official_lang,married,single.detached.house,non.movers
466447,933,m,a30_34,lcsao,official_lang,work.no.official_lang,married,single.detached.house,non.movers
93667,933,f,a40_44,eo_fo,no.official_lang,work.official_lang,married,other.attached,non.movers
488143,933,m,a10_14,ao_esao_Chinese,official_lang,work.no.official_lang,no.married,other.attached,non.movers
795525,933,m,a55_59,ao_esao_Chinese,official_lang,work.no.official_lang,living.common.law,other.attached,non.movers
133518,933,m,a15_19,lcsao,no.official_lang,work.official_lang,no.married,other.attached,non.movers
503164,933,f,a55_59,eo_bio_English,official_lang,work.official_lang,married,other.attached,non.movers
21661,933,m,a55_59,eo_obio,official_lang,work.no.official_lang,married,other.attached,non.movers
182266,933,f,a20_24,ao_esao_Chinese,official_lang,work.official_lang,married,other.attached,nonmigrants.movers
901302,933,m,a65_69,eo_weo_German,official_lang,work.no.official_lang,married,other.attached,non.movers
124269,933,f,a10_14,eo_bio_Irish,official_lang,work.no.official_lang,married,other.attached,non.movers
529877,933,m,a50_54,ao_esao_Chinese,official_lang,work.official_lang,married,other.attached,non.movers
316365,933,f,a30_34,onao_Canadian,official_lang,work.official_lang,no.married,other.attached,other.movers
883236,933,f,a55_59,ao_oesao,official_lang,work.no.official_lang,married,other.attached,non.movers
465581,933,m,a20_24,onao_Canadian,official_lang,work.official_lang,no.married,other.attached,non.movers
813053,933,m,a70_74,ao_osao,official_lang,work.official_lang,widowed,single.detached.house,non.movers
204945,933,f,a10_14,ao_esao_Chinese,official_lang,work.official_lang,married,other.attached,non.movers
415814,933,m,a60_64,eo_weo_Dutch,official_lang,work.no.official_lang,no.married,other.attached,nonmigrants.movers
516827,933,m,a35_39,oco,official_lang,work.no.official_lang,married,other.attached,non.movers
483362,933,f,a30_34,ao_esao_Chinese,official_lang,work.no.official_lang,living.common.law,other.attached,non.movers
73886,933,f,a10_14,ao_esao_Chinese,official_lang,work.official_lang,no.married,other.attached,non.movers
342605,933,m,a60_64,eo_neo,official_lang,work.no.official_lang,married,other.attached,interprovincial.movers
796969,933,m,a55_59,eo_bio_English,official_lang,work.no.official_lang,no.married,other.attached,non.movers
799853,933,f,a50_54,eo_weo_German,official_lang,work.no.official_lang,divorced,other.attached,non.movers
81226,933,m,a60_64,eo_bio_Scottish,official_lang,work.no.official_lang,no.married,single.detached.house,non.movers
211153,933,m,a45_49,eo_eeo_Ukrainian,official_lang,work.no.official_lang,no.married,single.detached.house,non.movers
28974,933,m,a10_14,ao_sao_ei,official_lang,work.no.official_lang,living.common.law,other.attached,non.movers
666678,933,m,a20_24,naao,official_lang,work.official_lang,married,other.attached,non.movers
541226,933,m,a70_74,eo_weo_Dutch,official_lang,work.no.official_lang,married,other.attached,nonmigrants.movers
501670,933,m,a40_44,eo_bio_English,official_lang,work.official_lang,no.married,other.attached,non.movers
775854,933,f,a50_54,onao_Canadian,official_lang,work.official_lang,married,other.attached,non.movers
139062,933,f,a10_14,eo_bio_Irish,official_lang,work.official_lang,married,other.attached,non.movers
479322,933,m,a5_9,ao_esao_Chinese,official_lang,work.official_lang,living.common.law,single.detached.house,non.movers
497780,933,f,a15_19,eo_bio_Scottish,official_lang,work.official_lang,no.married,other.attached,non.movers
272796,933,f,a35_39,onao_Canadian,official_lang,work.official_lang,married,other.attached,non.movers
436024,933,f,a45_49,onao_Canadian,official_lang,work.official_lang,no.married,other.attached,nonmigrants.movers
742145,933,f,a40_44,ao,official_lang,work.official_lang,divorced,other.attached,non.movers
86198,933,m,a50_54,onao_Canadian,official_lang,work.no.official_lang,no.married,other.attached,non.movers
233793,933,m,a55_59,ao_esao_Chinese,official_lang,work.no.official_lang,married,other.attached,non.movers
320554,933,f,a5_9,ao_esao_Chinese,official_lang,work.official_lang,married,other.attached,non.movers
600959,933,m,a40_44,onao_Canadian,official_lang,work.official_lang,no.married,other.attached,non.movers
503046,933,m,a10_14,eo_oeo,official_lang,work.official_lang,no.married,other.attached,non.movers
890011,933,m,a35_39,lcsao,no.official_lang,work.no.official_lang,no.married,other.attached,nonmigrants.movers
481552,933,f,a20_24,ao_esao_Chinese,official_lang,work.official_lang,no.married,other.attached,nonmigrants.movers
557828,933,m,a65_69,onao_Canadian,official_lang,work.official_lang,married,other.attached,interprovincial.movers
210206,933,m,a25_29,eo_weo_Dutch,official_lang,work.no.official_lang,married,other.attached,non.movers
50225,933,f,a35_39,eo_weo_Dutch,official_lang,work.no.official_lang,married,other.attached,non.movers
750078,933,f,a45_49,ao_esao_Chinese,official_lang,work.official_lang,married,other.attached,nonmigrants.movers
518883,933,f,a65_69,eo_bio_English,official_lang,work.official_lang,separated,other.attached,non.movers
908320,933,m,a55_59,ao_oesao,official_lang,work.official_lang,married,other.attached,non.movers
515779,933,m,a75_79,onao_Canadian,no.official_lang,work.official_lang,no.married,other.attached,interprovincial.movers
301990,933,m,a40_44,eo_fo,no.official_lang,work.no.official_lang,no.married,single.detached.house,non.movers
804110,933,f,a20_24,eo_oweo,official_lang,work.no.official_lang,no.married,other.attached,non.movers
22859,933,f,a40_44,onao_Canadian,official_lang,work.no.official_lang,no.married,other.attached,non.movers
145250,933,m,a70_74,ao_oesao,official_lang,work.official_lang,living.common.law,other.attached,external.movers
662684,933,f,a55_59,ao_osao,official_lang,work.no.official_lang,married,other.attached,non.movers
210455,933,f,a5_9,ao_esao_Chinese,official_lang,work.official_lang,no.married,single.detached.house,non.movers
51003,933,m,a25_29,onao,official_lang,work.official_lang,living.common.law,single.detached.house,non.movers
397081,933,f,a30_34,ao_esao_Chinese,official_lang,work.no.official_lang,no.married,single.detached.house,non.movers
434828,933,m,a40_44,onao_Canadian,official_lang,work.official_lang,married,other.attached,nonmigrants.movers
29475,933,m,a35_39,onao_Canadian,official_lang,work.no.official_lang,married,single.detached.house,non.movers
93004,933,m,a50_54,eo_fo,official_lang,work.official_lang,no.married,other.attached,non.movers
67644,933,m,a30_34,ao_oesao,official_lang,work.official_lang,married,other.attached,interprovincial.movers
771135,933,f,a35_39,onao_Canadian,official_lang,work.no.official_lang,no.married,other.attached,other.movers
684272,933,m,a55_59,ao_sao_ei,official_lang,work.official_lang,no.married,single.detached.house,non.movers
419596,933,f,a35_39,onao_Canadian,official_lang,work.official_lang,no.married,other.attached,non.movers
528159,933,m,a40_44,eo_weo_Dutch,official_lang,work.official_lang,married,other.attached,non.movers
30394,933,f,a20_24,eo_oeeo,official_lang,work.official_lang,married,single.detached.house,non.movers
799878,933,m,a40_44,eo_bio_English,official_lang,work.no.official_lang,no.married,other.attached,external.movers
518332,933,f,a10_14,ao_esao_Filipino,official_lang,work.official_lang,married,other.attached,non.movers
437674,933,m,a55_59,ao_osao,official_lang,work.no.official_lang,married,single.detached.house,non.movers
112374,933,m,a40_44,onao_Canadian,official_lang,work.no.official_lang,no.married,single.detached.house,non.movers
459523,933,m,a10_14,eo_eeo_Ukrainian,official_lang,work.no.official_lang,married,other.attached,non.movers
566924,933,m,a5_9,onao_Canadian,official_lang,work.official_lang,no.married,single.detached.house,non.movers
757742,933,f,a45_49,onao_Canadian,official_lang,work.no.official_lang,no.married,other.attached,non.movers
72644,933,m,a30_34,eo_neo,official_lang,work.official_lang,no.married,single.detached.house,non.movers
676875,933,m,a75_79,ao_oesao,no.official_lang,work.official_lang,no.married,other.attached,non.movers
115336,933,f,a5_9,eo_obio,official_lang,work.no.official_lang,married,other.attached,non.movers
915452,933,m,a10_14,ao_esao_Chinese,official_lang,work.official_lang,married,other.attached,external.movers
719496,933,m,a15_19,eo_bio_Scottish,official_lang,work.official_lang,married,other.attached,non.movers
114241,933,m,a50_54,ao_esao_Chinese,official_lang,work.no.official_lang,married,other.attached,non.movers
1151,933,m,a5_9,eo_bio_English,official_lang,work.no.official_lang,living.common.law,other.attached,nonmigrants.movers
811794,933,m,a60_64,ao_oesao,official_lang,work.official_lang,married,other.attached,non.movers
682466,933,f,a5_9,ao_esao_Chinese,official_lang,work.no.official_lang,married,other.attached,non.movers
441309,933,m,a15_19,ao_oesao,official_lang,work.official_lang,no.married,other.attached,non.movers
777572,933,f,a15_19,ao_sao_ei,official_lang,work.no.official_lang,married,other.attached,non.movers
420628,933,m,a45_49,eo_fo,official_lang,work.official_lang,no.married,other.attached,non.movers
421494,933,f,a30_34,ao_esao_Filipino,no.official_lang,work.official_lang,married,other.attached,non.movers
620655,933,m,a15_19,eo_weo_German,official_lang,work.official_lang,living.common.law,other.attached,non.movers
85368,933,m,a15_19,ao_esao_Chinese,official_lang,work.official_lang,married,other.attached,non.movers
454144,933,m,a45_49,ao_oesao,no.official_lang,work.official_lang,no.married,other.attached,other.movers
706036,933,m,a0_4,onao_Canadian,no.official_lang,work.official_lang,living.common.law,other.attached,other.movers
852909,933,m,a55_59,eo_eeo_Russian,official_lang,work.official_lang,married,other.attached,non.movers
507612,933,f,a50_54,eo_fo,official_lang,work.no.official_lang,no.married,other.attached,non.movers
775996,933,m,a5_9,oo,official_lang,work.no.official_lang,married,other.attached,non.movers
262040,933,f,a15_19,eo_bio_English,no.official_lang,work.official_lang,married,other.attached,non.movers
421142,933,m,a15_19,eo_bio_Irish,official_lang,work.no.official_lang,married,single.detached.house,non.movers
495486,933,f,a55_59,eo_bio_Scottish,official_lang,work.official_lang,married,other.attached,non.movers
593775,933,m,a60_64,ao_esao_Chinese,official_lang,work.no.official_lang,no.married,other.attached,non.movers
908803,933,m,a0_4,ao_oesao,official_lang,work.no.official_lang,divorced,other.attached,non.movers
760328,933,m,a5_9,ao_sao_ei,official_lang,work.official_lang,married,other.attached,non.movers
94314,933,f,a30_34,onao_Canadian,official_lang,work.official_lang,no.married,other.attached,nonmigrants.movers
453399,933,f,a45_49,onao_Canadian,official_lang,work.official_lang,married,other.attached,non.movers
785528,933,m,a55_59,ao_oesao,official_lang,work.official_lang,no.married,single.detached.house,non.movers
106111,933,m,a55_59,oco,official_lang,work.official_lang,married,other.attached,non.movers
470377,933,f,a55_59,ao_esao_Chinese,official_lang,work.official_lang,living.common.law,other.attached,non.movers
900629,933,m,a20_24,ao_esao_Chinese,official_lang,work.no.official_lang,married,other.attached,non.movers
11611,933,m,a45_49,onao_Canadian,official_lang,work.no.official_lang,married,other.attached,external.movers
641298,933,m,a50_54,ao_esao_Chinese,official_lang,work.official_lang,married,other.attached,non.movers
544962,933,f,a0_4,ao_sao_ei,official_lang,work.official_lang,married,other.attached,interprovincial.movers
21374,933,m,a50_54,eo_bio_English,official_lang,work.no.official_lang,married,other.attached,non.movers
429409,933,f,a20_24,onao_Canadian,official_lang,work.official_lang,married,other.attached,non.movers
158309,933,m,a15_19,ao_sao_ei,official_lang,work.official_lang,married,other.attached,non.movers
753681,933,f,a35_39,onao_Canadian,official_lang,work.official_lang,married,other.attached,non.movers
121053,933,f,a5_9,ao_oesao,official_lang,work.no.official_lang,married,other.attached,non.movers
794259,933,m,a15_19,ao_esao_Chinese,official_lang,work.no.official_lang,no.married,other.attached,non.movers
814566,933,f,a30_34,lcsao,official_lang,work.official_lang,no.married,other.attached,nonmigrants.movers
95109,933,f,a10_14,ao_esao_Chinese,official_lang,work.no.official_lang,no.married,other.attached,non.movers
263807,933,m,a40_44,ao_sao_ei,official_lang,work.no.official_lang,no.married,other.attached,non.movers
476200,933,f,a10_14,ao_sao_ei,official_lang,work.no.official_lang,married,other.attached,non.movers
432245,933,f,a45_49,eo_weo_German,official_lang,work.official_lang,married,single.detached.house,non.movers
891524,933,f,a35_39,eo_neo,official_lang,work.no.official_lang,married,other.attached,non.movers
173051,933,m,a0_4,eo_obio,official_lang,work.no.official_lang,no.married,other.attached,external.movers
457129,933,f,a40_44,eo_bio_Scottish,official_lang,work.no.official_lang,no.married,other.attached,non.movers
687087,933,m,a5_9,ao_esao_Chinese,official_lang,work.no.official_lang,married,single.detached.house,non.movers
608201,933,m,a40_44,lcsao,official_lang,work.official_lang,married,single.detached.house,non.movers
262973,933,f,a15_19,eo_bio_Irish,official_lang,work.no.official_lang,married,other.attached,non.movers
833742,933,m,a50_54,eo_neo,official_lang,work.no.official_lang,married,other.attached,non.movers
521795,933,m,a70_74,lcsao,official_lang,work.official_lang,no.married,other.attached,non.movers
84193,933,m,a25_29,eo_bio_English,official_lang,work.official_lang,married,other.attached,other.movers
61664,933,f,a40_44,eo_bio_English,official_lang,work.official_lang,divorced,single.detached.house,non.movers
722055,933,f,a0_4,eo_eeo_Ukrainian,official_lang,work.no.official_lang,no.married,other.attached,non.movers
57574,933,m,a5_9,eo_oeeo,official_lang,work.no.official_lang,married,single.detached.house,non.movers
155885,933,m,a0_4,ao_esao_Chinese,official_lang,work.official_lang,married,other.attached,non.movers
27292,933,m,a0_4,eo_bio_Scottish,official_lang,work.no.official_lang,no.married,other.attached,non.movers
743199,933,f,a5_9,onao_Canadian,official_lang,work.official_lang,married,other.attached,non.movers
790767,933,m,a30_34,eo_oweo,official_lang,work.no.official_lang,married,single.detached.house,non.movers
666538,933,m,a50_54,ao_esao_Chinese,official_lang,work.no.official_lang,no.married,other.attached,non.movers
403265,933,m,a55_59,eo_bio_Irish,official_lang,work.no.official_lang,living.common.law,single.detached.house,non.movers
266298,933,f,a0_4,eo_bio_Irish,official_lang,work.no.official_lang,divorced,other.attached,nonmigrants.movers
522909,933,m,a55_59,eo_bio_Irish,official_lang,work.no.official_lang,married,other.attached,non.movers
369957,933,f,a45_49,ao_sao_ei,official_lang,work.no.official_lang,married,other.attached,non.movers
883959,933,f,a40_44,onao_Canadian,official_lang,work.official_lang,married,other.attached,non.movers
623122,933,m,a40_44,eo_oeeo,official_lang,work.no.official_lang,married,other.attached,non.movers
514525,933,m,a40_44,eo_bio_English,official_lang,work.no.official_lang,divorced,single.detached.house,non.movers
846448,933,m,a5_9,eo_eeo_Hungarian,official_lang,work.no.official_lang,married,other.attached,non.movers
262088,933,f,a30_34,ao_oesao,official_lang,work.official_lang,no.married,other.attached,non.movers
368297,933,f,a35_39,ao_osao,official_lang,work.no.official_lang,no.married,other.attached,non.movers
328469,933,m,a20_24,ao_sao_ei,official_lang,work.no.official_lang,married,other.attached,non.movers
578284,933,m,a30_34,ao_sao_ei,official_lang,work.official_lang,no.married,other.attached,non.movers
74502,933,f,a55_59,onao_Canadian,official_lang,work.no.official_lang,married,other.attached,nonmigrants.movers
196927,933,f,a35_39,ao_oesao,official_lang,work.no.official_lang,divorced,other.attached,non.movers
159247,933,m,a60_64,onao_Canadian,official_lang,work.no.official_lang,no.married,other.attached,non.movers
569804,933,f,a5_9,onao,official_lang,work.official_lang,married,other.attached,non.movers
552966,933,m,a50_54,ao_esao_Chinese,official_lang,work.no.official_lang,married,other.attached,non.movers
570434,933,m,a45_49,ao_esao_Chinese,official_lang,work.official_lang,separated,single.detached.house,non.movers
664626,933,f,a15_19,ao_oesao,no.official_lang,work.official_lang,no.married,other.attached,non.movers
652799,933,m,a45_49,ao_sao_ei,official_lang,work.no.official_lang,divorced,other.attached,non.movers
735875,933,f,a70_74,ao_esao_Chinese,official_lang,work.no.official_lang,married,other.attached,non.movers
474649,933,f,a30_34,eo_eeo_Hungarian,official_lang,work.no.official_lang,no.married,single.detached.house,non.movers
585467,933,m,a10_14,ao_oesao,no.official_lang,work.no.official_lang,no.married,other.attached,non.movers
730219,933,f,a25_29,eo_neo,official_lang,work.no.official_lang,no.married,other.attached,non.movers
521438,933,m,a20_24,eo_bio_Irish,official_lang,work.no.official_lang,married,other.attached,non.movers
623909,933,f,a10_14,eo_bio_English,official_lang,work.official_lang,separated,other.attached,non.movers
286041,933,f,a45_49,eo_bio_Scottish,official_lang,work.official_lang,no.married,single.detached.house,non.movers
766136,933,m,a30_34,eo_bio_English,official_lang,work.no.official_lang,married,other.attached,other.movers
382962,933,f,a15_19,onao_Canadian,official_lang,work.official_lang,married,other.attached,non.movers
766224,933,f,a45_49,onao_Canadian,official_lang,work.official_lang,married,single.detached.house,non.movers
769817,933,m,a10_14,ao_esao_Chinese,official_lang,work.no.official_lang,no.married,other.attached,non.movers
781980,933,f,a30_34,eo_weo_German,official_lang,work.official_lang,no.married,other.attached,non.movers
525440,933,m,a35_39,onao_Canadian,official_lang,work.official_lang,married,other.attached,non.movers
719268,933,m,a55_59,ao_sao_ei,no.official_lang,work.no.official_lang,no.married,other.attached,non.movers
53968,933,f,a55_59,ao_esao_Chinese,no.official_lang,work.no.official_lang,no.married,other.attached,non.movers
614250,933,m,a50_54,eo_neo,official_lang,work.official_lang,living.common.law,other.attached,non.movers
640234,933,m,a35_39,ao_esao_Chinese,official_lang,work.no.official_lang,no.married,other.attached,non.movers
819754,933,m,a55_59,ao_sao_ei,official_lang,work.official_lang,married,other.attached,non.movers
324179,933,m,a75_79,ao_wcameo,no.official_lang,work.no.official_lang,married,other.attached,external.movers
204371,933,f,a40_44,naao,official_lang,work.official_lang,no.married,other.attached,interprovincial.movers
23696,933,f,a55_59,ao_esao_Chinese,official_lang,work.official_lang,no.married,other.attached,non.movers
32275,933,f,a50_54,eo_neo,official_lang,work.no.official_lang,married,other.attached,non.movers
492414,933,f,a40_44,eo_oeeo,official_lang,work.no.official_lang,married,other.attached,non.movers
776801,933,f,a70_74,eo_bio_Irish,official_lang,work.official_lang,married,other.attached,nonmigrants.movers
447785,933,m,a10_14,onao_Canadian,official_lang,work.no.official_lang,no.married,other.attached,non.movers
914055,933,m,a55_59,eo_oeeo,official_lang,work.official_lang,married,other.attached,non.movers
399572,933,f,a20_24,eo_fo,official_lang,work.no.official_lang,no.married,single.detached.house,non.movers
878053,933,f,a40_44,eo_bio_Irish,official_lang,work.official_lang,no.married,other.attached,non.movers
659170,933,f,a65_69,eo_bio_Irish,official_lang,work.no.official_lang,no.married,other.attached,non.movers
871335,933,f,a50_54,eo_fo,official_lang,work.official_lang,married,single.detached.house,non.movers
898663,933,f,a15_19,ao_oesao,official_lang,work.no.official_lang,married,other.attached,non.movers
534299,933,f,a0_4,eo_fo,official_lang,work.official_lang,no.married,other.attached,non.movers
730579,933,f,a50_54,eo_neo,official_lang,work.official_lang,no.married,other.attached,external.movers
841684,933,f,a15_19,ao_esao_Chinese,official_lang,work.no.official_lang,married,other.attached,non.movers
540100,933,m,a45_49,eo_bio_Scottish,official_lang,work.official_lang,married,other.attached,external.movers
490883,933,m,a45_49,ao_esao_Chinese,official_lang,work.official_lang,married,other.attached,non.movers
143890,933,m,a60_64,ao_oesao,official_lang,work.no.official_lang,married,other.attached,non.movers
587562,933,m,a5_9,ao_esao_Chinese,official_lang,work.official_lang,no.married,other.attached,non.movers
167752,933,m,a45_49,ao_sao_ei,official_lang,work.official_lang,no.married,other.attached,non.movers
624169,933,f,a20_24,ao_esao_Chinese,official_lang,work.official_lang,no.married,other.attached,non.movers
231754,933,m,a5_9,ao_esao_Chinese,no.official_lang,work.no.official_lang,no.married,other.attached,non.movers
843166,933,m,a15_19,ao_oesao,official_lang,work.official_lang,no.married,other.attached,external.movers
903863,933,f,a15_19,eo_weo_German,official_lang,work.official_lang,no.married,single.detached.house,non.movers
178062,933,f,a70_74,eo_bio_Irish,official_lang,work.official_lang,living.common.law,single.detached.house,non.movers
209037,933,f,a40_44,ao_esao_Chinese,official_lang,work.official_lang,no.married,other.attached,non.movers
442849,933,m,a5_9,ao_esao_Chinese,official_lang,work.official_lang,divorced,other.attached,non.movers
539540,933,m,a65_69,eo_weo_German,official_lang,work.official_lang,no.married,single.detached.house,non.movers
929417,933,f,a45_49,eo_bio_Scottish,official_lang,work.no.official_lang,no.married,other.attached,non.movers
313307,933,m,a40_44,eo_bio_Scottish,official_lang,work.official_lang,divorced,other.attached,nonmigrants.movers
471116,933,f,a60_64,onao_Canadian,official_lang,work.official_lang,separated,other.attached,non.movers
122913,933,f,a0_4,onao_Canadian,official_lang,work.official_lang,no.married,other.attached,non.movers
621869,933,m,a5_9,ao_esao_Chinese,official_lang,work.no.official_lang,no.married,other.attached,non.movers
752591,933,f,a20_24,eo_bio_Scottish,official_lang,work.official_lang,married,other.attached,non.movers
106336,933,f,a45_49,ao_esao_Filipino,official_lang,work.official_lang,married,other.attached,non.movers
103552,933,f,a70_74,eo_bio_Scottish,official_lang,work.official_lang,divorced,other.attached,external.movers
193474,933,f,a0_4,ao_esao_Chinese,official_lang,work.no.official_lang,married,other.attached,non.movers
289010,933,f,a45_49,onao_Canadian,official_lang,work.no.official_lang,no.married,other.attached,non.movers
624688,933,m,a45_49,eo_oweo,official_lang,work.no.official_lang,no.married,other.attached,non.movers
286901,933,f,a25_29,eo_bio_English,official_lang,work.no.official_lang,no.married,single.detached.house,non.movers
235003,933,m,a25_29,onao,official_lang,work.no.official_lang,widowed,other.attached,non.movers
660579,933,f,a15_19,eo_bio_English,official_lang,work.no.official_lang,divorced,single.detached.house,non.movers
232620,933,m,a5_9,eo_eeo_Polish,official_lang,work.official_lang,married,other.attached,non.movers
417800,933,m,a45_49,eo_bio_English,official_lang,work.official_lang,no.married,other.attached,non.movers
444380,933,f,a5_9,eo_bio_Irish,official_lang,work.official_lang,married,other.attached,non.movers
495564,933,m,a35_39,ao_oesao,no.official_lang,work.official_lang,no.married,other.attached,non.movers
479624,933,m,a70_74,ao_esao_Chinese,official_lang,work.no.official_lang,married,other.attached,non.movers
217370,933,m,a40_44,eo_bio_Irish,official_lang,work.no.official_lang,married,other.attached,non.movers
726712,933,m,a70_74,eo_neo,official_lang,work.official_lang,no.married,other.attached,external.movers
333492,933,m,a10_14,onao_Canadian,official_lang,work.official_lang,no.married,other.attached,non.movers
624994,933,m,a30_34,eo_weo_German,official_lang,work.official_lang,married,single.detached.house,non.movers
416889,933,f,a0_4,ao_esao_Chinese,official_lang,work.no.official_lang,divorced,other.attached,nonmigrants.movers
65999,933,m,a40_44,ao_oesao,official_lang,work.no.official_lang,no.married,other.attached,non.movers
302990,933,f,a55_59,eo_bio_English,official_lang,work.official_lang,no.married,other.attached,non.movers
182401,933,f,a35_39,ao_esao_Chinese,official_lang,work.official_lang,no.married,single.detached.house,non.movers
689841,933,m,a5_9,eo_eeo_Ukrainian,official_lang,work.no.official_lang,married,other.attached,non.movers
828188,933,m,a75_79,ao_sao_ei,official_lang,work.no.official_lang,no.married,other.attached,non.movers
315177,933,f,a60_64,ao_esao_Chinese,official_lang,work.no.official_lang,married,other.attached,non.movers
383180,933,m,a55_59,ao_esao_Chinese,official_lang,work.official_lang,married,single.detached.house,non.movers
601057,933,f,a25_29,onao_Canadian,official_lang,work.official_lang,no.married,other.attached,non.movers
688664,933,m,a50_54,ao_esao_Chinese,official_lang,work.no.official_lang,divorced,other.attached,non.movers
121798,933,f,a40_44,eo_bio_English,official_lang,work.official_lang,no.married,other.attached,non.movers
839201,933,m,a35_39,onao_Canadian,official_lang,work.official_lang,married,other.attached,non.movers
412293,933,f,a45_49,ao_oesao,no.official_lang,work.no.official_lang,no.married,other.attached,non.movers
838048,933,m,a0_4,ao_esao_Chinese,official_lang,work.official_lang,no.married,other.attached,external.movers
92208,933,f,a5_9,ao_esao_Filipino,official_lang,work.no.official_lang,married,single.detached.house,non.movers
2962,933,f,a70_74,eo_bio_Scottish,official_lang,work.no.official_lang,no.married,other.attached,non.movers
155433,933,f,a30_34,eo_bio_Scottish,official_lang,work.official_lang,no.married,other.attached,non.movers
57935,933,m,a50_54,eo_bio_Scottish,official_lang,work.no.official_lang,married,other.attached,non.movers
201967,933,m,a5_9,ao_sao_ei,official_lang,work.official_lang,no.married,single.detached.house,non.movers
48009,933,m,a10_14,eo_bio_Scottish,official_lang,work.official_lang,separated,other.attached,non.movers
418189,933,m,a75_79,ao_oesao,official_lang,work.official_lang,no.married,other.attached,non.movers
557668,933,m,a45_49,eo_bio_English,official_lang,work.official_lang,married,other.attached,non.movers
575142,933,m,a45_49,ao_sao_ei,official_lang,work.no.official_lang,married,single.detached.house,non.movers
861568,933,f,a20_24,onao_Canadian,official_lang,work.official_lang,no.married,other.attached,non.movers
376042,933,m,a15_19,naao,official_lang,work.official_lang,married,other.attached,non.movers
223019,933,m,a60_64,ao_oesao,no.official_lang,work.official_lang,married,other.attached,external.movers
667092,933,m,a0_4,ao_oesao,official_lang,work.no.official_lang,no.married,other.attached,other.movers
73721,933,m,a45_49,ao_oesao,official_lang,work.no.official_lang,no.married,other.attached,non.movers
33832,933,m,a0_4,ao_esao_Chinese,official_lang,work.no.official_lang,married,other.attached,non.movers
68030,933,m,a15_19,ao_esao_Chinese,official_lang,work.official_lang,no.married,other.attached,non.movers
667552,933,m,a0_4,onao_Canadian,official_lang,work.no.official_lang,married,other.attached,non.movers
511675,933,m,a40_44,eo_bio_Irish,official_lang,work.official_lang,no.married,other.attached,non.movers
94307,933,f,a50_54,ao_sao_ei,official_lang,work.official_lang,married,other.attached,non.movers
500399,933,f,a40_44,eo_bio_Scottish,official_lang,work.no.official_lang,divorced,other.attached,other.movers
853411,933,f,a5_9,ao_esao_Chinese,official_lang,work.official_lang,married,other.attached,external.movers
657825,933,f,a55_59,ao_esao_Chinese,official_lang,work.no.official_lang,widowed,other.attached,non.movers
762563,933,m,a40_44,eo_eeo_Polish,official_lang,work.official_lang,no.married,other.attached,non.movers
727533,933,m,a40_44,onao_Canadian,official_lang,work.official_lang,married,other.attached,non.movers
779020,933,m,a20_24,ao_sao_ei,official_lang,work.no.official_lang,no.married,other.attached,non.movers
817342,933,f,a55_59,onao_Canadian,official_lang,work.no.official_lang,married,other.attached,nonmigrants.movers
13935,933,f,a5_9,ao_oesao,official_lang,work.no.official_lang,married,other.attached,non.movers
911263,933,m,a55_59,eo_oweo,official_lang,work.official_lang,married,other.attached,non.movers
861905,933,f,a5_9,oo,official_lang,work.no.official_lang,married,other.attached,nonmigrants.movers
606656,933,m,a5_9,ao_sao_ei,official_lang,work.no.official_lang,married,other.attached,non.movers
439569,933,m,a55_59,eo_seo_Italian,official_lang,work.official_lang,married,other.attached,non.movers
318475,933,f,a65_69,ao_esao_Chinese,official_lang,work.no.official_lang,married,single.detached.house,non.movers
464581,933,f,a50_54,onao_Canadian,official_lang,work.no.official_lang,widowed,other.attached,non.movers
26984,933,f,a50_54,eo_weo_German,official_lang,work.official_lang,married,other.attached,external.movers
384003,933,f,a0_4,ao_esao_Chinese,official_lang,work.no.official_lang,married,single.detached.house,non.movers
237274,933,f,a45_49,ao_esao_Chinese,official_lang,work.official_lang,married,other.attached,non.movers
112624,933,m,a15_19,eo_bio_English,official_lang,work.no.official_lang,married,other.attached,non.movers
479487,933,m,a50_54,ao_esao_Chinese,official_lang,work.official_lang,married,other.attached,non.movers
305926,933,m,a65_69,eo_weo_German,official_lang,work.official_lang,married,other.attached,external.movers
91687,933,f,a70_74,ao_esao_Filipino,official_lang,work.official_lang,divorced,other.attached,non.movers
318858,933,m,a35_39,ao_sao_ei,official_lang,work.official_lang,married,other.attached,non.movers
330713,933,f,a0_4,eo_seo_Italian,no.official_lang,work.official_lang,no.married,other.attached,non.movers
74972,933,m,a40_44,ao_oesao,official_lang,work.no.official_lang,married,other.attached,non.movers
615474,933,m,a55_59,ao_esao_Chinese,official_lang,work.no.official_lang,living.common.law,other.attached,non.movers
52574,933,f,a35_39,lcsao,official_lang,work.official_lang,married,other.attached,non.movers
486700,933,f,a70_74,eo_bio_Scottish,official_lang,work.official_lang,married,other.attached,nonmigrants.movers
778057,933,m,a60_64,eo_seo_Italian,official_lang,work.no.official_lang,no.married,single.detached.house,non.movers
899521,933,f,a45_49,eo_weo_German,official_lang,work.no.official_lang,no.married,other.attached,non.movers
650022,933,f,a40_44,eo_bio_Irish,official_lang,work.no.official_lang,married,other.attached,non.movers
643084,933,m,a45_49,ao_sao_ei,official_lang,work.official_lang,no.married,other.attached,non.movers
484681,933,f,a15_19,ao_esao_Chinese,official_lang,work.no.official_lang,no.married,other.attached,non.movers
636425,933,m,a30_34,onao_Canadian,official_lang,work.official_lang,no.married,other.attached,other.movers
143550,933,m,a5_9,ao_sao_ei,official_lang,work.no.official_lang,married,other.attached,non.movers
485912,933,f,a35_39,eo_oseo,official_lang,work.no.official_lang,no.married,other.attached,nonmigrants.movers
395381,933,f,a55_59,eo_obio,official_lang,work.no.official_lang,married,other.attached,nonmigrants.movers
378940,933,f,a35_39,ao_esao_Chinese,official_lang,work.no.official_lang,no.married,other.attached,non.movers
418356,933,f,a0_4,ao_esao_Chinese,official_lang,work.official_lang,no.married,other.attached,non.movers
846244,933,f,a5_9,onao_Canadian,official_lang,work.no.official_lang,married,single.detached.house,non.movers
3743,933,f,a30_34,ao_esao_Chinese,official_lang,work.official_lang,no.married,other.attached,non.movers
204766,933,m,a30_34,eo_bio_Scottish,no.official_lang,work.official_lang,married,other.attached,non.movers
853398,933,m,a15_19,eo_bio_English,official_lang,work.no.official_lang,married,single.detached.house,non.movers
799796,933,f,a45_49,onao_Canadian,official_lang,work.no.official_lang,married,other.attached,non.movers
640951,933,m,a5_9,eo_neo,official_lang,work.no.official_lang,married,other.attached,non.movers
52078,933,f,a30_34,eo_oeeo,official_lang,work.official_lang,no.married,single.detached.house,non.movers
333765,933,f,a15_19,eo_bio_Scottish,no.official_lang,work.no.official_lang,married,other.attached,non.movers
545315,933,m,a60_64,eo_neo,no.official_lang,work.official_lang,married,other.attached,non.movers
437242,933,m,a40_44,ao_osao,official_lang,work.no.official_lang,married,other.attached,non.movers
443481,933,m,a40_44,onao_Canadian,official_lang,work.official_lang,married,other.attached,non.movers
6953,933,f,a0_4,eo_obio,official_lang,work.no.official_lang,no.married,other.attached,non.movers
61062,933,m,a35_39,ao_esao_Filipino,official_lang,work.no.official_lang,separated,other.attached,non.movers
734401,933,m,a15_19,eo_obio,official_lang,work.no.official_lang,living.common.law,other.attached,non.movers
718103,933,m,a55_59,eo_eeo_Ukrainian,official_lang,work.official_lang,married,other.attached,non.movers
905019,933,m,a45_49,ao_esao_Chinese,official_lang,work.no.official_lang,no.married,other.attached,non.movers
781155,933,m,a10_14,ao_sao_ei,official_lang,work.no.official_lang,married,other.attached,non.movers
848932,933,f,a45_49,ao_oesao,official_lang,work.official_lang,no.married,other.attached,non.movers
322467,933,f,a60_64,eo_seo_Italian,official_lang,work.no.official_lang,separated,other.attached,external.movers
843507,933,f,a30_34,naao,official_lang,work.no.official_lang,married,other.attached,other.movers
393227,933,m,a15_19,onao_Canadian,official_lang,work.official_lang,separated,other.attached,non.movers
296841,933,m,a50_54,onao_Canadian,official_lang,work.official_lang,no.married,other.attached,external.movers
282995,933,f,a40_44,eo_bio_Irish,official_lang,work.official_lang,married,single.detached.house,non.movers
259067,933,m,a70_74,onao_Canadian,official_lang,work.official_lang,married,other.attached,non.movers
507500,933,f,a15_19,ao_oesao,official_lang,work.official_lang,divorced,other.attached,nonmigrants.movers
865256,933,m,a25_29,eo_bio_Scottish,official_lang,work.no.official_lang,married,other.attached,nonmigrants.movers
770498,933,f,a55_59,eo_bio_Scottish,official_lang,work.no.official_lang,no.married,other.attached,nonmigrants.movers
381319,933,m,a75_79,eo_eeo_Russian,official_lang,work.official_lang,married,other.attached,non.movers
500960,933,f,a15_19,eo_obio,official_lang,work.official_lang,divorced,other.attached,non.movers
882607,933,f,a50_54,eo_weo_German,official_lang,work.no.official_lang,married,other.attached,nonmigrants.movers
859922,933,m,a55_59,eo_bio_English,official_lang,work.official_lang,no.married,other.attached,non.movers
166721,933,f,a40_44,eo_weo_Dutch,official_lang,work.no.official_lang,divorced,other.attached,non.movers
72452,933,m,a65_69,onao_Canadian,official_lang,work.no.official_lang,married,other.attached,non.movers
887337,933,f,a0_4,ao_esao_Chinese,official_lang,work.official_lang,no.married,other.attached,non.movers
234533,933,m,a10_14,ao_esao_Chinese,official_lang,work.no.official_lang,married,other.attached,non.movers
207558,933,f,a15_19,ao_oesao,official_lang,work.no.official_lang,married,single.detached.house,non.movers
87613,933,f,a60_64,naao,official_lang,work.official_lang,married,other.attached,non.movers
919040,933,m,a0_4,onao_Canadian,official_lang,work.no.official_lang,no.married,other.attached,non.movers
671374,933,m,a25_29,ao_esao_Chinese,official_lang,work.official_lang,living.common.law,other.attached,interprovincial.movers
336872,933,f,a35_39,eo_eeo_Hungarian,official_lang,work.official_lang,no.married,other.attached,nonmigrants.movers
156046,933,m,a10_14,ao_osao,official_lang,work.official_lang,no.married,other.attached,non.movers
543208,933,f,a45_49,eo_oeeo,official_lang,work.no.official_lang,married,other.attached,non.movers
26295,933,f,a35_39,ao_esao_Chinese,official_lang,work.official_lang,married,other.attached,other.movers
39988,933,m,a25_29,eo_weo_German,official_lang,work.official_lang,separated,other.attached,nonmigrants.movers
643210,933,m,a50_54,eo_fo,official_lang,work.no.official_lang,married,other.attached,external.movers
52761,933,f,a40_44,eo_bio_English,official_lang,work.no.official_lang,married,other.attached,non.movers
658591,933,f,a60_64,onao_Canadian,official_lang,work.no.official_lang,married,other.attached,nonmigrants.movers
442054,933,m,a15_19,ao_esao_Chinese,official_lang,work.official_lang,no.married,other.attached,non.movers
444584,933,m,a35_39,ao_esao_Chinese,no.official_lang,work.no.official_lang,living.common.law,single.detached.house,non.movers
806437,933,f,a10_14,ao_esao_Chinese,official_lang,work.official_lang,no.married,other.attached,non.movers
723554,933,f,a50_54,onao_Canadian,official_lang,work.official_lang,married,other.attached,non.movers
920230,933,m,a35_39,eo_seo_Italian,official_lang,work.no.official_lang,no.married,other.attached,non.movers
521030,933,m,a60_64,eo_weo_Dutch,official_lang,work.official_lang,no.married,other.attached,nonmigrants.movers
898477,933,m,a45_49,ao_esao_Chinese,official_lang,work.no.official_lang,no.married,single.detached.house,non.movers
646777,933,m,a30_34,onao_Canadian,official_lang,work.official_lang,married,other.attached,non.movers
631725,933,m,a5_9,ao_esao_Chinese,official_lang,work.official_lang,divorced,other.attached,non.movers
131939,933,m,a70_74,onao_Canadian,official_lang,work.official_lang,married,other.attached,non.movers
406150,933,f,a40_44,ao_osao,official_lang,work.no.official_lang,married,other.attached,non.movers
252791,933,m,a55_59,ao_esao_Chinese,official_lang,work.no.official_lang,no.married,other.attached,non.movers
812609,933,f,a70_74,ao_esao_Chinese,official_lang,work.official_lang,separated,other.attached,non.movers
876062,933,m,a15_19,ao_esao_Chinese,official_lang,work.official_lang,no.married,other.attached,non.movers
613663,933,f,a15_19,eo_weo_Dutch,official_lang,work.no.official_lang,married,single.detached.house,non.movers
554063,933,m,a35_39,ao_esao_Chinese,official_lang,work.official_lang,no.married,other.attached,non.movers
121849,933,m,a40_44,onao_Canadian,official_lang,work.official_lang,no.married,other.attached,non.movers
450792,933,m,a60_64,ao_esao_Chinese,official_lang,work.official_lang,no.married,other.attached,non.movers
770977,933,f,a5_9,onao_Canadian,no.official_lang,work.no.official_lang,married,single.detached.house,non.movers
708,933,m,a60_64,ao_esao_Chinese,official_lang,work.no.official_lang,married,other.attached,non.movers
57210,933,f,a15_19,eo_bio_English,official_lang,work.no.official_lang,widowed,single.detached.house,non.movers
163528,933,f,a65_69,eo_bio_English,official_lang,work.official_lang,married,other.attached,non.movers
532410,933,m,a35_39,ao_oesao,official_lang,work.no.official_lang,no.married,other.attached,nonmigrants.movers
925294,933,f,a45_49,eo_bio_Scottish,official_lang,work.official_lang,no.married,other.attached,non.movers
456086,933,m,a0_4,eo_weo_German,official_lang,work.no.official_lang,married,other.attached,external.movers
748889,933,f,a15_19,eo_fo,official_lang,work.official_lang,no.married,other.attached,non.movers
101187,933,f,a0_4,onao_Canadian,official_lang,work.no.official_lang,no.married,other.attached,non.movers
729601,933,f,a45_49,onao_Canadian,official_lang,work.official_lang,married,other.attached,non.movers
193058,933,f,a20_24,onao_Canadian,official_lang,work.no.official_lang,married,other.attached,non.movers
516543,933,f,a0_4,eo_weo_German,official_lang,work.no.official_lang,married,other.attached,non.movers
894668,933,f,a50_54,ao_osao,official_lang,work.official_lang,no.married,other.attached,other.movers
564365,933,f,a55_59,eo_fo,official_lang,work.official_lang,widowed,single.detached.house,non.movers
91776,933,m,a35_39,ao_esao_Chinese,official_lang,work.no.official_lang,no.married,other.attached,nonmigrants.movers
425269,933,m,a10_14,eo_weo_German,official_lang,work.official_lang,married,other.attached,non.movers
132782,933,f,a50_54,ao,official_lang,work.no.official_lang,no.married,other.attached,non.movers
277451,933,m,a70_74,eo_bio_English,official_lang,work.no.official_lang,married,other.attached,non.movers
715586,933,f,a50_54,ao_oesao,official_lang,work.no.official_lang,no.married,other.attached,non.movers
376233,933,f,a35_39,ao_sao_ei,official_lang,work.official_lang,no.married,other.attached,nonmigrants.movers
776951,933,f,a65_69,eo_seo_Greek,official_lang,work.official_lang,married,other.attached,non.movers
643706,933,f,a20_24,eo_weo_Dutch,official_lang,work.official_lang,married,other.attached,non.movers
491910,933,f,a0_4,onao_Canadian,official_lang,work.official_lang,married,other.attached,non.movers
708819,933,f,a15_19,eo_bio_Scottish,official_lang,work.no.official_lang,living.common.law,other.attached,other.movers
377720,933,f,a5_9,eo_bio_Irish,official_lang,work.official_lang,married,other.attached,non.movers
579403,933,m,a0_4,ao_sao_ei,official_lang,work.official_lang,no.married,single.detached.house,non.movers
734373,933,f,a40_44,ao_esao_Chinese,official_lang,work.official_lang,married,other.attached,non.movers
782805,933,m,a10_14,eo_obio,official_lang,work.no.official_lang,married,other.attached,non.movers
134760,933,f,a65_69,naao,official_lang,work.official_lang,married,other.attached,non.movers
207307,933,f,a0_4,oco,official_lang,work.no.official_lang,no.married,other.attached,non.movers
631164,933,m,a70_74,onao,official_lang,work.no.official_lang,married,single.detached.house,non.movers
214579,933,m,a50_54,ao_esao_Chinese,official_lang,work.no.official_lang,married,other.attached,non.movers
347955,933,f,a65_69,ao_esao_Chinese,official_lang,work.no.official_lang,no.married,single.detached.house,non.movers
695532,933,f,a35_39,naao,official_lang,work.no.official_lang,married,other.attached,non.movers
758455,933,m,a10_14,ao_esao_Chinese,official_lang,work.no.official_lang,no.married,other.attached,non.movers
75435,933,f,a35_39,ao_esao_Chinese,official_lang,work.no.official_lang,no.married,other.attached,non.movers
19456,933,m,a45_49,ao_esao_Chinese,official_lang,work.official_lang,no.married,other.attached,non.movers
419162,933,f,a0_4,eo_bio_Scottish,official_lang,work.no.official_lang,married,other.attached,non.movers
792887,933,f,a45_49,eo_neo,official_lang,work.no.official_lang,married,other.attached,non.movers
889955,933,f,a25_29,onao_Canadian,official_lang,work.official_lang,no.married,other.attached,non.movers
277020,933,m,a5_9,ao_esao_Chinese,official_lang,work.official_lang,no.married,other.attached,non.movers
705844,933,m,a10_14,ao_sao_ei,official_lang,work.official_lang,divorced,single.detached.house,non.movers
122000,933,f,a30_34,ao_oesao,official_lang,work.official_lang,divorced,single.detached.house,non.movers
863307,933,m,a40_44,onao_Canadian,official_lang,work.no.official_lang,no.married,other.attached,non.movers
149355,933,m,a30_34,ao_wcameo,official_lang,work.official_lang,married,other.attached,non.movers
867415,933,m,a0_4,eo_bio_English,official_lang,work.official_lang,living.common.law,single.detached.house,non.movers
826208,933,m,a40_44,eo_bio_English,official_lang,work.no.official_lang,married,other.attached,non.movers
840726,933,m,a55_59,eo_eeo_Ukrainian,no.official_lang,work.no.official_lang,married,other.attached,non.movers
363097,933,m,a10_14,eo_weo_German,official_lang,work.official_lang,married,other.attached,non.movers
895936,933,m,a80_84,eo_neo,official_lang,work.no.official_lang,no.married,other.attached,non.movers
561439,933,f,a5_9,eo_bio_Irish,official_lang,work.official_lang,married,other.attached,non.movers
559849,933,f,a40_44,onao_Canadian,official_lang,work.no.official_lang,married,other.attached,non.movers
576725,933,f,a35_39,eo_oweo,official_lang,work.official_lang,married,other.attached,nonmigrants.movers
464418,933,m,a50_54,ao_esao_Chinese,official_lang,work.official_lang,married,other.attached,non.movers
765591,933,f,a55_59,ao_esao_Chinese,official_lang,work.no.official_lang,married,other.attached,non.movers
518120,933,m,a50_54,onao_Canadian,official_lang,work.official_lang,divorced,other.attached,non.movers
133406,933,m,a0_4,onao_Canadian,official_lang,work.official_lang,married,other.attached,interprovincial.movers
360545,933,m,a0_4,eo_weo_German,official_lang,work.no.official_lang,no.married,other.attached,non.movers
321091,933,m,a0_4,eo_eeo_Ukrainian,official_lang,work.official_lang,married,other.attached,non.movers
385672,933,f,a25_29,eo_fo,official_lang,work.official_lang,married,other.attached,non.movers
328125,933,f,a35_39,eo_bio_English,official_lang,work.no.official_lang,married,other.attached,non.movers
348651,933,m,a25_29,onao_Canadian,official_lang,work.no.official_lang,married,other.attached,non.movers
82865,933,f,a20_24,eo_weo_German,official_lang,work.official_lang,married,other.attached,external.movers
541395,933,m,a80_84,onao_Canadian,official_lang,work.official_lang,no.married,other.attached,non.movers
843257,933,m,a45_49,lcsao,official_lang,work.official_lang,married,other.attached,non.movers
510046,933,m,a15_19,ao_esao_Chinese,official_lang,work.no.official_lang,no.married,other.attached,non.movers
120934,933,f,a50_54,eo_weo_German,official_lang,work.official_lang,married,single.detached.house,non.movers
631743,933,m,a50_54,eo_bio_English,official_lang,work.no.official_lang,no.married,other.attached,non.movers
170870,933,m,a5_9,eo_fo,official_lang,work.official_lang,living.common.law,other.attached,non.movers
425137,933,f,a60_64,eo_neo,official_lang,work.official_lang,no.married,other.attached,non.movers
681869,933,f,a50_54,lcsao,official_lang,work.no.official_lang,married,other.attached,interprovincial.movers
503693,933,m,a25_29,ao_esao_Chinese,official_lang,work.official_lang,no.married,other.attached,non.movers
620517,933,m,a55_59,eo_weo_German,official_lang,work.no.official_lang,no.married,other.attached,non.movers
87199,933,m,a40_44,ao_esao_Filipino,official_lang,work.no.official_lang,married,other.attached,non.movers
669232,933,f,a15_19,ao,official_lang,work.no.official_lang,married,other.attached,non.movers
521130,933,m,a25_29,eo_bio_Scottish,no.official_lang,work.no.official_lang,married,other.attached,non.movers
627473,933,m,a35_39,ao_esao_Chinese,official_lang,work.no.official_lang,married,other.attached,non.movers
129167,933,f,a35_39,onao_Canadian,official_lang,work.no.official_lang,no.married,other.attached,non.movers
244586,933,m,a55_59,eo_fo,official_lang,work.no.official_lang,no.married,other.attached,non.movers
766142,933,m,a55_59,eo_oweo,official_lang,work.no.official_lang,divorced,other.attached,non.movers
926529,933,m,a35_39,ao_esao_Chinese,official_lang,work.official_lang,married,other.attached,non.movers
351799,933,m,a55_59,ao_esao_Chinese,official_lang,work.no.official_lang,divorced,other.attached,non.movers
512687,933,m,a60_64,eo_eeo_Ukrainian,official_lang,work.no.official_lang,no.married,other.attached,non.movers
702262,933,m,a10_14,eo_bio_Scottish,official_lang,work.official_lang,divorced,other.attached,non.movers
736782,933,f,a45_49,eo_bio_Irish,official_lang,work.no.official_lang,married,other.attached,non.movers
30913,933,f,a30_34,eo_seo_Italian,official_lang,work.official_lang,widowed,other.attached,non.movers
348523,933,f,a10_14,ao_esao_Chinese,official_lang,work.no.official_lang,married,other.attached,interprovincial.movers
318464,933,m,a35_39,eo_fo,official_lang,work.no.official_lang,married,other.attached,non.movers
58337,933,m,a25_29,ao_oesao,official_lang,work.official_lang,no.married,other.attached,nonmigrants.movers
884426,933,m,a70_74,ao_esao_Chinese,official_lang,work.official_lang,married,other.attached,non.movers
827126,933,m,a15_19,ao_esao_Chinese,official_lang,work.no.official_lang,no.married,single.detached.house,non.movers
918877,933,f,a25_29,naao,official_lang,work.official_lang,divorced,other.attached,non.movers
44153,933,f,a10_14,naao,official_lang,work.no.official_lang,no.married,other.attached,external.movers
453727,933,m,a15_19,ao_esao_Chinese,official_lang,work.no.official_lang,no.married,other.attached,non.movers
297421,933,f,a65_69,ao_esao_Chinese,official_lang,work.no.official_lang,no.married,other.attached,non.movers
613477,933,f,a80_84,eo_bio_English,official_lang,work.no.official_lang,no.married,other.attached,non.movers
828024,933,f,a45_49,ao_esao_Chinese,no.official_lang,work.official_lang,living.common.law,other.attached,non.movers
594577,933,m,a65_69,eo_fo,official_lang,work.official_lang,married,other.attached,non.movers
616570,933,f,a65_69,ao_esao_Chinese,official_lang,work.official_lang,married,other.attached,non.movers
356908,933,f,a30_34,ao_esao_Chinese,official_lang,work.no.official_lang,widowed,single.detached.house,non.movers
621090,933,f,a75_79,eo_weo_German,official_lang,work.no.official_lang,no.married,other.attached,nonmigrants.movers
345242,933,m,a30_34,eo_bio_English,official_lang,work.official_lang,no.married,other.attached,non.movers
188840,933,f,a20_24,eo_bio_English,official_lang,work.no.official_lang,widowed,other.attached,non.movers
156169,933,m,a35_39,eo_fo,official_lang,work.no.official_lang,no.married,other.attached,external.movers
289239,933,m,a70_74,ao_wcameo,official_lang,work.no.official_lang,married,other.attached,nonmigrants.movers
384544,933,f,a50_54,ao_oesao,official_lang,work.no.official_lang,no.married,other.attached,non.movers
783178,933,m,a40_44,eo_eeo_Polish,official_lang,work.no.official_lang,married,other.attached,non.movers
235286,933,f,a70_74,eo_bio_Scottish,official_lang,work.no.official_lang,married,other.attached,non.movers
481884,933,f,a50_54,eo_fo,official_lang,work.official_lang,married,single.detached.house,non.movers
50580,933,m,a25_29,ao_oesao,official_lang,work.official_lang,separated,other.attached,non.movers
187443,933,f,a40_44,eo_bio_English,official_lang,work.official_lang,no.married,other.attached,nonmigrants.movers
279128,933,f,a0_4,eo_bio_English,official_lang,work.no.official_lang,married,other.attached,non.movers
626076,933,m,a50_54,eo_weo_German,official_lang,work.no.official_lang,no.married,other.attached,non.movers
77980,933,f,a0_4,eo_bio_Scottish,official_lang,work.official_lang,married,other.attached,nonmigrants.movers
844998,933,m,a35_39,ao_esao_Chinese,official_lang,work.official_lang,no.married,other.attached,non.movers
901502,933,f,a55_59,eo_bio_Irish,official_lang,work.official_lang,married,other.attached,non.movers
225224,933,m,a20_24,eo_eeo_Ukrainian,official_lang,work.official_lang,no.married,other.attached,external.movers
8519,933,m,a40_44,eo_weo_Dutch,official_lang,work.no.official_lang,married,other.attached,nonmigrants.movers
14091,933,m,a50_54,eo_fo,official_lang,work.official_lang,divorced,other.attached,non.movers
463100,933,m,a35_39,eo_bio_English,official_lang,work.official_lang,married,other.attached,non.movers
856897,933,m,a25_29,eo_bio_English,official_lang,work.official_lang,divorced,other.attached,non.movers
107418,933,m,a50_54,ao_esao_Chinese,official_lang,work.no.official_lang,widowed,other.attached,non.movers
445603,933,m,a10_14,ao_esao_Chinese,official_lang,work.no.official_lang,married,other.attached,non.movers
29079,933,m,a35_39,ao_esao_Chinese,official_lang,work.official_lang,married,other.attached,non.movers
390441,933,m,a40_44,ao_esao_Filipino,official_lang,work.no.official_lang,married,other.attached,non.movers
257241,933,m,a60_64,ao_esao_Chinese,no.official_lang,work.no.official_lang,no.married,other.attached,external.movers
34610,933,m,a65_69,ao_esao_Chinese,official_lang,work.official_lang,divorced,other.attached,non.movers
728667,933,m,a30_34,ao,official_lang,work.no.official_lang,no.married,other.attached,non.movers
559217,933,m,a30_34,onao_Canadian,official_lang,work.no.official_lang,no.married,other.attached,non.movers
497221,933,f,a30_34,ao_esao_Chinese,official_lang,work.no.official_lang,no.married,single.detached.house,non.movers
427261,933,f,a30_34,lcsao,official_lang,work.no.official_lang,married,other.attached,non.movers
312445,933,f,a30_34,ao_osao,official_lang,work.official_lang,married,other.attached,non.movers
383327,933,m,a35_39,ao_oesao,official_lang,work.no.official_lang,married,single.detached.house,non.movers
40304,933,m,a50_54,ao_esao_Chinese,official_lang,work.official_lang,no.married,other.attached,non.movers
694389,933,f,a70_74,onao_Canadian,official_lang,work.official_lang,married,other.attached,non.movers
509334,933,m,a30_34,eo_fo,official_lang,work.no.official_lang,separated,other.attached,non.movers
816374,933,f,a60_64,ao_esao_Chinese,official_lang,work.official_lang,married,other.attached,non.movers
783432,933,f,a40_44,eo_neo,official_lang,work.official_lang,married,other.attached,non.movers
331151,933,f,a20_24,ao_sao_ei,official_lang,work.official_lang,separated,other.attached,non.movers
671420,933,f,a50_54,onao_Canadian,no.official_lang,work.official_lang,no.married,other.attached,non.movers
829984,933,m,a65_69,ao_sao_ei,official_lang,work.no.official_lang,divorced,other.attached,nonmigrants.movers
875544,933,m,a20_24,onao_Canadian,official_lang,work.no.official_lang,living.common.law,single.detached.house,non.movers
642904,933,m,a5_9,ao_oesao,official_lang,work.official_lang,married,other.attached,nonmigrants.movers
442182,933,f,a40_44,eo_neo,official_lang,work.official_lang,divorced,other.attached,non.movers
331629,933,f,a0_4,ao_sao_ei,no.official_lang,work.no.official_lang,no.married,other.attached,non.movers
248384,933,f,a0_4,eo_weo_Dutch,official_lang,work.no.official_lang,married,other.attached,non.movers
124956,933,m,a40_44,ao_esao_Filipino,official_lang,work.official_lang,married,single.detached.house,non.movers
813563,933,m,a55_59,ao_esao_Chinese,official_lang,work.no.official_lang,married,other.attached,non.movers
750660,933,f,a20_24,eo_eeo_Ukrainian,official_lang,work.official_lang,separated,other.attached,non.movers
578204,933,m,a50_54,lcsao,official_lang,work.official_lang,married,single.detached.house,non.movers
382573,933,f,a5_9,ao_esao_Chinese,official_lang,work.official_lang,divorced,other.attached,non.movers
805550,933,m,a10_14,ao_wcameo,official_lang,work.official_lang,no.married,other.attached,non.movers
106004,933,f,a30_34,eo_obio,official_lang,work.official_lang,married,single.detached.house,non.movers
718489,933,m,a45_49,ao_sao_ei,official_lang,work.no.official_lang,married,other.attached,other.movers
101140,933,m,a15_19,eo_fo,official_lang,work.official_lang,no.married,single.detached.house,non.movers
322827,933,m,a25_29,ao_esao_Chinese,official_lang,work.official_lang,married,other.attached,non.movers
739517,933,f,a50_54,eo_bio_Scottish,official_lang,work.official_lang,no.married,other.attached,non.movers
106978,933,m,a40_44,eo_bio_Irish,official_lang,work.no.official_lang,married,other.attached,non.movers
698975,933,m,a10_14,ao_esao_Chinese,official_lang,work.no.official_lang,divorced,other.attached,non.movers
439784,933,f,a5_9,ao,official_lang,work.no.official_lang,married,other.attached,nonmigrants.movers
672419,933,m,a30_34,eo_bio_English,official_lang,work.no.official_lang,no.married,other.attached,nonmigrants.movers
295910,933,f,a45_49,ao_oesao,official_lang,work.official_lang,married,other.attached,non.movers
809939,933,m,a5_9,ao_sao_ei,official_lang,work.official_lang,no.married,other.attached,non.movers
427218,933,m,a20_24,eo_eeo_Polish,official_lang,work.official_lang,no.married,other.attached,non.movers
423149,933,f,a25_29,ao_osao,official_lang,work.no.official_lang,no.married,other.attached,non.movers
229788,933,m,a5_9,ao_esao_Chinese,official_lang,work.official_lang,married,other.attached,nonmigrants.movers
500171,933,f,a60_64,oo,official_lang,work.official_lang,married,other.attached,non.movers
80331,933,m,a15_19,ao_sao_ei,official_lang,work.official_lang,no.married,other.attached,non.movers
93976,933,m,a45_49,ao_esao_Chinese,official_lang,work.no.official_lang,divorced,other.attached,non.movers
100787,933,f,a0_4,eo_seo_Portuguese,official_lang,work.official_lang,married,other.attached,non.movers
584291,933,f,a55_59,eo_eeo_Polish,no.official_lang,work.official_lang,married,other.attached,non.movers
309507,933,f,a35_39,ao_esao_Chinese,no.official_lang,work.official_lang,married,other.attached,non.movers
632830,933,m,a0_4,eo_bio_English,official_lang,work.official_lang,married,single.detached.house,non.movers
795229,933,m,a15_19,eo_seo_Italian,official_lang,work.official_lang,married,other.attached,non.movers
593951,933,m,a45_49,eo_obio,official_lang,work.no.official_lang,no.married,other.attached,non.movers
671671,933,m,a35_39,eo_fo,no.official_lang,work.official_lang,no.married,other.attached,non.movers
657283,933,f,a35_39,eo_weo_German,official_lang,work.official_lang,no.married,other.attached,non.movers
341869,933,f,a25_29,eo_weo_German,official_lang,work.no.official_lang,married,other.attached,non.movers
838748,933,m,a50_54,eo_bio_English,official_lang,work.no.official_lang,no.married,other.attached,nonmigrants.movers
239015,933,f,a35_39,ao_esao_Chinese,official_lang,work.no.official_lang,married,other.attached,non.movers
364342,933,f,a20_24,eo_weo_German,official_lang,work.no.official_lang,no.married,other.attached,non.movers
271077,933,m,a40_44,eo_bio_English,official_lang,work.no.official_lang,no.married,other.attached,non.movers
16309,933,m,a65_69,eo_bio_Irish,official_lang,work.official_lang,no.married,other.attached,non.movers
492043,933,m,a60_64,onao_Canadian,official_lang,work.official_lang,no.married,other.attached,non.movers
275273,933,f,a80_84,onao_Canadian,official_lang,work.official_lang,married,single.detached.house,non.movers
307184,933,m,a0_4,ao_esao_Chinese,official_lang,work.official_lang,married,single.detached.house,non.movers
299278,933,m,a75_79,eo_fo,official_lang,work.no.official_lang,married,other.attached,non.movers
341145,933,f,a40_44,eo_weo_German,official_lang,work.official_lang,married,other.attached,non.movers
425876,933,f,a15_19,naao,official_lang,work.official_lang,widowed,other.attached,external.movers
769070,933,m,a45_49,eo_oweo,official_lang,work.no.official_lang,married,other.attached,nonmigrants.movers
624861,933,m,a60_64,onao_Canadian,official_lang,work.no.official_lang,married,other.attached,non.movers
532779,933,f,a30_34,ao_oesao,official_lang,work.official_lang,separated,other.attached,non.movers
409623,933,f,a55_59,eo_neo,official_lang,work.no.official_lang,no.married,other.attached,nonmigrants.movers
820999,933,f,a20_24,ao_esao_Chinese,official_lang,work.official_lang,no.married,other.attached,non.movers
740005,933,f,a5_9,lcsao,official_lang,work.no.official_lang,living.common.law,other.attached,non.movers
17659,933,m,a40_44,ao_esao_Chinese,official_lang,work.official_lang,no.married,other.attached,nonmigrants.movers
350494,933,m,a25_29,eo_weo_German,official_lang,work.no.official_lang,no.married,other.attached,non.movers
733546,933,f,a35_39,lcsao,official_lang,work.no.official_lang,no.married,other.attached,nonmigrants.movers
89120,933,m,a45_49,ao_esao_Chinese,no.official_lang,work.official_lang,no.married,other.attached,non.movers
732162,933,f,a25_29,eo_seo_Portuguese,official_lang,work.no.official_lang,no.married,other.attached,non.movers
808383,933,f,a25_29,ao_esao_Chinese,official_lang,work.official_lang,married,single.detached.house,non.movers
81731,933,f,a35_39,onao_Canadian,official_lang,work.no.official_lang,married,other.attached,non.movers
206039,933,m,a40_44,ao_esao_Chinese,official_lang,work.no.official_lang,married,other.attached,non.movers
426583,933,f,a25_29,eo_oweo,official_lang,work.no.official_lang,married,other.attached,non.movers
367896,933,f,a50_54,ao_esao_Chinese,official_lang,work.no.official_lang,married,other.attached,external.movers
271627,933,m,a30_34,eo_eeo_Ukrainian,official_lang,work.official_lang,married,other.attached,nonmigrants.movers
750583,933,f,a65_69,eo_bio_English,official_lang,work.official_lang,married,other.attached,non.movers
551805,933,f,a55_59,naao,official_lang,work.official_lang,married,other.attached,non.movers
104314,933,f,a0_4,eo_oweo,official_lang,work.official_lang,no.married,single.detached.house,non.movers
626387,933,m,a60_64,eo_seo_Portuguese,official_lang,work.no.official_lang,married,other.attached,nonmigrants.movers
521600,933,m,a55_59,eo_eeo_Polish,official_lang,work.official_lang,no.married,other.attached,non.movers
246800,933,m,a45_49,eo_seo_Italian,official_lang,work.no.official_lang,widowed,other.attached,non.movers
638738,933,f,a60_64,onao_Canadian,official_lang,work.official_lang,married,other.attached,non.movers
211029,933,m,a15_19,onao_Canadian,official_lang,work.no.official_lang,divorced,other.attached,nonmigrants.movers
542629,933,m,a0_4,eo_fo,official_lang,work.no.official_lang,no.married,other.attached,non.movers
856255,933,f,a30_34,ao_sao_ei,official_lang,work.no.official_lang,no.married,other.attached,non.movers
429216,933,m,a30_34,eo_bio_Scottish,official_lang,work.official_lang,married,other.attached,non.movers
126756,933,f,a10_14,onao_Canadian,official_lang,work.official_lang,separated,other.attached,interprovincial.movers
451696,933,f,a25_29,co_Jamaican,no.official_lang,work.official_lang,no.married,other.attached,external.movers
99448,933,m,a15_19,eo_bio_Irish,no.official_lang,work.no.official_lang,married,single.detached.house,non.movers
17471,933,m,a45_49,ao_oesao,no.official_lang,work.no.official_lang,living.common.law,other.attached,non.movers
629874,933,m,a45_49,eo_bio_English,official_lang,work.no.official_lang,married,other.attached,non.movers
401303,933,f,a5_9,onao_Canadian,official_lang,work.no.official_lang,married,other.attached,non.movers
513029,933,m,a45_49,eo_bio_English,official_lang,work.no.official_lang,divorced,other.attached,non.movers
163766,933,f,a30_34,eo_bio_Irish,official_lang,work.no.official_lang,married,single.detached.house,non.movers
141401,933,f,a5_9,ao_esao_Chinese,official_lang,work.no.official_lang,no.married,other.attached,non.movers
424359,933,m,a40_44,eo_bio_English,official_lang,work.official_lang,married,other.attached,external.movers
270265,933,f,a60_64,eo_seo_Italian,official_lang,work.no.official_lang,no.married,other.attached,non.movers
413573,933,f,a45_49,eo_bio_Scottish,official_lang,work.no.official_lang,married,other.attached,nonmigrants.movers
128039,933,f,a70_74,ao_osao,official_lang,work.official_lang,no.married,other.attached,non.movers
71621,933,m,a55_59,eo_bio_Irish,official_lang,work.official_lang,married,other.attached,non.movers
264356,933,f,a40_44,eo_weo_Dutch,official_lang,work.official_lang,married,other.attached,non.movers
243305,933,f,a40_44,eo_seo_Italian,official_lang,work.no.official_lang,married,other.attached,non.movers
174734,933,m,a30_34,eo_bio_English,official_lang,work.no.official_lang,divorced,other.attached,non.movers
14123,933,m,a40_44,eo_neo,official_lang,work.official_lang,no.married,other.attached,non.movers
338026,933,m,a35_39,eo_seo_Italian,official_lang,work.official_lang,married,other.attached,non.movers
917920,933,f,a75_79,ao_esao_Chinese,official_lang,work.official_lang,no.married,other.attached,non.movers
341322,933,m,a65_69,onao_Canadian,official_lang,work.no.official_lang,married,other.attached,non.movers
761703,933,f,a70_74,eo_weo_Dutch,official_lang,work.official_lang,no.married,other.attached,other.movers
28884,933,m,a35_39,naao,official_lang,work.official_lang,no.married,other.attached,non.movers
63521,933,f,a5_9,ao_oesao,official_lang,work.official_lang,living.common.law,other.attached,nonmigrants.movers
715125,933,f,a40_44,eo_seo_Italian,official_lang,work.no.official_lang,no.married,other.attached,non.movers
525031,933,f,a10_14,eo_weo_German,official_lang,work.no.official_lang,married,other.attached,nonmigrants.movers
625928,933,f,a35_39,ao_oesao,official_lang,work.no.official_lang,no.married,other.attached,non.movers
31008,933,m,a45_49,eo_bio_English,official_lang,work.official_lang,no.married,other.attached,non.movers
661279,933,f,a35_39,eo_bio_Scottish,official_lang,work.no.official_lang,no.married,other.attached,non.movers
28048,933,m,a35_39,ao_oesao,official_lang,work.no.official_lang,married,other.attached,non.movers
744828,933,m,a45_49,ao_sao_ei,official_lang,work.no.official_lang,no.married,other.attached,non.movers
320007,933,m,a30_34,onao_Canadian,official_lang,work.no.official_lang,married,other.attached,non.movers
908405,933,f,a40_44,onao_Canadian,official_lang,work.no.official_lang,married,other.attached,non.movers
911258,933,m,a45_49,eo_eeo_Polish,official_lang,work.official_lang,no.married,other.attached,non.movers
197679,933,m,a15_19,eo_bio_Scottish,official_lang,work.no.official_lang,no.married,other.attached,other.movers
170831,933,f,a15_19,eo_neo,official_lang,work.no.official_lang,married,other.attached,non.movers
685353,933,m,a5_9,ao_esao_Chinese,official_lang,work.official_lang,divorced,other.attached,non.movers
240210,933,f,a10_14,eo_bio_English,official_lang,work.no.official_lang,married,other.attached,non.movers
437664,933,m,a35_39,ao_oesao,official_lang,work.official_lang,married,other.attached,nonmigrants.movers
365753,933,f,a40_44,eo_bio_Irish,official_lang,work.official_lang,married,single.detached.house,non.movers
264477,933,m,a45_49,eo_weo_German,official_lang,work.no.official_lang,no.married,other.attached,other.movers
244074,933,f,a35_39,onao_Canadian,official_lang,work.official_lang,married,other.attached,non.movers
615485,933,m,a50_54,ao_esao_Chinese,official_lang,work.official_lang,separated,other.attached,non.movers
89239,933,f,a5_9,eo_bio_Irish,official_lang,work.official_lang,married,other.attached,non.movers
619932,933,m,a45_49,ao_oesao,official_lang,work.official_lang,no.married,other.attached,non.movers
647389,933,f,a40_44,ao_esao_Chinese,official_lang,work.no.official_lang,married,single.detached.house,non.movers
866460,933,m,a5_9,ao_sao_ei,official_lang,work.no.official_lang,married,other.attached,non.movers
455400,933,m,a50_54,onao_Canadian,official_lang,work.official_lang,no.married,other.attached,non.movers
319816,933,f,a20_24,eo_bio_English,official_lang,work.no.official_lang,married,single.detached.house,non.movers
185637,933,m,a5_9,ao_esao_Chinese,official_lang,work.official_lang,no.married,other.attached,non.movers
453827,933,m,a5_9,ao_esao_Chinese,official_lang,work.official_lang,no.married,other.attached,non.movers
272527,933,f,a45_49,ao_sao_ei,no.official_lang,work.official_lang,married,other.attached,nonmigrants.movers
504033,933,f,a45_49,onao_Canadian,official_lang,work.official_lang,no.married,other.attached,non.movers
414618,933,m,a40_44,naao,official_lang,work.no.official_lang,no.married,other.attached,non.movers
692670,933,f,a60_64,onao_Canadian,official_lang,work.no.official_lang,married,other.attached,external.movers
497064,933,m,a30_34,ao_esao_Chinese,official_lang,work.official_lang,married,other.attached,non.movers
778858,933,m,a40_44,ao_wcameo,official_lang,work.official_lang,no.married,other.attached,nonmigrants.movers
371737,933,f,a35_39,onao_Canadian,official_lang,work.official_lang,no.married,other.attached,non.movers
24343,933,m,a15_19,eo_eeo_Polish,official_lang,work.no.official_lang,married,other.attached,non.movers
744778,933,m,a40_44,naao,official_lang,work.official_lang,no.married,other.attached,non.movers
383879,933,f,a35_39,onao_Canadian,official_lang,work.official_lang,married,other.attached,nonmigrants.movers
430341,933,f,a20_24,eo_weo_German,official_lang,work.official_lang,married,other.attached,non.movers
309989,933,m,a15_19,onao_Canadian,official_lang,work.no.official_lang,married,other.attached,non.movers
423146,933,f,a40_44,eo_weo_German,official_lang,work.official_lang,no.married,other.attached,non.movers
102009,933,m,a15_19,eo_fo,official_lang,work.official_lang,married,other.attached,other.movers
525672,933,m,a55_59,ao_esao_Chinese,official_lang,work.official_lang,married,other.attached,non.movers
834198,933,m,a50_54,onao_Canadian,official_lang,work.no.official_lang,widowed,other.attached,non.movers
771893,933,m,a15_19,ao_esao_Chinese,no.official_lang,work.no.official_lang,no.married,other.attached,non.movers
616348,933,m,a60_64,ao_esao_Chinese,official_lang,work.no.official_lang,married,other.attached,non.movers
383833,933,f,a0_4,eo_bio_English,official_lang,work.no.official_lang,married,other.attached,non.movers
49486,933,m,a35_39,eo_bio_Scottish,official_lang,work.official_lang,married,other.attached,non.movers
23231,933,m,a20_24,ao_esao_Chinese,official_lang,work.no.official_lang,married,other.attached,non.movers
143654,933,m,a0_4,onao_Canadian,official_lang,work.official_lang,no.married,other.attached,non.movers
637786,933,f,a40_44,eo_bio_Irish,official_lang,work.no.official_lang,no.married,other.attached,non.movers
409453,933,f,a55_59,ao_esao_Chinese,official_lang,work.official_lang,living.common.law,single.detached.house,non.movers
254032,933,m,a15_19,onao_Canadian,official_lang,work.official_lang,married,other.attached,non.movers
252567,933,m,a10_14,ao_esao_Chinese,official_lang,work.no.official_lang,no.married,other.attached,non.movers
49771,933,f,a40_44,eo_seo_Italian,official_lang,work.official_lang,married,other.attached,non.movers
295550,933,f,a30_34,eo_seo_Italian,official_lang,work.official_lang,married,other.attached,non.movers
609292,933,m,a35_39,eo_bio_English,official_lang,work.no.official_lang,married,other.attached,other.movers
221032,933,m,a5_9,ao_esao_Chinese,official_lang,work.no.official_lang,married,other.attached,non.movers
888366,933,m,a5_9,eo_bio_Scottish,official_lang,work.official_lang,no.married,other.attached,non.movers
251448,933,f,a50_54,onao_Canadian,official_lang,work.official_lang,married,other.attached,non.movers
161737,933,f,a80_84,onao_Canadian,official_lang,work.official_lang,married,other.attached,non.movers
904752,933,f,a15_19,eo_bio_English,official_lang,work.official_lang,widowed,other.attached,non.movers
154677,933,f,a45_49,naao,official_lang,work.official_lang,married,other.attached,non.movers
374878,933,m,a25_29,ao_osao,official_lang,work.no.official_lang,no.married,other.attached,non.movers
129299,933,m,a25_29,ao_esao_Chinese,official_lang,work.official_lang,married,other.attached,non.movers
336131,933,f,a10_14,ao_esao_Chinese,official_lang,work.official_lang,no.married,single.detached.house,non.movers
203539,933,m,a60_64,onao_Canadian,official_lang,work.no.official_lang,married,other.attached,non.movers
510660,933,f,a60_64,eo_oeeo,no.official_lang,work.no.official_lang,married,other.attached,non.movers
661025,933,f,a30_34,eo_seo_Greek,official_lang,work.no.official_lang,no.married,other.attached,non.movers
207747,933,f,a0_4,onao_Canadian,official_lang,work.official_lang,married,single.detached.house,non.movers
442716,933,m,a30_34,onao_Canadian,official_lang,work.no.official_lang,married,other.attached,non.movers
518157,933,f,a50_54,ao_sao_ei,official_lang,work.official_lang,married,other.attached,non.movers
580464,933,m,a0_4,ao_oesao,official_lang,work.no.official_lang,married,other.attached,non.movers
725916,933,m,a30_34,onao_Canadian,official_lang,work.no.official_lang,no.married,single.detached.house,non.movers
152191,933,m,a50_54,onao_Canadian,official_lang,work.official_lang,no.married,other.attached,non.movers
365443,933,m,a0_4,eo_bio_Irish,official_lang,work.official_lang,married,other.attached,non.movers
437426,933,f,a55_59,ao,official_lang,work.no.official_lang,married,other.attached,non.movers
483671,933,m,a15_19,eo_eeo_Ukrainian,official_lang,work.official_lang,no.married,other.attached,external.movers
548194,933,m,a15_19,ao_esao_Chinese,official_lang,work.official_lang,married,single.detached.house,non.movers
213898,933,m,a10_14,ao_esao_Chinese,official_lang,work.no.official_lang,married,single.detached.house,non.movers
137575,933,f,a30_34,eo_oseo,official_lang,work.official_lang,widowed,other.attached,non.movers
283211,933,f,a35_39,onao_Canadian,official_lang,work.official_lang,no.married,other.attached,non.movers
147550,933,m,a45_49,onao,official_lang,work.no.official_lang,no.married,other.attached,non.movers
467962,933,m,a55_59,eo_bio_English,official_lang,work.official_lang,married,other.attached,non.movers
399265,933,m,a50_54,ao_sao_ei,official_lang,work.official_lang,married,other.attached,non.movers
245912,933,m,a45_49,ao_oesao,official_lang,work.no.official_lang,married,other.attached,nonmigrants.movers
471217,933,m,a50_54,eo_eeo_Polish,official_lang,work.official_lang,separated,other.attached,non.movers
561425,933,f,a70_74,eo_obio,official_lang,work.official_lang,no.married,single.detached.house,non.movers
619434,933,f,a40_44,eo_obio,official_lang,work.official_lang,married,other.attached,non.movers
343246,933,m,a45_49,lcsao,official_lang,work.official_lang,living.common.law,other.attached,non.movers
682246,933,m,a10_14,ao_esao_Chinese,official_lang,work.official_lang,married,other.attached,nonmigrants.movers
891852,933,f,a45_49,lcsao,official_lang,work.official_lang,living.common.law,single.detached.house,non.movers
555659,933,m,a45_49,eo_seo_Portuguese,official_lang,work.no.official_lang,married,other.attached,external.movers
845999,933,m,a0_4,eo_weo_Dutch,official_lang,work.no.official_lang,widowed,other.attached,non.movers
907495,933,f,a80_84,eo_bio_English,official_lang,work.official_lang,married,other.attached,interprovincial.movers
218248,933,f,a35_39,eo_bio_Scottish,official_lang,work.official_lang,married,single.detached.house,non.movers
357789,933,m,a70_74,ao_esao_Chinese,official_lang,work.official_lang,no.married,single.detached.house,non.movers
914963,933,f,a15_19,onao_Canadian,official_lang,work.no.official_lang,no.married,other.attached,non.movers
497930,933,f,a50_54,onao_Canadian,official_lang,work.no.official_lang,living.common.law,single.detached.house,non.movers
101903,933,m,a30_34,eo_weo_German,official_lang,work.official_lang,married,other.attached,non.movers
731149,933,m,a15_19,onao_Canadian,official_lang,work.no.official_lang,no.married,other.attached,non.movers
597104,933,f,a20_24,onao_Canadian,official_lang,work.no.official_lang,married,other.attached,non.movers
392501,933,f,a20_24,co_Jamaican,official_lang,work.no.official_lang,no.married,other.attached,non.movers
903066,933,m,a45_49,eo_obio,official_lang,work.official_lang,married,other.attached,non.movers
444572,933,f,a40_44,onao_Canadian,official_lang,work.no.official_lang,married,other.attached,nonmigrants.movers
91874,933,m,a5_9,eo_bio_Scottish,official_lang,work.no.official_lang,no.married,other.attached,non.movers
681320,933,m,a45_49,eo_bio_English,official_lang,work.no.official_lang,married,single.detached.house,non.movers
869708,933,f,a50_54,onao_Canadian,official_lang,work.no.official_lang,married,other.attached,non.movers
260093,933,f,a40_44,ao_esao_Chinese,official_lang,work.no.official_lang,married,other.attached,non.movers
431853,933,m,a15_19,eo_eeo_Polish,no.official_lang,work.official_lang,no.married,other.attached,non.movers
675735,933,f,a10_14,eo_bio_Irish,official_lang,work.official_lang,separated,other.attached,non.movers
130286,933,m,a40_44,eo_bio_Scottish,official_lang,work.no.official_lang,no.married,other.attached,non.movers
885821,933,m,a40_44,onao,official_lang,work.official_lang,married,other.attached,non.movers
586910,933,m,a25_29,ao_esao_Chinese,official_lang,work.no.official_lang,no.married,other.attached,non.movers
719807,933,f,a30_34,ao_sao_ei,official_lang,work.no.official_lang,married,single.detached.house,non.movers
419561,933,m,a25_29,onao_Canadian,official_lang,work.official_lang,no.married,other.attached,non.movers
134664,933,m,a60_64,ao_esao_Chinese,official_lang,work.official_lang,no.married,other.attached,nonmigrants.movers
99768,933,f,a15_19,ao_esao_Chinese,official_lang,work.official_lang,married,other.attached,other.movers
661106,933,f,a55_59,ao_esao_Chinese,official_lang,work.no.official_lang,separated,single.detached.house,non.movers
39525,933,m,a60_64,eo_fo,official_lang,work.no.official_lang,married,single.detached.house,non.movers
482337,933,m,a50_54,ao_sao_ei,official_lang,work.no.official_lang,married,other.attached,nonmigrants.movers
874296,933,f,a45_49,onao_Canadian,official_lang,work.no.official_lang,no.married,other.attached,non.movers
554783,933,m,a5_9,eo_eeo_Polish,official_lang,work.no.official_lang,married,single.detached.house,non.movers
217400,933,m,a65_69,ao_oesao,official_lang,work.no.official_lang,married,other.attached,non.movers
184580,933,f,a0_4,eo_bio_Scottish,official_lang,work.official_lang,married,other.attached,non.movers
513752,933,m,a45_49,ao_esao_Chinese,official_lang,work.official_lang,living.common.law,other.attached,non.movers
413437,933,m,a75_79,ao_esao_Chinese,official_lang,work.official_lang,married,other.attached,non.movers
879719,933,m,a25_29,onao_Canadian,official_lang,work.no.official_lang,married,other.attached,non.movers
841656,933,f,a15_19,onao_Canadian,official_lang,work.no.official_lang,married,other.attached,non.movers
113445,933,m,a10_14,eo_bio_Scottish,official_lang,work.official_lang,married,other.attached,non.movers
119517,933,m,a5_9,ao_esao_Chinese,official_lang,work.official_lang,married,other.attached,non.movers
889409,933,m,a40_44,onao_Canadian,official_lang,work.no.official_lang,no.married,other.attached,non.movers
652432,933,f,a40_44,eo_neo,no.official_lang,work.official_lang,no.married,single.detached.house,non.movers
327250,933,f,a60_64,ao_wcameo,official_lang,work.no.official_lang,no.married,other.attached,non.movers
826873,933,m,a50_54,eo_bio_English,official_lang,work.official_lang,married,other.attached,non.movers
356425,933,f,a50_54,ao_esao_Chinese,official_lang,work.no.official_lang,divorced,other.attached,nonmigrants.movers
778815,933,f,a55_59,eo_oweo,official_lang,work.official_lang,married,other.attached,external.movers
831804,933,m,a55_59,ao_oesao,official_lang,work.no.official_lang,married,other.attached,non.movers
799928,933,f,a0_4,onao_Canadian,official_lang,work.official_lang,married,other.attached,other.movers
766121,933,f,a25_29,ao_esao_Filipino,official_lang,work.official_lang,married,other.attached,interprovincial.movers
275671,933,m,a15_19,eo_bio_English,official_lang,work.official_lang,divorced,single.detached.house,non.movers
432488,933,m,a15_19,eo_weo_German,official_lang,work.official_lang,no.married,single.detached.house,non.movers
89074,933,f,a60_64,ao_osao,official_lang,work.no.official_lang,married,other.attached,external.movers
35322,933,f,a45_49,onao_Canadian,official_lang,work.official_lang,married,single.detached.house,non.movers
324082,933,f,a30_34,eo_bio_Scottish,official_lang,work.no.official_lang,living.common.law,other.attached,nonmigrants.movers
227086,933,f,a50_54,ao_sao_ei,official_lang,work.no.official_lang,married,other.attached,non.movers
874036,933,m,a75_79,ao_esao_Chinese,official_lang,work.no.official_lang,separated,other.attached,non.movers
364685,933,f,a40_44,onao,official_lang,work.official_lang,married,other.attached,non.movers
714812,933,m,a45_49,eo_weo_German,official_lang,work.no.official_lang,married,other.attached,non.movers
871336,933,f,a50_54,ao_esao_Chinese,official_lang,work.official_lang,no.married,other.attached,external.movers
160627,933,m,a45_49,ao_esao_Chinese,official_lang,work.no.official_lang,no.married,other.attached,non.movers
777291,933,f,a30_34,ao_esao_Chinese,official_lang,work.official_lang,no.married,single.detached.house,non.movers
589354,933,m,a35_39,ao_esao_Chinese,official_lang,work.official_lang,no.married,other.attached,nonmigrants.movers
886150,933,m,a15_19,ao_sao_ei,official_lang,work.no.official_lang,married,other.attached,non.movers
378703,933,m,a70_74,ao_oesao,official_lang,work.official_lang,no.married,other.attached,non.movers
890892,933,m,a0_4,eo_weo_German,official_lang,work.official_lang,married,other.attached,non.movers
607074,933,m,a35_39,eo_bio_Irish,official_lang,work.official_lang,married,other.attached,nonmigrants.movers
684778,933,f,a40_44,ao_esao_Chinese,official_lang,work.official_lang,married,other.attached,non.movers
617027,933,m,a15_19,onao_Canadian,official_lang,work.no.official_lang,married,single.detached.house,non.movers
268292,933,f,a45_49,ao,official_lang,work.no.official_lang,married,single.detached.house,non.movers
641356,933,m,a55_59,eo_eeo_Ukrainian,official_lang,work.official_lang,married,other.attached,non.movers
921569,933,m,a0_4,ao_oesao,official_lang,work.official_lang,no.married,other.attached,non.movers
24348,933,f,a20_24,eo_bio_Irish,official_lang,work.no.official_lang,married,other.attached,non.movers
170923,933,m,a20_24,onao_Canadian,official_lang,work.official_lang,married,other.attached,non.movers
774438,933,m,a45_49,onao_Canadian,official_lang,work.official_lang,married,other.attached,non.movers
419136,933,f,a40_44,eo_bio_Scottish,official_lang,work.no.official_lang,married,other.attached,non.movers
301267,933,f,a40_44,ao_esao_Chinese,official_lang,work.official_lang,no.married,other.attached,non.movers
411421,933,f,a85_,eo_bio_Irish,official_lang,work.no.official_lang,divorced,other.attached,non.movers
61344,933,m,a50_54,onao_Canadian,official_lang,work.official_lang,no.married,other.attached,nonmigrants.movers
608894,933,m,a40_44,eo_bio_English,official_lang,work.no.official_lang,no.married,other.attached,non.movers
89550,933,m,a5_9,ao_sao_ei,official_lang,work.official_lang,married,other.attached,non.movers
57678,933,m,a10_14,onao_Canadian,official_lang,work.no.official_lang,no.married,other.attached,non.movers
373011,933,f,a45_49,ao_osao,official_lang,work.no.official_lang,living.common.law,single.detached.house,non.movers
160471,933,f,a50_54,ao_sao_ei,official_lang,work.official_lang,no.married,other.attached,non.movers
487561,933,m,a5_9,eo_seo_Spanish,official_lang,work.official_lang,no.married,other.attached,non.movers
503331,933,m,a35_39,naao,official_lang,work.no.official_lang,married,other.attached,non.movers
809301,933,m,a50_54,onao_Canadian,official_lang,work.no.official_lang,divorced,other.attached,non.movers
917907,933,f,a35_39,ao_oesao,official_lang,work.no.official_lang,married,other.attached,non.movers
395638,933,m,a35_39,lcsao,official_lang,work.no.official_lang,married,other.attached,non.movers
4093,933,m,a65_69,onao_Canadian,official_lang,work.no.official_lang,married,single.detached.house,non.movers
855986,933,m,a20_24,eo_eeo_Hungarian,no.official_lang,work.no.official_lang,married,single.detached.house,non.movers
76182,933,m,a50_54,eo_eeo_Polish,official_lang,work.no.official_lang,no.married,other.attached,non.movers
484531,933,f,a40_44,eo_bio_Irish,official_lang,work.no.official_lang,no.married,other.attached,nonmigrants.movers
870753,933,m,a15_19,lcsao,official_lang,work.no.official_lang,no.married,other.attached,non.movers
384505,933,m,a25_29,lcsao,official_lang,work.no.official_lang,married,other.attached,external.movers
502690,933,m,a35_39,eo_bio_Scottish,official_lang,work.official_lang,married,other.attached,non.movers
76902,933,m,a40_44,onao_Canadian,official_lang,work.no.official_lang,married,other.attached,non.movers
411049,933,m,a50_54,eo_oeeo,official_lang,work.no.official_lang,no.married,other.attached,non.movers
512885,933,m,a30_34,eo_weo_German,official_lang,work.official_lang,married,other.attached,non.movers
104047,933,m,a40_44,onao_Canadian,official_lang,work.official_lang,no.married,other.attached,non.movers
501770,933,m,a55_59,ao_osao,official_lang,work.official_lang,no.married,other.attached,non.movers
528562,933,m,a45_49,eo_bio_English,no.official_lang,work.no.official_lang,no.married,single.detached.house,non.movers
406348,933,m,a25_29,naao,official_lang,work.no.official_lang,married,other.attached,non.movers
207577,933,m,a65_69,ao_sao_ei,official_lang,work.official_lang,no.married,other.attached,non.movers
264547,933,m,a50_54,onao_Canadian,official_lang,work.no.official_lang,separated,single.detached.house,non.movers
29458,933,m,a15_19,eo_seo_Italian,official_lang,work.no.official_lang,no.married,other.attached,non.movers
549400,933,f,a5_9,ao_esao_Chinese,official_lang,work.no.official_lang,married,single.detached.house,non.movers
656866,933,f,a20_24,onao_Canadian,official_lang,work.no.official_lang,married,other.attached,non.movers
900264,933,f,a60_64,ao_oesao,official_lang,work.no.official_lang,married,other.attached,non.movers
352895,933,f,a60_64,eo_weo_German,official_lang,work.official_lang,no.married,other.attached,interprovincial.movers
852793,933,f,a35_39,ao_esao_Chinese,no.official_lang,work.official_lang,married,other.attached,non.movers
340774,933,m,a25_29,ao_sao_ei,official_lang,work.official_lang,married,other.attached,non.movers
705725,933,f,a40_44,naao,official_lang,work.no.official_lang,married,other.attached,non.movers
697470,933,f,a20_24,onao_Canadian,official_lang,work.no.official_lang,married,other.attached,nonmigrants.movers
124193,933,m,a30_34,onao_Canadian,official_lang,work.official_lang,married,other.attached,non.movers
68843,933,m,a0_4,eo_weo_German,official_lang,work.official_lang,divorced,other.attached,non.movers
784565,933,m,a50_54,ao_esao_Chinese,official_lang,work.no.official_lang,married,single.detached.house,non.movers
146057,933,f,a0_4,ao_sao_ei,official_lang,work.official_lang,divorced,other.attached,non.movers
138737,933,m,a45_49,eo_seo_Spanish,official_lang,work.no.official_lang,married,other.attached,non.movers
356229,933,m,a5_9,onao_Canadian,official_lang,work.official_lang,married,other.attached,non.movers
54003,933,m,a45_49,ao_esao_Chinese,official_lang,work.no.official_lang,no.married,other.attached,non.movers
888929,933,m,a0_4,eo_eeo_Ukrainian,official_lang,work.official_lang,married,other.attached,non.movers
369422,933,m,a30_34,onao_Canadian,official_lang,work.official_lang,married,other.attached,non.movers
238954,933,m,a45_49,eo_fo,official_lang,work.official_lang,married,other.attached,non.movers
122362,933,f,a40_44,ao_oesao,official_lang,work.official_lang,married,other.attached,non.movers
818558,933,m,a65_69,eo_bio_Irish,official_lang,work.official_lang,married,other.attached,non.movers
761711,933,m,a45_49,eo_eeo_Russian,official_lang,work.no.official_lang,married,single.detached.house,non.movers
430375,933,f,a40_44,ao_esao_Chinese,official_lang,work.official_lang,married,other.attached,non.movers
631169,933,f,a50_54,eo_weo_Dutch,official_lang,work.official_lang,no.married,other.attached,non.movers
879646,933,m,a0_4,eo_weo_German,official_lang,work.no.official_lang,divorced,other.attached,non.movers
561705,933,f,a20_24,ao_esao_Chinese,official_lang,work.no.official_lang,married,other.attached,non.movers
684513,933,m,a40_44,eo_weo_Dutch,official_lang,work.official_lang,divorced,other.attached,non.movers
444844,933,m,a30_34,eo_obio,official_lang,work.official_lang,married,other.attached,interprovincial.movers
780898,933,f,a0_4,onao_Canadian,official_lang,work.official_lang,married,other.attached,non.movers
365723,933,m,a65_69,ao_esao_Chinese,official_lang,work.official_lang,married,other.attached,external.movers
629836,933,m,a30_34,eo_bio_Scottish,official_lang,work.official_lang,married,other.attached,non.movers
20291,933,f,a50_54,ao_esao_Chinese,official_lang,work.official_lang,married,other.attached,non.movers
145020,933,m,a15_19,onao_Canadian,official_lang,work.no.official_lang,married,other.attached,non.movers
420053,933,f,a0_4,eo_bio_English,official_lang,work.official_lang,married,other.attached,non.movers
636828,933,m,a5_9,eo_seo_Spanish,official_lang,work.official_lang,no.married,other.attached,non.movers
314147,933,f,a30_34,oco,official_lang,work.official_lang,married,other.attached,non.movers
76859,933,f,a35_39,eo_obio,official_lang,work.no.official_lang,married,other.attached,nonmigrants.movers
219299,933,f,a20_24,onao_Canadian,official_lang,work.official_lang,married,other.attached,non.movers
401819,933,m,a35_39,ao_oesao,official_lang,work.official_lang,no.married,other.attached,external.movers
276406,933,m,a5_9,ao_oesao,official_lang,work.no.official_lang,living.common.law,other.attached,non.movers
249292,933,m,a30_34,lcsao,official_lang,work.no.official_lang,married,other.attached,non.movers
841958,933,f,a20_24,eo_bio_Scottish,official_lang,work.no.official_lang,married,single.detached.house,non.movers
732716,933,m,a0_4,ao_sao_ei,official_lang,work.official_lang,no.married,single.detached.house,non.movers
505644,933,f,a20_24,ao_esao_Chinese,official_lang,work.official_lang,no.married,other.attached,non.movers
899571,933,m,a5_9,eo_bio_Irish,official_lang,work.official_lang,divorced,other.attached,non.movers
527306,933,f,a50_54,ao_esao_Chinese,official_lang,work.no.official_lang,no.married,other.attached,non.movers
615077,933,m,a45_49,ao_esao_Chinese,official_lang,work.official_lang,married,single.detached.house,non.movers
686763,933,f,a15_19,onao_Canadian,official_lang,work.official_lang,married,other.attached,non.movers
520349,933,m,a35_39,eo_fo,official_lang,work.official_lang,married,other.attached,non.movers
23809,933,f,a10_14,eo_bio_English,official_lang,work.official_lang,married,other.attached,non.movers
614898,933,f,a45_49,onao_Canadian,official_lang,work.official_lang,living.common.law,other.attached,non.movers
335994,933,f,a5_9,eo_eeo_Polish,official_lang,work.official_lang,married,other.attached,non.movers
743457,933,f,a40_44,ao_esao_Chinese,official_lang,work.official_lang,married,other.attached,non.movers
21679,933,f,a35_39,onao_Canadian,official_lang,work.no.official_lang,no.married,other.attached,non.movers
849751,933,m,a25_29,eo_bio_Scottish,official_lang,work.no.official_lang,divorced,other.attached,non.movers
264405,933,m,a40_44,onao_Canadian,official_lang,work.official_lang,married,other.attached,nonmigrants.movers
672115,933,f,a50_54,eo_obio,official_lang,work.no.official_lang,widowed,other.attached,non.movers
151482,933,m,a10_14,ao_osao,no.official_lang,work.official_lang,married,other.attached,non.movers
731336,933,f,a35_39,ao_esao_Chinese,official_lang,work.no.official_lang,married,other.attached,non.movers
676394,933,m,a30_34,ao_oesao,no.official_lang,work.no.official_lang,married,other.attached,nonmigrants.movers
200602,933,f,a30_34,ao_esao_Chinese,official_lang,work.official_lang,married,other.attached,non.movers
466166,933,m,a20_24,ao_oesao,official_lang,work.no.official_lang,married,other.attached,non.movers
209698,933,m,a45_49,eo_bio_Scottish,no.official_lang,work.official_lang,living.common.law,other.attached,interprovincial.movers
401961,933,m,a55_59,ao_esao_Chinese,official_lang,work.official_lang,married,other.attached,non.movers
654261,933,m,a40_44,ao_osao,official_lang,work.no.official_lang,divorced,other.attached,non.movers
310380,933,f,a15_19,eo_bio_Scottish,official_lang,work.no.official_lang,no.married,other.attached,non.movers
246530,933,f,a80_84,ao_esao_Chinese,official_lang,work.no.official_lang,married,other.attached,non.movers
207712,933,m,a5_9,eo_weo_Dutch,official_lang,work.official_lang,married,other.attached,non.movers
403444,933,m,a5_9,eo_oweo,official_lang,work.official_lang,married,other.attached,non.movers
373981,933,m,a45_49,eo_bio_English,official_lang,work.no.official_lang,no.married,single.detached.house,non.movers
36212,933,m,a55_59,eo_oeeo,official_lang,work.official_lang,no.married,other.attached,non.movers
758036,933,f,a15_19,eo_bio_English,official_lang,work.no.official_lang,no.married,other.attached,non.movers
271028,933,f,a15_19,ao_sao_ei,official_lang,work.official_lang,living.common.law,other.attached,nonmigrants.movers
864319,933,m,a55_59,eo_neo,official_lang,work.official_lang,married,other.attached,nonmigrants.movers
166993,933,m,a45_49,onao_Canadian,official_lang,work.no.official_lang,married,other.attached,non.movers
320300,933,f,a35_39,onao_Canadian,official_lang,work.no.official_lang,no.married,other.attached,non.movers
152806,933,f,a45_49,ao_sao_ei,official_lang,work.no.official_lang,no.married,other.attached,non.movers
717686,933,m,a0_4,eo_obio,official_lang,work.no.official_lang,married,other.attached,non.movers
90910,933,m,a35_39,ao_oesao,official_lang,work.no.official_lang,married,other.attached,non.movers
631354,933,m,a20_24,eo_eeo_Hungarian,official_lang,work.official_lang,no.married,other.attached,non.movers
71467,933,m,a40_44,ao_esao_Chinese,official_lang,work.no.official_lang,divorced,other.attached,non.movers
875848,933,m,a15_19,eo_weo_German,official_lang,work.no.official_lang,married,other.attached,non.movers
899515,933,m,a55_59,onao_Canadian,official_lang,work.no.official_lang,married,other.attached,non.movers
565886,933,f,a60_64,ao_esao_Chinese,official_lang,work.official_lang,no.married,other.attached,non.movers
377865,933,m,a20_24,ao_esao_Chinese,official_lang,work.official_lang,no.married,other.attached,other.movers
114152,933,m,a15_19,ao_oesao,official_lang,work.no.official_lang,married,single.detached.house,non.movers
472106,933,m,a40_44,eo_neo,official_lang,work.official_lang,married,other.attached,non.movers
751625,933,f,a15_19,ao_esao_Chinese,official_lang,work.official_lang,divorced,other.attached,non.movers
393247,933,m,a35_39,eo_obio,official_lang,work.official_lang,no.married,other.attached,non.movers
879444,933,f,a25_29,ao_esao_Chinese,official_lang,work.no.official_lang,living.common.law,other.attached,non.movers
54366,933,f,a60_64,ao_esao_Chinese,official_lang,work.no.official_lang,separated,other.attached,non.movers
358592,933,m,a45_49,eo_seo_Spanish,official_lang,work.no.official_lang,no.married,other.attached,non.movers
191930,933,m,a30_34,eo_bio_Scottish,official_lang,work.no.official_lang,no.married,other.attached,non.movers
123658,933,m,a55_59,ao_esao_Chinese,official_lang,work.no.official_lang,married,other.attached,other.movers
904032,933,f,a5_9,ao_oesao,official_lang,work.official_lang,divorced,other.attached,non.movers
895601,933,m,a60_64,ao_oesao,official_lang,work.no.official_lang,married,single.detached.house,non.movers
252855,933,f,a55_59,eo_neo,official_lang,work.official_lang,no.married,other.attached,non.movers
808147,933,m,a60_64,eo_eeo_Russian,official_lang,work.no.official_lang,no.married,other.attached,other.movers
20007,933,m,a80_84,eo_eeo_Polish,official_lang,work.official_lang,married,other.attached,nonmigrants.movers
545942,933,f,a30_34,eo_oeeo,official_lang,work.no.official_lang,no.married,other.attached,non.movers
775123,933,m,a0_4,eo_bio_Scottish,official_lang,work.official_lang,no.married,single.detached.house,non.movers
712479,933,m,a45_49,eo_bio_English,official_lang,work.official_lang,no.married,other.attached,non.movers
249274,933,m,a5_9,ao_sao_ei,official_lang,work.official_lang,married,other.attached,non.movers
459152,933,f,a50_54,ao_sao_ei,official_lang,work.no.official_lang,married,other.attached,non.movers
331583,933,m,a30_34,eo_weo_German,official_lang,work.official_lang,no.married,single.detached.house,non.movers
583191,933,m,a60_64,ao_oesao,official_lang,work.official_lang,married,other.attached,non.movers
732025,933,m,a10_14,onao_Canadian,official_lang,work.no.official_lang,no.married,other.attached,non.movers
874500,933,m,a50_54,eo_bio_English,official_lang,work.no.official_lang,no.married,other.attached,non.movers
370137,933,m,a45_49,onao_Canadian,official_lang,work.no.official_lang,no.married,other.attached,nonmigrants.movers
114506,933,m,a10_14,onao_Canadian,official_lang,work.no.official_lang,no.married,other.attached,non.movers
216177,933,f,a35_39,eo_neo,official_lang,work.no.official_lang,married,single.detached.house,non.movers
862747,933,f,a5_9,ao_esao_Chinese,official_lang,work.official_lang,no.married,other.attached,non.movers
678295,933,m,a20_24,eo_bio_English,official_lang,work.no.official_lang,no.married,other.attached,non.movers
907858,933,m,a30_34,ao_sao_ei,official_lang,work.official_lang,married,other.attached,non.movers
763353,933,f,a70_74,ao_esao_Chinese,official_lang,work.official_lang,no.married,single.detached.house,non.movers
409200,933,m,a50_54,eo_weo_German,official_lang,work.official_lang,no.married,other.attached,non.movers
501071,933,m,a35_39,eo_bio_English,official_lang,work.official_lang,no.married,single.detached.house,non.movers
593290,933,f,a45_49,eo_eeo_Polish,official_lang,work.no.official_lang,married,single.detached.house,non.movers
888761,933,f,a35_39,lcsao,official_lang,work.no.official_lang,married,other.attached,external.movers
30709,933,m,a0_4,eo_bio_Scottish,official_lang,work.no.official_lang,no.married,other.attached,non.movers
223057,933,m,a40_44,ao_esao_Chinese,official_lang,work.no.official_lang,married,other.attached,nonmigrants.movers
40466,933,m,a5_9,ao_esao_Chinese,official_lang,work.no.official_lang,married,other.attached,non.movers
507523,933,f,a10_14,ao_oesao,official_lang,work.official_lang,no.married,other.attached,non.movers
96034,933,f,a45_49,ao_esao_Chinese,official_lang,work.no.official_lang,married,other.attached,nonmigrants.movers
757935,933,f,a45_49,ao_oesao,official_lang,work.official_lang,married,other.attached,non.movers
780673,933,f,a15_19,ao_esao_Chinese,official_lang,work.official_lang,married,other.attached,non.movers
153809,933,m,a0_4,onao,official_lang,work.no.official_lang,married,other.attached,interprovincial.movers
346862,933,m,a45_49,eo_bio_English,official_lang,work.official_lang,married,other.attached,non.movers
332633,933,m,a20_24,ao_esao_Chinese,official_lang,work.no.official_lang,no.married,other.attached,non.movers
416304,933,m,a45_49,ao_esao_Chinese,official_lang,work.official_lang,no.married,other.attached,interprovincial.movers
154774,933,m,a5_9,eo_fo,official_lang,work.no.official_lang,married,other.attached,non.movers
263196,933,m,a5_9,eo_seo_Spanish,no.official_lang,work.official_lang,no.married,other.attached,non.movers
655280,933,f,a30_34,onao_Canadian,official_lang,work.official_lang,no.married,other.attached,non.movers
885192,933,f,a60_64,ao_esao_Chinese,official_lang,work.official_lang,married,other.attached,non.movers
609588,933,f,a5_9,ao_esao_Chinese,official_lang,work.official_lang,no.married,other.attached,non.movers
894643,933,f,a20_24,lcsao,official_lang,work.no.official_lang,no.married,other.attached,non.movers
784257,933,m,a10_14,eo_bio_English,official_lang,work.official_lang,no.married,other.attached,non.movers
338408,933,f,a55_59,eo_bio_Scottish,official_lang,work.no.official_lang,no.married,other.attached,non.movers
680330,933,f,a15_19,onao_Canadian,official_lang,work.official_lang,married,other.attached,non.movers
130236,933,f,a65_69,ao_esao_Chinese,official_lang,work.no.official_lang,married,other.attached,non.movers
410283,933,m,a40_44,ao_esao_Chinese,official_lang,work.official_lang,married,other.attached,non.movers
244194,933,m,a55_59,lcsao,official_lang,work.official_lang,married,other.attached,non.movers
652623,933,f,a35_39,eo_weo_Dutch,official_lang,work.no.official_lang,married,other.attached,interprovincial.movers
210787,933,m,a60_64,ao_sao_ei,official_lang,work.official_lang,married,single.detached.house,non.movers
856514,933,m,a40_44,ao_esao_Chinese,official_lang,work.official_lang,no.married,other.attached,non.movers
702801,933,f,a5_9,ao_esao_Chinese,official_lang,work.official_lang,married,other.attached,non.movers
172970,933,f,a30_34,ao_esao_Chinese,official_lang,work.official_lang,no.married,other.attached,non.movers
657269,933,m,a45_49,ao_esao_Chinese,official_lang,work.no.official_lang,married,other.attached,non.movers
393694,933,f,a0_4,ao_esao_Chinese,official_lang,work.official_lang,living.common.law,other.attached,nonmigrants.movers
142444,933,f,a60_64,eo_bio_Scottish,official_lang,work.no.official_lang,no.married,other.attached,non.movers
566703,933,m,a5_9,ao_esao_Chinese,official_lang,work.official_lang,married,other.attached,non.movers
613142,933,m,a55_59,eo_bio_English,official_lang,work.official_lang,no.married,single.detached.house,non.movers
383,933,f,a80_84,onao_Canadian,official_lang,work.no.official_lang,married,other.attached,non.movers
578642,933,f,a10_14,ao_sao_ei,official_lang,work.official_lang,married,other.attached,non.movers
431792,933,f,a40_44,onao_Canadian,official_lang,work.official_lang,no.married,other.attached,non.movers
343724,933,f,a30_34,ao_oesao,official_lang,work.no.official_lang,married,other.attached,non.movers
28211,933,m,a25_29,ao_oesao,official_lang,work.official_lang,married,other.attached,non.movers
131742,933,f,a55_59,ao_esao_Chinese,official_lang,work.no.official_lang,separated,other.attached,non.movers
790142,933,f,a10_14,eo_bio_Scottish,official_lang,work.official_lang,divorced,single.detached.house,non.movers
456342,933,m,a35_39,onao_Canadian,official_lang,work.no.official_lang,living.common.law,other.attached,non.movers
114590,933,m,a50_54,ao_sao_ei,official_lang,work.no.official_lang,married,other.attached,non.movers
515629,933,f,a45_49,ao_esao_Filipino,official_lang,work.official_lang,married,other.attached,non.movers
339150,933,m,a20_24,eo_weo_German,official_lang,work.no.official_lang,living.common.law,other.attached,non.movers
595015,933,f,a45_49,eo_weo_German,official_lang,work.official_lang,married,other.attached,non.movers
460247,933,m,a10_14,ao_sao_ei,official_lang,work.official_lang,married,other.attached,non.movers
170897,933,f,a45_49,naao,official_lang,work.no.official_lang,no.married,other.attached,non.movers
907276,933,f,a25_29,eo_bio_English,official_lang,work.official_lang,living.common.law,other.attached,non.movers
865141,933,f,a5_9,eo_eeo_Russian,official_lang,work.no.official_lang,married,other.attached,non.movers
156712,933,f,a45_49,onao,no.official_lang,work.official_lang,married,other.attached,non.movers
20885,933,f,a20_24,ao_esao_Chinese,official_lang,work.official_lang,married,other.attached,non.movers
745004,933,f,a25_29,eo_bio_Irish,official_lang,work.no.official_lang,married,other.attached,non.movers
167068,933,m,a30_34,eo_eeo_Polish,no.official_lang,work.official_lang,no.married,other.attached,non.movers
60407,933,f,a45_49,eo_seo_Italian,official_lang,work.no.official_lang,married,other.attached,non.movers
929738,933,m,a5_9,eo_fo,official_lang,work.official_lang,living.common.law,other.attached,non.movers
505418,933,m,a40_44,eo_bio_English,official_lang,work.no.official_lang,separated,other.attached,nonmigrants.movers
146779,933,f,a15_19,eo_bio_English,official_lang,work.no.official_lang,married,other.attached,non.movers
71784,933,m,a5_9,eo_bio_Scottish,official_lang,work.no.official_lang,no.married,other.attached,nonmigrants.movers
640956,933,f,a60_64,ao_esao_Chinese,official_lang,work.no.official_lang,married,single.detached.house,non.movers
766584,933,m,a10_14,onao_Canadian,no.official_lang,work.no.official_lang,divorced,other.attached,non.movers
426705,933,m,a35_39,ao_sao_ei,official_lang,work.no.official_lang,married,other.attached,non.movers
832346,933,m,a50_54,eo_bio_Scottish,official_lang,work.no.official_lang,married,other.attached,other.movers
223388,933,f,a20_24,eo_bio_Scottish,official_lang,work.no.official_lang,married,other.attached,non.movers
801721,933,f,a65_69,ao_esao_Chinese,official_lang,work.official_lang,no.married,other.attached,non.movers
421232,933,m,a35_39,eo_weo_German,no.official_lang,work.no.official_lang,no.married,other.attached,nonmigrants.movers
288838,933,m,a70_74,lcsao,official_lang,work.official_lang,married,single.detached.house,non.movers
532348,933,m,a0_4,eo_neo,official_lang,work.no.official_lang,no.married,other.attached,nonmigrants.movers
343284,933,m,a45_49,onao_Canadian,official_lang,work.official_lang,no.married,other.attached,external.movers
836196,933,f,a25_29,eo_seo_Portuguese,official_lang,work.no.official_lang,married,other.attached,non.movers
824090,933,m,a0_4,ao_esao_Chinese,no.official_lang,work.official_lang,married,other.attached,non.movers
504812,933,m,a35_39,ao_esao_Chinese,official_lang,work.no.official_lang,no.married,other.attached,non.movers
506729,933,f,a30_34,ao_sao_ei,official_lang,work.official_lang,married,other.attached,other.movers
801907,933,m,a35_39,eo_neo,official_lang,work.official_lang,married,other.attached,non.movers
286126,933,f,a50_54,ao_oesao,official_lang,work.official_lang,married,other.attached,non.movers
863717,933,m,a55_59,ao_esao_Chinese,official_lang,work.no.official_lang,living.common.law,other.attached,non.movers
28641,933,m,a25_29,onao_Canadian,official_lang,work.official_lang,divorced,other.attached,non.movers
252713,933,m,a5_9,eo_neo,official_lang,work.official_lang,no.married,other.attached,non.movers
868473,933,m,a55_59,eo_bio_Scottish,official_lang,work.official_lang,married,other.attached,non.movers
744961,933,f,a20_24,eo_eeo_Ukrainian,official_lang,work.official_lang,married,other.attached,non.movers
910904,933,f,a15_19,ao_esao_Chinese,official_lang,work.no.official_lang,married,single.detached.house,non.movers
193652,933,m,a55_59,eo_neo,official_lang,work.no.official_lang,married,single.detached.house,non.movers
227045,933,m,a15_19,eo_fo,official_lang,work.no.official_lang,no.married,other.attached,non.movers
621738,933,m,a15_19,ao_esao_Chinese,official_lang,work.official_lang,no.married,other.attached,non.movers
448788,933,f,a55_59,ao_esao_Chinese,official_lang,work.no.official_lang,married,other.attached,non.movers
586902,933,m,a50_54,ao_esao_Chinese,official_lang,work.no.official_lang,married,other.attached,nonmigrants.movers
909324,933,m,a20_24,ao_oesao,official_lang,work.no.official_lang,married,other.attached,other.movers
687958,933,f,a15_19,eo_eeo_Ukrainian,official_lang,work.no.official_lang,no.married,other.attached,non.movers
69510,933,m,a45_49,ao_esao_Chinese,official_lang,work.no.official_lang,married,other.attached,non.movers
626010,933,f,a0_4,eo_bio_Scottish,official_lang,work.no.official_lang,married,other.attached,non.movers
303477,933,f,a80_84,ao_esao_Chinese,official_lang,work.official_lang,married,other.attached,external.movers
524373,933,f,a65_69,eo_weo_Dutch,official_lang,work.official_lang,married,other.attached,non.movers
776430,933,m,a45_49,ao_esao_Chinese,official_lang,work.no.official_lang,married,other.attached,non.movers
555960,933,f,a20_24,eo_eeo_Polish,official_lang,work.official_lang,divorced,single.detached.house,non.movers
43554,933,m,a60_64,eo_bio_English,official_lang,work.official_lang,married,other.attached,non.movers
567512,933,f,a5_9,ao_esao_Chinese,official_lang,work.no.official_lang,married,other.attached,nonmigrants.movers
136978,933,f,a40_44,ao_oesao,official_lang,work.official_lang,living.common.law,single.detached.house,non.movers
558168,933,m,a5_9,ao_oesao,official_lang,work.official_lang,married,other.attached,non.movers
890820,933,m,a45_49,ao_esao_Chinese,official_lang,work.official_lang,widowed,other.attached,non.movers
336485,933,f,a65_69,eo_bio_English,official_lang,work.official_lang,married,other.attached,nonmigrants.movers
645475,933,f,a25_29,lcsao,no.official_lang,work.official_lang,widowed,other.attached,non.movers
67839,933,f,a5_9,ao_osao,no.official_lang,work.no.official_lang,separated,other.attached,non.movers
776617,933,m,a50_54,eo_oweo,official_lang,work.no.official_lang,married,other.attached,nonmigrants.movers
438457,933,m,a10_14,onao_Canadian,official_lang,work.no.official_lang,no.married,other.attached,non.movers
818637,933,f,a0_4,ao_esao_Chinese,official_lang,work.official_lang,no.married,other.attached,external.movers
720867,933,m,a50_54,eo_fo,no.official_lang,work.official_lang,no.married,other.attached,non.movers
192882,933,m,a20_24,ao_sao_ei,official_lang,work.no.official_lang,married,other.attached,non.movers
125517,933,f,a15_19,eo_fo,official_lang,work.no.official_lang,no.married,other.attached,other.movers
847217,933,m,a50_54,ao_esao_Chinese,official_lang,work.no.official_lang,married,other.attached,nonmigrants.movers
696499,933,f,a70_74,eo_eeo_Ukrainian,official_lang,work.no.official_lang,married,other.attached,interprovincial.movers
311982,933,f,a5_9,onao_Canadian,official_lang,work.official_lang,no.married,other.attached,non.movers
775431,933,f,a40_44,eo_bio_Irish,official_lang,work.official_lang,no.married,other.attached,non.movers
749963,933,f,a0_4,ao_oesao,official_lang,work.official_lang,no.married,other.attached,external.movers
291146,933,m,a30_34,ao_esao_Chinese,official_lang,work.no.official_lang,no.married,other.attached,non.movers
546393,933,f,a55_59,eo_oseo,official_lang,work.no.official_lang,married,single.detached.house,non.movers
859609,933,f,a75_79,onao_Canadian,official_lang,work.no.official_lang,no.married,other.attached,non.movers
113341,933,f,a50_54,ao_esao_Chinese,official_lang,work.no.official_lang,widowed,other.attached,non.movers
327768,933,f,a40_44,onao_Canadian,official_lang,work.no.official_lang,married,other.attached,non.movers
904510,933,m,a60_64,eo_weo_German,official_lang,work.official_lang,married,other.attached,non.movers
663555,933,f,a35_39,eo_bio_Scottish,official_lang,work.official_lang,married,other.attached,non.movers
922120,933,m,a5_9,ao_oesao,no.official_lang,work.no.official_lang,living.common.law,other.attached,non.movers
189457,933,m,a5_9,eo_seo_Italian,official_lang,work.official_lang,no.married,other.attached,other.movers
671061,933,f,a45_49,ao_oesao,official_lang,work.no.official_lang,married,other.attached,non.movers
717332,933,f,a65_69,eo_fo,official_lang,work.no.official_lang,married,other.attached,non.movers
793853,933,f,a45_49,ao_esao_Chinese,official_lang,work.official_lang,married,other.attached,nonmigrants.movers
469612,933,m,a10_14,eo_eeo_Polish,official_lang,work.no.official_lang,married,single.detached.house,non.movers
559234,933,m,a70_74,eo_weo_German,official_lang,work.official_lang,no.married,other.attached,non.movers
896947,933,m,a5_9,ao_esao_Chinese,official_lang,work.official_lang,married,other.attached,non.movers
320766,933,f,a55_59,ao_osao,official_lang,work.no.official_lang,divorced,other.attached,non.movers
437763,933,f,a45_49,eo_eeo_Ukrainian,official_lang,work.official_lang,separated,other.attached,non.movers
504032,933,m,a5_9,eo_bio_Irish,official_lang,work.no.official_lang,married,other.attached,non.movers
689760,933,m,a50_54,eo_obio,official_lang,work.no.official_lang,no.married,other.attached,non.movers
36394,933,m,a65_69,ao_esao_Chinese,official_lang,work.official_lang,married,other.attached,non.movers
122793,933,f,a55_59,eo_oeeo,official_lang,work.official_lang,married,other.attached,interprovincial.movers
705540,933,f,a55_59,ao_esao_Chinese,official_lang,work.official_lang,separated,other.attached,external.movers
338363,933,f,a55_59,eo_bio_Scottish,official_lang,work.no.official_lang,married,other.attached,non.movers
286906,933,m,a50_54,eo_weo_German,official_lang,work.official_lang,divorced,other.attached,non.movers
22249,933,m,a50_54,eo_bio_Irish,official_lang,work.no.official_lang,married,single.detached.house,non.movers
409953,933,f,a45_49,ao_wcameo,official_lang,work.official_lang,no.married,other.attached,non.movers
337754,933,f,a45_49,onao_Canadian,official_lang,work.official_lang,living.common.law,other.attached,non.movers
105126,933,f,a50_54,ao_sao_ei,official_lang,work.no.official_lang,married,other.attached,non.movers
42151,933,f,a45_49,eo_weo_German,no.official_lang,work.official_lang,no.married,other.attached,non.movers
580467,933,f,a35_39,eo_oweo,official_lang,work.official_lang,married,other.attached,non.movers
534143,933,m,a5_9,eo_neo,official_lang,work.official_lang,divorced,other.attached,non.movers
637581,933,m,a40_44,eo_seo_Greek,official_lang,work.official_lang,no.married,other.attached,non.movers
378083,933,f,a20_24,ao_esao_Chinese,official_lang,work.no.official_lang,no.married,other.attached,non.movers
295096,933,f,a20_24,naao,official_lang,work.official_lang,no.married,single.detached.house,non.movers
223903,933,f,a15_19,eo_bio_Irish,official_lang,work.no.official_lang,married,other.attached,non.movers
248657,933,m,a40_44,onao_Canadian,official_lang,work.official_lang,no.married,single.detached.house,non.movers
395938,933,f,a35_39,eo_bio_English,official_lang,work.no.official_lang,no.married,single.detached.house,non.movers
462025,933,m,a70_74,eo_fo,no.official_lang,work.official_lang,no.married,other.attached,non.movers
111190,933,f,a35_39,onao_Canadian,official_lang,work.no.official_lang,married,single.detached.house,non.movers
299020,933,m,a25_29,ao_sao_ei,official_lang,work.no.official_lang,no.married,other.attached,non.movers
364218,933,m,a15_19,ao_esao_Chinese,official_lang,work.no.official_lang,married,other.attached,non.movers
203075,933,f,a15_19,ao_osao,official_lang,work.no.official_lang,married,other.attached,nonmigrants.movers
672599,933,m,a40_44,ao_esao_Chinese,official_lang,work.official_lang,no.married,other.attached,non.movers
598501,933,f,a60_64,ao_esao_Chinese,official_lang,work.official_lang,no.married,other.attached,non.movers
454988,933,f,a35_39,ao_esao_Chinese,no.official_lang,work.no.official_lang,married,single.detached.house,non.movers
889912,933,f,a50_54,ao_oesao,official_lang,work.official_lang,no.married,single.detached.house,non.movers
717049,933,f,a35_39,ao_esao_Chinese,official_lang,work.no.official_lang,living.common.law,other.attached,external.movers
710319,933,f,a55_59,eo_oweo,official_lang,work.no.official_lang,married,other.attached,non.movers
83591,933,f,a60_64,onao_Canadian,official_lang,work.no.official_lang,no.married,other.attached,other.movers
6352,933,f,a40_44,eo_bio_Irish,official_lang,work.official_lang,living.common.law,other.attached,non.movers
578416,933,f,a0_4,eo_seo_Italian,official_lang,work.official_lang,married,other.attached,non.movers
461444,933,f,a30_34,eo_obio,official_lang,work.official_lang,no.married,other.attached,non.movers
466842,933,f,a25_29,lcsao,official_lang,work.no.official_lang,living.common.law,other.attached,non.movers
535948,933,m,a45_49,eo_weo_German,official_lang,work.official_lang,living.common.law,other.attached,non.movers
328597,933,m,a5_9,onao_Canadian,official_lang,work.no.official_lang,living.common.law,other.attached,non.movers
804651,933,f,a70_74,ao_esao_Chinese,official_lang,work.no.official_lang,no.married,other.attached,nonmigrants.movers
509215,933,m,a15_19,eo_weo_German,official_lang,work.official_lang,no.married,other.attached,non.movers
763440,933,m,a30_34,ao_esao_Chinese,official_lang,work.official_lang,separated,other.attached,nonmigrants.movers
423322,933,f,a50_54,ao_esao_Chinese,official_lang,work.no.official_lang,no.married,other.attached,non.movers
90871,933,m,a45_49,eo_seo_Spanish,official_lang,work.no.official_lang,no.married,other.attached,non.movers
927548,933,m,a20_24,ao_esao_Chinese,official_lang,work.official_lang,married,other.attached,non.movers
729409,933,f,a35_39,ao_esao_Chinese,official_lang,work.official_lang,married,single.detached.house,non.movers
656811,933,m,a35_39,ao_esao_Chinese,official_lang,work.no.official_lang,no.married,single.detached.house,non.movers
382651,933,m,a35_39,ao_esao_Chinese,official_lang,work.official_lang,married,other.attached,non.movers
198523,933,m,a70_74,eo_eeo_Ukrainian,official_lang,work.official_lang,married,other.attached,non.movers
745345,933,m,a35_39,eo_bio_Irish,official_lang,work.official_lang,divorced,other.attached,non.movers
551998,933,m,a45_49,eo_bio_Scottish,official_lang,work.official_lang,married,other.attached,non.movers
713205,933,m,a55_59,ao_esao_Chinese,official_lang,work.official_lang,married,other.attached,non.movers
425547,933,m,a45_49,eo_bio_Irish,official_lang,work.official_lang,no.married,single.detached.house,non.movers
679057,933,m,a40_44,onao_Canadian,official_lang,work.official_lang,divorced,other.attached,non.movers
337415,933,m,a15_19,onao_Canadian,official_lang,work.official_lang,married,other.attached,non.movers
783353,933,f,a40_44,ao_esao_Chinese,official_lang,work.no.official_lang,married,other.attached,other.movers
127297,933,f,a5_9,eo_eeo_Polish,official_lang,work.no.official_lang,living.common.law,other.attached,non.movers
94415,933,f,a0_4,ao_oesao,official_lang,work.no.official_lang,married,other.attached,non.movers
605114,933,f,a70_74,ao_esao_Chinese,official_lang,work.official_lang,married,other.attached,non.movers
115344,933,m,a45_49,ao_esao_Chinese,official_lang,work.official_lang,no.married,other.attached,interprovincial.movers
206086,933,m,a35_39,ao_esao_Chinese,official_lang,work.no.official_lang,living.common.law,other.attached,non.movers
733131,933,m,a10_14,ao_oesao,official_lang,work.no.official_lang,no.married,other.attached,external.movers
90376,933,f,a55_59,ao_esao_Chinese,official_lang,work.official_lang,no.married,single.detached.house,non.movers
69824,933,m,a50_54,eo_weo_German,official_lang,work.no.official_lang,married,other.attached,non.movers
217030,933,f,a45_49,onao_Canadian,official_lang,work.no.official_lang,married,other.attached,external.movers
671333,933,m,a70_74,eo_bio_Irish,official_lang,work.official_lang,no.married,other.attached,interprovincial.movers
401943,933,f,a45_49,eo_bio_English,official_lang,work.no.official_lang,widowed,other.attached,non.movers
880510,933,f,a45_49,eo_bio_Scottish,official_lang,work.official_lang,living.common.law,other.attached,nonmigrants.movers
372967,933,f,a40_44,eo_eeo_Hungarian,official_lang,work.official_lang,married,other.attached,interprovincial.movers
546960,933,f,a30_34,eo_seo_Spanish,official_lang,work.official_lang,married,single.detached.house,non.movers
490652,933,m,a35_39,eo_eeo_Russian,official_lang,work.no.official_lang,married,other.attached,external.movers
805104,933,f,a25_29,eo_weo_German,official_lang,work.official_lang,divorced,single.detached.house,non.movers
62679,933,m,a55_59,ao_esao_Chinese,official_lang,work.no.official_lang,no.married,other.attached,non.movers
684563,933,f,a35_39,eo_eeo_Polish,official_lang,work.no.official_lang,married,other.attached,nonmigrants.movers
579502,933,f,a35_39,ao_oesao,official_lang,work.no.official_lang,no.married,other.attached,non.movers
445969,933,m,a45_49,eo_eeo_Ukrainian,official_lang,work.official_lang,married,other.attached,non.movers
657606,933,f,a15_19,eo_obio,official_lang,work.no.official_lang,married,single.detached.house,non.movers
788549,933,f,a65_69,eo_seo_Italian,official_lang,work.no.official_lang,married,other.attached,non.movers
399363,933,f,a55_59,eo_bio_Irish,official_lang,work.official_lang,married,other.attached,non.movers
249057,933,m,a15_19,eo_bio_English,official_lang,work.no.official_lang,no.married,other.attached,non.movers
726672,933,m,a0_4,eo_bio_English,official_lang,work.official_lang,no.married,other.attached,nonmigrants.movers
846408,933,f,a10_14,eo_bio_Scottish,official_lang,work.no.official_lang,married,other.attached,non.movers
501853,933,f,a0_4,ao_sao_ei,official_lang,work.no.official_lang,divorced,other.attached,non.movers
391290,933,f,a35_39,ao_oesao,official_lang,work.no.official_lang,married,other.attached,non.movers
614124,933,m,a5_9,eo_obio,official_lang,work.no.official_lang,married,other.attached,non.movers
315610,933,f,a30_34,eo_weo_German,official_lang,work.official_lang,married,other.attached,interprovincial.movers
527326,933,f,a40_44,eo_bio_English,official_lang,work.official_lang,divorced,other.attached,other.movers
276411,933,f,a40_44,onao_Canadian,official_lang,work.no.official_lang,no.married,other.attached,non.movers
598156,933,m,a45_49,eo_eeo_Ukrainian,official_lang,work.official_lang,no.married,single.detached.house,non.movers
922796,933,m,a30_34,eo_seo_Portuguese,official_lang,work.official_lang,no.married,other.attached,nonmigrants.movers
249072,933,f,a40_44,eo_bio_Scottish,official_lang,work.no.official_lang,no.married,other.attached,non.movers
290627,933,m,a35_39,ao_esao_Chinese,official_lang,work.official_lang,married,single.detached.house,non.movers
153937,933,m,a75_79,eo_bio_English,official_lang,work.official_lang,married,other.attached,non.movers
857589,933,m,a55_59,onao_Canadian,official_lang,work.no.official_lang,no.married,other.attached,non.movers
679077,933,m,a45_49,ao_esao_Chinese,official_lang,work.official_lang,no.married,other.attached,interprovincial.movers
619386,933,m,a45_49,ao_esao_Chinese,official_lang,work.official_lang,married,other.attached,non.movers
242119,933,m,a45_49,ao_sao_ei,official_lang,work.no.official_lang,living.common.law,other.attached,interprovincial.movers
905119,933,f,a0_4,eo_bio_Irish,no.official_lang,work.official_lang,married,other.attached,interprovincial.movers
17935,933,f,a45_49,onao_Canadian,no.official_lang,work.no.official_lang,married,other.attached,non.movers
584808,933,m,a0_4,onao_Canadian,official_lang,work.no.official_lang,married,other.attached,non.movers
711305,933,f,a35_39,eo_seo_Italian,official_lang,work.no.official_lang,married,other.attached,non.movers
180225,933,m,a0_4,ao_esao_Chinese,official_lang,work.no.official_lang,married,other.attached,non.movers
741133,933,f,a75_79,naao,official_lang,work.official_lang,widowed,other.attached,non.movers
34778,933,m,a15_19,eo_bio_Irish,official_lang,work.official_lang,no.married,other.attached,non.movers
722656,933,f,a20_24,onao_Canadian,official_lang,work.official_lang,married,other.attached,non.movers
106087,933,m,a60_64,eo_eeo_Polish,official_lang,work.official_lang,no.married,other.attached,non.movers
235487,933,m,a35_39,ao,official_lang,work.no.official_lang,married,other.attached,nonmigrants.movers
818902,933,m,a45_49,ao_esao_Chinese,official_lang,work.no.official_lang,married,other.attached,other.movers
697299,933,m,a0_4,eo_weo_German,official_lang,work.official_lang,married,single.detached.house,non.movers
628350,933,f,a15_19,eo_bio_English,official_lang,work.official_lang,married,other.attached,non.movers
889846,933,f,a15_19,ao_oesao,official_lang,work.no.official_lang,married,other.attached,non.movers
284667,933,m,a15_19,eo_eeo_Ukrainian,official_lang,work.official_lang,married,other.attached,non.movers
262954,933,f,a25_29,eo_bio_English,official_lang,work.official_lang,married,single.detached.house,non.movers
476708,933,f,a45_49,onao_Canadian,official_lang,work.no.official_lang,married,other.attached,non.movers
764187,933,f,a10_14,eo_fo,official_lang,work.no.official_lang,living.common.law,single.detached.house,non.movers
216766,933,m,a25_29,ao_wcameo,no.official_lang,work.official_lang,married,other.attached,non.movers
52499,933,f,a40_44,ao,official_lang,work.official_lang,no.married,other.attached,non.movers
102581,933,m,a45_49,ao_esao_Chinese,official_lang,work.official_lang,married,single.detached.house,non.movers
466871,933,f,a50_54,ao_oesao,official_lang,work.official_lang,no.married,other.attached,non.movers
456915,933,m,a0_4,onao_Canadian,official_lang,work.no.official_lang,no.married,single.detached.house,non.movers
119966,933,f,a45_49,eo_bio_English,official_lang,work.no.official_lang,married,single.detached.house,non.movers
840957,933,m,a60_64,eo_weo_Dutch,official_lang,work.no.official_lang,living.common.law,other.attached,nonmigrants.movers
280004,933,f,a55_59,eo_seo_Portuguese,official_lang,work.official_lang,no.married,other.attached,external.movers
509401,933,m,a30_34,ao_oesao,official_lang,work.no.official_lang,married,other.attached,non.movers
275422,933,m,a55_59,eo_obio,official_lang,work.official_lang,no.married,single.detached.house,non.movers
303301,933,f,a0_4,ao_esao_Chinese,official_lang,work.official_lang,divorced,other.attached,non.movers
1408,933,f,a55_59,ao_esao_Chinese,official_lang,work.no.official_lang,married,other.attached,non.movers
784914,933,m,a55_59,eo_weo_German,official_lang,work.no.official_lang,married,single.detached.house,non.movers
319150,933,f,a0_4,ao_esao_Chinese,official_lang,work.official_lang,widowed,other.attached,non.movers
603562,933,f,a50_54,eo_eeo_Hungarian,official_lang,work.official_lang,married,other.attached,interprovincial.movers
340427,933,f,a70_74,ao_oesao,official_lang,work.official_lang,married,other.attached,non.movers
922661,933,m,a0_4,ao_esao_Chinese,no.official_lang,work.official_lang,no.married,single.detached.house,non.movers
155536,933,f,a5_9,eo_eeo_Hungarian,official_lang,work.official_lang,married,other.attached,non.movers
207308,933,m,a15_19,ao_oesao,official_lang,work.official_lang,married,other.attached,non.movers
249401,933,m,a60_64,ao_esao_Chinese,official_lang,work.official_lang,no.married,other.attached,nonmigrants.movers
174960,933,f,a30_34,eo_bio_English,official_lang,work.no.official_lang,married,other.attached,non.movers
164172,933,m,a55_59,ao_esao_Chinese,official_lang,work.no.official_lang,no.married,other.attached,non.movers
549476,933,f,a45_49,eo_weo_Dutch,official_lang,work.no.official_lang,no.married,other.attached,non.movers
270113,933,m,a60_64,ao_esao_Chinese,no.official_lang,work.official_lang,no.married,other.attached,nonmigrants.movers
738132,933,m,a15_19,onao_Canadian,no.official_lang,work.official_lang,married,other.attached,non.movers
372418,933,f,a65_69,eo_bio_Irish,official_lang,work.official_lang,no.married,other.attached,non.movers
51026,933,f,a35_39,ao_esao_Chinese,official_lang,work.official_lang,married,other.attached,non.movers
307793,933,m,a0_4,ao_esao_Chinese,official_lang,work.no.official_lang,married,other.attached,non.movers
276519,933,m,a45_49,ao_esao_Chinese,official_lang,work.official_lang,no.married,other.attached,non.movers
551059,933,m,a20_24,ao_esao_Chinese,official_lang,work.no.official_lang,married,single.detached.house,non.movers
396357,933,f,a55_59,eo_oseo,no.official_lang,work.no.official_lang,no.married,other.attached,non.movers
851413,933,m,a30_34,ao_oesao,official_lang,work.no.official_lang,married,single.detached.house,non.movers
217529,933,m,a60_64,eo_weo_German,official_lang,work.official_lang,married,single.detached.house,non.movers
368178,933,f,a65_69,ao_sao_ei,official_lang,work.official_lang,married,other.attached,non.movers
89313,933,m,a35_39,eo_eeo_Ukrainian,no.official_lang,work.official_lang,no.married,other.attached,nonmigrants.movers
476835,933,m,a40_44,onao_Canadian,no.official_lang,work.official_lang,married,other.attached,non.movers
580740,933,m,a45_49,ao_esao_Chinese,official_lang,work.no.official_lang,married,other.attached,non.movers
153844,933,f,a40_44,oco,official_lang,work.no.official_lang,no.married,other.attached,non.movers
458941,933,f,a80_84,eo_bio_Irish,official_lang,work.no.official_lang,married,other.attached,non.movers
418735,933,m,a30_34,eo_bio_Scottish,official_lang,work.official_lang,no.married,other.attached,other.movers
617151,933,f,a65_69,ao_esao_Chinese,official_lang,work.official_lang,married,other.attached,non.movers
925326,933,m,a50_54,onao_Canadian,official_lang,work.official_lang,married,other.attached,non.movers
342905,933,m,a10_14,eo_seo_Portuguese,official_lang,work.official_lang,married,single.detached.house,non.movers
263171,933,f,a25_29,eo_eeo_Ukrainian,no.official_lang,work.no.official_lang,no.married,other.attached,non.movers
264251,933,m,a5_9,eo_weo_Dutch,no.official_lang,work.no.official_lang,married,other.attached,non.movers
504537,933,m,a35_39,lcsao,official_lang,work.no.official_lang,no.married,single.detached.house,non.movers
363113,933,m,a60_64,ao_oesao,official_lang,work.official_lang,married,other.attached,non.movers
453889,933,f,a40_44,ao_esao_Chinese,official_lang,work.official_lang,no.married,other.attached,non.movers
504524,933,m,a15_19,eo_bio_Scottish,official_lang,work.no.official_lang,married,other.attached,non.movers
761485,933,f,a0_4,eo_fo,official_lang,work.official_lang,married,other.attached,non.movers
83856,933,m,a40_44,eo_bio_Scottish,official_lang,work.official_lang,married,other.attached,non.movers
650299,933,m,a50_54,ao_esao_Chinese,official_lang,work.no.official_lang,living.common.law,other.attached,non.movers
592644,933,m,a30_34,ao_esao_Chinese,official_lang,work.official_lang,no.married,other.attached,non.movers
620767,933,f,a20_24,ao_esao_Chinese,official_lang,work.official_lang,no.married,single.detached.house,non.movers
6649,933,m,a35_39,ao_esao_Chinese,official_lang,work.no.official_lang,married,other.attached,non.movers
717536,933,m,a15_19,ao_esao_Chinese,official_lang,work.official_lang,living.common.law,other.attached,non.movers
260843,933,f,a40_44,eo_seo_Portuguese,official_lang,work.official_lang,married,single.detached.house,non.movers
560840,933,f,a30_34,onao_Canadian,official_lang,work.no.official_lang,no.married,other.attached,non.movers
795259,933,m,a45_49,eo_weo_German,official_lang,work.official_lang,married,other.attached,non.movers
649389,933,m,a10_14,ao_esao_Chinese,official_lang,work.official_lang,no.married,other.attached,non.movers
183770,933,f,a65_69,ao_sao_ei,official_lang,work.no.official_lang,no.married,other.attached,non.movers
836296,933,m,a20_24,onao_Canadian,official_lang,work.official_lang,no.married,other.attached,nonmigrants.movers
355565,933,m,a40_44,eo_bio_English,official_lang,work.official_lang,no.married,single.detached.house,non.movers
644385,933,f,a55_59,ao_sao_ei,official_lang,work.official_lang,no.married,other.attached,non.movers
12201,933,f,a10_14,lcsao,official_lang,work.official_lang,living.common.law,other.attached,non.movers
387507,933,m,a50_54,onao_Canadian,official_lang,work.no.official_lang,married,other.attached,non.movers
20664,933,m,a45_49,eo_bio_Scottish,no.official_lang,work.no.official_lang,married,other.attached,nonmigrants.movers
3376,933,f,a55_59,ao_oesao,official_lang,work.no.official_lang,married,other.attached,non.movers
285038,933,f,a20_24,ao_esao_Chinese,official_lang,work.official_lang,no.married,other.attached,non.movers
172216,933,f,a60_64,ao_esao_Chinese,official_lang,work.official_lang,no.married,other.attached,non.movers
646393,933,m,a65_69,onao_Canadian,official_lang,work.no.official_lang,no.married,single.detached.house,non.movers
822925,933,m,a60_64,ao_esao_Chinese,official_lang,work.no.official_lang,married,other.attached,non.movers
725349,933,f,a50_54,ao_esao_Chinese,official_lang,work.no.official_lang,no.married,other.attached,other.movers
218495,933,f,a0_4,ao_esao_Chinese,official_lang,work.official_lang,married,other.attached,non.movers
78250,933,m,a50_54,eo_oeeo,official_lang,work.no.official_lang,no.married,other.attached,non.movers
225211,933,m,a0_4,ao_esao_Chinese,official_lang,work.official_lang,married,other.attached,other.movers
801874,933,m,a35_39,onao_Canadian,official_lang,work.official_lang,no.married,other.attached,external.movers
467226,933,f,a60_64,ao_esao_Chinese,official_lang,work.no.official_lang,married,other.attached,non.movers
918936,933,f,a50_54,eo_eeo_Polish,official_lang,work.official_lang,no.married,single.detached.house,non.movers
418970,933,f,a45_49,eo_weo_German,official_lang,work.official_lang,living.common.law,other.attached,non.movers
750579,933,m,a50_54,ao_oesao,official_lang,work.official_lang,no.married,other.attached,non.movers
22186,933,m,a15_19,eo_bio_Irish,official_lang,work.official_lang,married,other.attached,non.movers
771478,933,m,a15_19,eo_eeo_Ukrainian,official_lang,work.no.official_lang,married,other.attached,non.movers
626068,933,f,a45_49,onao_Canadian,official_lang,work.official_lang,no.married,other.attached,non.movers
566161,933,f,a20_24,eo_bio_Irish,official_lang,work.no.official_lang,married,other.attached,non.movers
688246,933,m,a85_,onao_Canadian,official_lang,work.official_lang,married,other.attached,non.movers
694134,933,f,a10_14,eo_seo_Greek,official_lang,work.official_lang,no.married,other.attached,other.movers
311362,933,m,a20_24,eo_eeo_Hungarian,official_lang,work.no.official_lang,no.married,other.attached,non.movers
822558,933,f,a15_19,ao_oesao,official_lang,work.official_lang,no.married,other.attached,non.movers
160582,933,m,a5_9,eo_eeo_Polish,official_lang,work.official_lang,no.married,other.attached,non.movers
546079,933,m,a15_19,ao_sao_ei,official_lang,work.official_lang,no.married,other.attached,non.movers
636253,933,f,a70_74,eo_bio_English,official_lang,work.official_lang,married,other.attached,non.movers
774855,933,m,a45_49,ao_esao_Chinese,official_lang,work.no.official_lang,no.married,other.attached,non.movers
115991,933,f,a5_9,ao_esao_Chinese,official_lang,work.official_lang,no.married,other.attached,non.movers
723861,933,f,a50_54,eo_bio_Scottish,official_lang,work.no.official_lang,no.married,other.attached,non.movers
593606,933,m,a20_24,ao_sao_ei,official_lang,work.no.official_lang,widowed,other.attached,non.movers
208344,933,m,a75_79,eo_neo,official_lang,work.no.official_lang,no.married,other.attached,nonmigrants.movers
196836,933,m,a50_54,oo,official_lang,work.official_lang,no.married,other.attached,non.movers
388209,933,m,a70_74,eo_bio_Scottish,official_lang,work.no.official_lang,no.married,other.attached,non.movers
874140,933,m,a75_79,ao_wcameo,official_lang,work.no.official_lang,no.married,other.attached,non.movers
111671,933,f,a55_59,ao_esao_Chinese,official_lang,work.official_lang,no.married,other.attached,non.movers
624510,933,f,a10_14,eo_eeo_Ukrainian,official_lang,work.official_lang,married,single.detached.house,non.movers
81351,933,f,a60_64,eo_eeo_Polish,official_lang,work.official_lang,no.married,single.detached.house,non.movers
722119,933,f,a60_64,eo_neo,official_lang,work.no.official_lang,married,other.attached,non.movers
388537,933,f,a35_39,ao_esao_Filipino,no.official_lang,work.official_lang,married,other.attached,non.movers
469159,933,m,a15_19,eo_bio_English,official_lang,work.official_lang,married,other.attached,non.movers
496983,933,m,a65_69,onao_Canadian,official_lang,work.official_lang,divorced,other.attached,non.movers
340930,933,f,a45_49,eo_oweo,official_lang,work.official_lang,married,other.attached,non.movers
268499,933,m,a20_24,eo_bio_English,official_lang,work.no.official_lang,separated,other.attached,non.movers
425913,933,m,a60_64,eo_bio_English,official_lang,work.no.official_lang,widowed,other.attached,nonmigrants.movers
851642,933,m,a35_39,ao_esao_Chinese,official_lang,work.no.official_lang,married,other.attached,interprovincial.movers
588532,933,f,a55_59,ao_esao_Chinese,official_lang,work.no.official_lang,no.married,other.attached,non.movers
778551,933,m,a25_29,ao_esao_Chinese,official_lang,work.no.official_lang,living.common.law,other.attached,non.movers
278466,933,m,a20_24,onao_Canadian,official_lang,work.no.official_lang,no.married,other.attached,non.movers
498683,933,f,a5_9,eo_bio_English,official_lang,work.no.official_lang,married,other.attached,non.movers
643199,933,m,a45_49,onao_Canadian,official_lang,work.official_lang,married,other.attached,non.movers
348087,933,f,a50_54,eo_fo,official_lang,work.official_lang,no.married,other.attached,non.movers
2375,933,m,a5_9,eo_neo,official_lang,work.official_lang,married,other.attached,non.movers
167423,933,f,a25_29,ao_esao_Chinese,official_lang,work.official_lang,married,single.detached.house,non.movers
854820,933,m,a10_14,ao_oesao,official_lang,work.official_lang,married,other.attached,other.movers
43695,933,f,a30_34,eo_bio_English,official_lang,work.no.official_lang,no.married,other.attached,non.movers
687034,933,m,a0_4,ao_oesao,official_lang,work.no.official_lang,living.common.law,other.attached,non.movers
323101,933,m,a60_64,eo_bio_Scottish,official_lang,work.no.official_lang,married,other.attached,non.movers
275330,933,f,a45_49,eo_eeo_Polish,official_lang,work.official_lang,no.married,other.attached,non.movers
465449,933,f,a25_29,ao_esao_Chinese,official_lang,work.no.official_lang,no.married,other.attached,non.movers
430818,933,m,a45_49,ao_oesao,official_lang,work.no.official_lang,married,single.detached.house,non.movers
358661,933,f,a50_54,onao_Canadian,official_lang,work.official_lang,no.married,other.attached,non.movers
277909,933,f,a20_24,ao_esao_Chinese,official_lang,work.no.official_lang,married,other.attached,nonmigrants.movers
285811,933,f,a0_4,ao_sao_ei,official_lang,work.official_lang,no.married,other.attached,non.movers
350676,933,m,a30_34,onao_Canadian,official_lang,work.official_lang,married,other.attached,non.movers
473087,933,f,a15_19,onao_Canadian,official_lang,work.no.official_lang,living.common.law,other.attached,nonmigrants.movers
182104,933,m,a60_64,onao_Canadian,official_lang,work.no.official_lang,no.married,other.attached,non.movers
40295,933,m,a60_64,ao_esao_Chinese,official_lang,work.no.official_lang,married,other.attached,non.movers
757519,933,m,a0_4,eo_oeo,official_lang,work.official_lang,no.married,other.attached,non.movers
79955,933,f,a40_44,ao_esao_Chinese,official_lang,work.no.official_lang,married,other.attached,nonmigrants.movers
461392,933,f,a60_64,ao_esao_Chinese,official_lang,work.official_lang,no.married,single.detached.house,non.movers
408215,933,m,a35_39,onao_Canadian,official_lang,work.no.official_lang,separated,other.attached,non.movers
376916,933,f,a50_54,ao_esao_Chinese,official_lang,work.no.official_lang,no.married,other.attached,non.movers
417599,933,m,a65_69,eo_bio_Irish,official_lang,work.no.official_lang,married,other.attached,non.movers
542517,933,m,a45_49,ao,official_lang,work.official_lang,married,single.detached.house,non.movers
334420,933,m,a20_24,ao_esao_Chinese,official_lang,work.no.official_lang,no.married,other.attached,non.movers
758683,933,m,a40_44,onao_Canadian,official_lang,work.no.official_lang,no.married,other.attached,non.movers
174776,933,m,a20_24,onao_Canadian,official_lang,work.official_lang,married,other.attached,non.movers
129679,933,f,a50_54,eo_oeeo,official_lang,work.no.official_lang,no.married,other.attached,non.movers
752769,933,f,a50_54,onao_Canadian,official_lang,work.no.official_lang,married,other.attached,non.movers
690925,933,f,a60_64,eo_neo,official_lang,work.official_lang,married,other.attached,non.movers
698547,933,f,a70_74,ao_oesao,official_lang,work.no.official_lang,married,other.attached,non.movers
216388,933,f,a20_24,eo_obio,official_lang,work.no.official_lang,no.married,single.detached.house,non.movers
833540,933,f,a0_4,ao_oesao,official_lang,work.official_lang,married,other.attached,non.movers
272379,933,m,a65_69,ao_esao_Filipino,no.official_lang,work.official_lang,married,single.detached.house,non.movers
291024,933,m,a30_34,eo_eeo_Ukrainian,official_lang,work.no.official_lang,married,other.attached,non.movers
434295,933,f,a30_34,eo_bio_Scottish,official_lang,work.official_lang,divorced,other.attached,non.movers
501423,933,m,a15_19,ao_esao_Filipino,official_lang,work.official_lang,no.married,other.attached,non.movers
17970,933,m,a45_49,onao_Canadian,no.official_lang,work.official_lang,no.married,other.attached,non.movers
9171,933,m,a15_19,ao_sao_ei,official_lang,work.no.official_lang,married,single.detached.house,non.movers
609154,933,m,a25_29,eo_bio_Scottish,official_lang,work.official_lang,no.married,other.attached,non.movers
368373,933,m,a5_9,eo_bio_Irish,official_lang,work.official_lang,married,other.attached,non.movers
365033,933,f,a65_69,eo_weo_German,official_lang,work.no.official_lang,married,other.attached,non.movers
321723,933,m,a35_39,eo_bio_Scottish,official_lang,work.official_lang,married,other.attached,non.movers
239055,933,m,a40_44,ao_oesao,official_lang,work.official_lang,no.married,single.detached.house,non.movers
126833,933,m,a20_24,eo_bio_Scottish,official_lang,work.no.official_lang,no.married,other.attached,non.movers
188971,933,f,a45_49,eo_eeo_Ukrainian,official_lang,work.official_lang,no.married,other.attached,non.movers
438433,933,m,a60_64,ao_esao_Chinese,no.official_lang,work.official_lang,divorced,other.attached,non.movers
295395,933,f,a55_59,eo_bio_Irish,official_lang,work.official_lang,married,other.attached,non.movers
239817,933,f,a10_14,onao_Canadian,official_lang,work.official_lang,married,other.attached,non.movers
12324,933,f,a5_9,eo_bio_Scottish,official_lang,work.no.official_lang,married,other.attached,non.movers
36681,933,m,a10_14,eo_seo_Portuguese,official_lang,work.official_lang,married,other.attached,non.movers
656303,933,f,a35_39,eo_obio,official_lang,work.no.official_lang,married,other.attached,non.movers
68889,933,f,a20_24,ao_esao_Chinese,official_lang,work.official_lang,married,single.detached.house,non.movers
124087,933,m,a60_64,eo_eeo_Polish,official_lang,work.official_lang,separated,other.attached,nonmigrants.movers
171679,933,f,a30_34,ao_esao_Chinese,official_lang,work.official_lang,married,other.attached,external.movers
753225,933,m,a0_4,eo_bio_English,official_lang,work.official_lang,married,single.detached.house,non.movers
711226,933,f,a30_34,eo_eeo_Polish,official_lang,work.no.official_lang,no.married,other.attached,nonmigrants.movers
467653,933,m,a25_29,ao_esao_Chinese,official_lang,work.no.official_lang,no.married,other.attached,non.movers
287178,933,m,a35_39,eo_obio,official_lang,work.no.official_lang,married,other.attached,non.movers
445072,933,f,a55_59,onao_Canadian,official_lang,work.no.official_lang,married,other.attached,non.movers
920173,933,f,a75_79,eo_fo,official_lang,work.official_lang,married,single.detached.house,non.movers
858668,933,f,a35_39,onao_Canadian,official_lang,work.official_lang,no.married,other.attached,nonmigrants.movers
870472,933,f,a5_9,onao_Canadian,official_lang,work.no.official_lang,living.common.law,other.attached,non.movers
569450,933,f,a10_14,co_Jamaican,official_lang,work.no.official_lang,married,other.attached,non.movers
569428,933,f,a0_4,eo_weo_German,official_lang,work.official_lang,no.married,single.detached.house,non.movers
458172,933,m,a35_39,ao_esao_Chinese,official_lang,work.official_lang,married,other.attached,non.movers
846573,933,m,a15_19,ao_esao_Chinese,official_lang,work.no.official_lang,no.married,other.attached,non.movers
625364,933,m,a65_69,ao_sao_ei,official_lang,work.official_lang,married,other.attached,non.movers
667037,933,f,a10_14,ao_oesao,official_lang,work.official_lang,no.married,other.attached,non.movers
389490,933,m,a35_39,eo_bio_Scottish,official_lang,work.no.official_lang,no.married,other.attached,non.movers
183274,933,f,a35_39,ao_oesao,official_lang,work.no.official_lang,married,other.attached,non.movers
130049,933,f,a55_59,ao_esao_Chinese,official_lang,work.no.official_lang,no.married,single.detached.house,non.movers
699886,933,f,a50_54,eo_bio_Scottish,no.official_lang,work.no.official_lang,no.married,other.attached,non.movers
790906,933,m,a45_49,ao_esao_Chinese,official_lang,work.no.official_lang,no.married,other.attached,non.movers
413709,933,m,a45_49,eo_bio_Scottish,official_lang,work.official_lang,no.married,other.attached,interprovincial.movers
409542,933,f,a40_44,onao_Canadian,official_lang,work.no.official_lang,no.married,single.detached.house,non.movers
718046,933,m,a40_44,eo_bio_Irish,official_lang,work.official_lang,no.married,other.attached,non.movers
187045,933,f,a60_64,eo_weo_German,official_lang,work.no.official_lang,married,other.attached,non.movers
927161,933,f,a55_59,ao_esao_Chinese,official_lang,work.no.official_lang,married,other.attached,non.movers
699249,933,f,a5_9,ao_esao_Chinese,official_lang,work.official_lang,married,other.attached,non.movers
229974,933,f,a15_19,lcsao,official_lang,work.no.official_lang,married,single.detached.house,non.movers
464873,933,f,a30_34,ao_esao_Chinese,official_lang,work.official_lang,married,other.attached,non.movers
36319,933,f,a15_19,ao_osao,official_lang,work.official_lang,no.married,other.attached,non.movers
564679,933,m,a40_44,onao_Canadian,no.official_lang,work.official_lang,no.married,other.attached,non.movers
59291,933,f,a35_39,naao,official_lang,work.official_lang,no.married,single.detached.house,non.movers
111765,933,m,a75_79,ao_esao_Chinese,official_lang,work.no.official_lang,living.common.law,single.detached.house,non.movers
695966,933,m,a25_29,eo_bio_Irish,official_lang,work.official_lang,divorced,other.attached,other.movers
150780,933,m,a55_59,ao_esao_Chinese,official_lang,work.official_lang,no.married,other.attached,non.movers
485898,933,m,a20_24,eo_oweo,official_lang,work.official_lang,no.married,other.attached,non.movers
212604,933,m,a0_4,eo_bio_Scottish,official_lang,work.official_lang,married,other.attached,non.movers
698862,933,f,a10_14,ao_esao_Chinese,official_lang,work.no.official_lang,no.married,other.attached,non.movers
634167,933,m,a25_29,eo_bio_English,official_lang,work.official_lang,married,other.attached,nonmigrants.movers
746629,933,m,a20_24,onao_Canadian,official_lang,work.no.official_lang,married,other.attached,non.movers
389883,933,f,a50_54,lcsao,official_lang,work.official_lang,no.married,other.attached,non.movers
364951,933,f,a15_19,eo_bio_English,no.official_lang,work.official_lang,married,other.attached,non.movers
480951,933,f,a40_44,eo_obio,official_lang,work.official_lang,married,other.attached,non.movers
772739,933,m,a70_74,onao_Canadian,official_lang,work.no.official_lang,married,other.attached,non.movers
929080,933,m,a0_4,ao_oesao,official_lang,work.official_lang,married,other.attached,non.movers
600939,933,f,a35_39,eo_bio_English,official_lang,work.no.official_lang,no.married,other.attached,non.movers
314006,933,m,a25_29,eo_oseo,official_lang,work.official_lang,no.married,other.attached,non.movers
495535,933,f,a55_59,eo_eeo_Ukrainian,official_lang,work.official_lang,married,single.detached.house,non.movers
919557,933,f,a50_54,onao_Canadian,official_lang,work.no.official_lang,no.married,other.attached,non.movers
366489,933,m,a60_64,lcsao,official_lang,work.official_lang,living.common.law,other.attached,nonmigrants.movers
502332,933,m,a0_4,eo_bio_English,official_lang,work.official_lang,no.married,other.attached,non.movers
186328,933,m,a0_4,eo_oseo,official_lang,work.official_lang,married,other.attached,nonmigrants.movers
11062,933,m,a5_9,naao,official_lang,work.official_lang,married,other.attached,non.movers
849568,933,m,a45_49,onao_Canadian,official_lang,work.official_lang,no.married,other.attached,external.movers
257029,933,m,a55_59,ao_oesao,official_lang,work.no.official_lang,married,other.attached,non.movers
497767,933,m,a10_14,ao_osao,official_lang,work.official_lang,married,other.attached,non.movers
859075,933,f,a45_49,ao_esao_Chinese,official_lang,work.no.official_lang,no.married,other.attached,non.movers
371815,933,f,a35_39,eo_bio_Irish,official_lang,work.official_lang,living.common.law,other.attached,non.movers
87569,933,m,a40_44,ao_wcameo,official_lang,work.no.official_lang,married,single.detached.house,non.movers
371565,933,m,a60_64,ao_esao_Chinese,official_lang,work.no.official_lang,married,other.attached,non.movers
421736,933,m,a20_24,eo_fo,official_lang,work.official_lang,married,single.detached.house,non.movers
262595,933,m,a0_4,ao_oesao,official_lang,work.no.official_lang,married,other.attached,non.movers
651710,933,m,a25_29,ao_esao_Chinese,official_lang,work.no.official_lang,no.married,other.attached,non.movers
471196,933,f,a60_64,lcsao,official_lang,work.no.official_lang,no.married,other.attached,external.movers
414392,933,m,a35_39,ao_sao_ei,official_lang,work.official_lang,married,other.attached,non.movers
371747,933,m,a0_4,lcsao,official_lang,work.no.official_lang,no.married,other.attached,non.movers
288084,933,m,a30_34,eo_bio_Irish,official_lang,work.official_lang,married,other.attached,non.movers
242373,933,m,a45_49,eo_weo_German,no.official_lang,work.no.official_lang,no.married,other.attached,non.movers
485621,933,f,a55_59,ao_oesao,official_lang,work.official_lang,married,other.attached,non.movers
426197,933,f,a45_49,onao_Canadian,official_lang,work.no.official_lang,married,other.attached,non.movers
697958,933,f,a45_49,eo_bio_Scottish,official_lang,work.official_lang,no.married,other.attached,non.movers
108417,933,f,a5_9,onao_Canadian,official_lang,work.no.official_lang,no.married,other.attached,non.movers
191264,933,f,a30_34,eo_bio_Irish,official_lang,work.no.official_lang,married,single.detached.house,non.movers
540776,933,f,a35_39,eo_bio_Irish,official_lang,work.official_lang,married,other.attached,non.movers
847424,933,m,a30_34,eo_weo_German,official_lang,work.official_lang,no.married,other.attached,nonmigrants.movers
425716,933,m,a65_69,eo_bio_Scottish,official_lang,work.official_lang,married,other.attached,non.movers
748999,933,m,a40_44,ao_esao_Chinese,official_lang,work.no.official_lang,married,other.attached,non.movers
238146,933,f,a5_9,ao_wcameo,official_lang,work.official_lang,married,other.attached,non.movers
307015,933,m,a10_14,co_Jamaican,official_lang,work.official_lang,married,other.attached,nonmigrants.movers
213051,933,m,a35_39,eo_bio_Scottish,official_lang,work.no.official_lang,no.married,other.attached,non.movers
300198,933,f,a0_4,eo_bio_Scottish,official_lang,work.official_lang,living.common.law,other.attached,external.movers
101623,933,m,a20_24,ao_esao_Chinese,official_lang,work.official_lang,no.married,other.attached,non.movers
204044,933,m,a15_19,ao_sao_ei,official_lang,work.official_lang,no.married,other.attached,non.movers
709371,933,m,a50_54,ao_sao_ei,official_lang,work.no.official_lang,no.married,other.attached,nonmigrants.movers
431980,933,m,a40_44,eo_fo,official_lang,work.no.official_lang,no.married,other.attached,non.movers
420766,933,m,a60_64,onao,official_lang,work.no.official_lang,married,other.attached,non.movers
58504,933,m,a45_49,ao_esao_Chinese,official_lang,work.no.official_lang,married,other.attached,non.movers
5771,933,m,a45_49,eo_bio_English,official_lang,work.official_lang,married,other.attached,non.movers
828142,933,m,a50_54,onao_Canadian,official_lang,work.no.official_lang,married,other.attached,non.movers
603518,933,f,a50_54,eo_bio_English,official_lang,work.no.official_lang,widowed,other.attached,non.movers
464466,933,m,a35_39,onao_Canadian,official_lang,work.no.official_lang,no.married,other.attached,non.movers
100580,933,f,a50_54,ao_esao_Chinese,official_lang,work.official_lang,no.married,other.attached,non.movers
316770,933,m,a50_54,eo_bio_Scottish,official_lang,work.no.official_lang,divorced,other.attached,non.movers
145853,933,m,a55_59,ao_esao_Chinese,official_lang,work.no.official_lang,no.married,other.attached,non.movers
13625,933,m,a45_49,eo_fo,official_lang,work.no.official_lang,no.married,other.attached,interprovincial.movers
81955,933,m,a50_54,ao_esao_Chinese,official_lang,work.no.official_lang,married,other.attached,non.movers
337055,933,f,a5_9,ao_oesao,official_lang,work.official_lang,no.married,other.attached,non.movers
107839,933,m,a20_24,ao_esao_Chinese,official_lang,work.no.official_lang,married,other.attached,non.movers
871618,933,f,a15_19,eo_weo_German,official_lang,work.no.official_lang,divorced,other.attached,non.movers
513943,933,m,a15_19,ao_esao_Chinese,official_lang,work.official_lang,no.married,single.detached.house,non.movers
419944,933,f,a50_54,ao_esao_Chinese,official_lang,work.no.official_lang,married,other.attached,non.movers
726133,933,f,a20_24,onao_Canadian,official_lang,work.no.official_lang,no.married,other.attached,non.movers
776561,933,m,a10_14,eo_neo,official_lang,work.official_lang,living.common.law,other.attached,non.movers
49289,933,m,a40_44,ao,official_lang,work.official_lang,married,other.attached,nonmigrants.movers
33604,933,m,a30_34,eo_eeo_Ukrainian,official_lang,work.no.official_lang,no.married,other.attached,non.movers
388671,933,f,a40_44,eo_bio_English,official_lang,work.no.official_lang,married,other.attached,non.movers
537510,933,m,a35_39,ao_esao_Chinese,official_lang,work.no.official_lang,no.married,other.attached,non.movers
615002,933,f,a0_4,eo_bio_English,official_lang,work.no.official_lang,married,other.attached,non.movers
160127,933,f,a50_54,onao_Canadian,official_lang,work.no.official_lang,married,other.attached,non.movers
749782,933,f,a5_9,ao_sao_ei,official_lang,work.no.official_lang,married,other.attached,non.movers
9512,933,f,a30_34,eo_fo,official_lang,work.official_lang,no.married,other.attached,other.movers
899609,933,f,a35_39,ao_esao_Chinese,official_lang,work.official_lang,married,other.attached,non.movers
902556,933,f,a80_84,eo_bio_Scottish,official_lang,work.no.official_lang,no.married,other.attached,non.movers
780986,933,m,a30_34,ao_esao_Chinese,official_lang,work.no.official_lang,married,other.attached,non.movers
162523,933,m,a40_44,ao_sao_ei,official_lang,work.no.official_lang,married,other.attached,nonmigrants.movers
112677,933,m,a80_84,onao_Canadian,official_lang,work.no.official_lang,married,other.attached,non.movers
688993,933,m,a30_34,ao_esao_Chinese,official_lang,work.no.official_lang,married,other.attached,non.movers
581116,933,f,a30_34,eo_eeo_Polish,official_lang,work.official_lang,married,other.attached,non.movers
670270,933,m,a45_49,ao_oesao,official_lang,work.no.official_lang,married,other.attached,non.movers
546367,933,f,a15_19,onao_Canadian,official_lang,work.no.official_lang,no.married,other.attached,non.movers
852077,933,m,a50_54,eo_bio_English,official_lang,work.no.official_lang,married,other.attached,non.movers
501796,933,m,a15_19,onao_Canadian,official_lang,work.no.official_lang,no.married,single.detached.house,non.movers
275642,933,f,a40_44,onao_Canadian,official_lang,work.no.official_lang,married,other.attached,nonmigrants.movers
701723,933,m,a55_59,onao_Canadian,official_lang,work.official_lang,married,other.attached,non.movers
292234,933,m,a20_24,naao,official_lang,work.official_lang,no.married,other.attached,non.movers
391382,933,f,a30_34,eo_eeo_Hungarian,official_lang,work.official_lang,no.married,other.attached,non.movers
468798,933,f,a45_49,eo_seo_Italian,official_lang,work.no.official_lang,no.married,other.attached,non.movers
639348,933,m,a15_19,eo_seo_Italian,official_lang,work.no.official_lang,married,other.attached,non.movers
723145,933,m,a20_24,eo_weo_German,official_lang,work.official_lang,no.married,other.attached,external.movers
788893,933,f,a40_44,ao_esao_Chinese,official_lang,work.no.official_lang,separated,single.detached.house,non.movers
285696,933,m,a70_74,eo_bio_Scottish,official_lang,work.no.official_lang,no.married,other.attached,non.movers
315251,933,m,a40_44,ao,official_lang,work.official_lang,married,other.attached,nonmigrants.movers
198180,933,m,a65_69,ao_esao_Chinese,official_lang,work.official_lang,no.married,other.attached,non.movers
446819,933,m,a5_9,ao_esao_Filipino,official_lang,work.official_lang,no.married,other.attached,non.movers
409282,933,f,a25_29,eo_bio_English,official_lang,work.no.official_lang,married,other.attached,non.movers
790312,933,f,a30_34,eo_oeeo,official_lang,work.no.official_lang,no.married,other.attached,non.movers
118370,933,f,a40_44,eo_bio_English,official_lang,work.official_lang,married,other.attached,non.movers
913778,933,m,a40_44,eo_bio_English,official_lang,work.no.official_lang,divorced,other.attached,non.movers
629453,933,f,a45_49,eo_weo_German,official_lang,work.no.official_lang,married,other.attached,non.movers
146832,933,f,a20_24,eo_seo_Greek,official_lang,work.official_lang,living.common.law,other.attached,non.movers
379341,933,m,a45_49,onao_Canadian,official_lang,work.no.official_lang,no.married,other.attached,nonmigrants.movers
920752,933,f,a65_69,eo_fo,official_lang,work.official_lang,no.married,other.attached,interprovincial.movers
145164,933,m,a35_39,ao_esao_Chinese,official_lang,work.no.official_lang,married,other.attached,non.movers
642817,933,f,a0_4,ao_esao_Chinese,official_lang,work.no.official_lang,married,other.attached,nonmigrants.movers
299410,933,m,a0_4,ao_oesao,official_lang,work.no.official_lang,no.married,other.attached,non.movers
351812,933,m,a15_19,ao_esao_Chinese,official_lang,work.official_lang,no.married,other.attached,non.movers
633669,933,m,a55_59,ao_esao_Chinese,official_lang,work.no.official_lang,no.married,other.attached,non.movers
719171,933,m,a20_24,ao_esao_Filipino,official_lang,work.official_lang,no.married,other.attached,non.movers
330315,933,f,a0_4,ao_esao_Chinese,official_lang,work.no.official_lang,widowed,other.attached,non.movers
11238,933,f,a15_19,onao_Canadian,official_lang,work.official_lang,married,other.attached,non.movers
140898,933,f,a10_14,eo_bio_English,official_lang,work.official_lang,no.married,other.attached,external.movers
629146,933,f,a60_64,eo_obio,official_lang,work.official_lang,no.married,other.attached,non.movers
541449,933,f,a5_9,ao_oesao,official_lang,work.official_lang,married,single.detached.house,non.movers
819300,933,m,a20_24,naao,official_lang,work.official_lang,no.married,other.attached,non.movers
832586,933,m,a15_19,onao_Canadian,official_lang,work.official_lang,no.married,other.attached,non.movers
406593,933,m,a45_49,ao_esao_Chinese,official_lang,work.no.official_lang,no.married,other.attached,non.movers
170954,933,f,a30_34,onao_Canadian,official_lang,work.no.official_lang,married,other.attached,non.movers
221866,933,m,a75_79,onao_Canadian,official_lang,work.no.official_lang,no.married,other.attached,non.movers
834284,933,m,a5_9,onao_Canadian,official_lang,work.official_lang,married,other.attached,non.movers
526938,933,m,a50_54,ao_esao_Chinese,official_lang,work.no.official_lang,married,other.attached,non.movers
681418,933,f,a10_14,ao_sao_ei,official_lang,work.official_lang,no.married,other.attached,non.movers
158049,933,m,a10_14,onao_Canadian,official_lang,work.no.official_lang,married,single.detached.house,non.movers
121525,933,m,a40_44,eo_bio_English,official_lang,work.no.official_lang,married,other.attached,non.movers
854116,933,f,a30_34,onao,official_lang,work.no.official_lang,divorced,other.attached,non.movers
305479,933,f,a35_39,eo_weo_German,official_lang,work.no.official_lang,married,other.attached,non.movers
899673,933,m,a30_34,ao_osao,official_lang,work.no.official_lang,no.married,single.detached.house,non.movers
593564,933,m,a50_54,eo_eeo_Polish,official_lang,work.official_lang,married,other.attached,non.movers
177671,933,f,a35_39,ao_esao_Chinese,official_lang,work.official_lang,married,other.attached,non.movers
642475,933,m,a70_74,eo_bio_English,official_lang,work.no.official_lang,married,other.attached,nonmigrants.movers
403471,933,m,a40_44,eo_neo,official_lang,work.official_lang,no.married,other.attached,non.movers
464810,933,f,a5_9,eo_weo_Dutch,official_lang,work.official_lang,married,other.attached,non.movers
423073,933,m,a65_69,ao_esao_Chinese,official_lang,work.no.official_lang,no.married,other.attached,non.movers
338333,933,m,a55_59,eo_seo_Portuguese,official_lang,work.no.official_lang,no.married,other.attached,non.movers
449775,933,m,a55_59,eo_weo_Dutch,official_lang,work.official_lang,married,other.attached,non.movers
51854,933,f,a25_29,eo_eeo_Ukrainian,official_lang,work.no.official_lang,no.married,other.attached,non.movers
94333,933,m,a40_44,ao_esao_Chinese,official_lang,work.official_lang,married,other.attached,non.movers
855766,933,f,a5_9,ao_oesao,official_lang,work.no.official_lang,married,other.attached,non.movers
861877,933,m,a5_9,onao_Canadian,official_lang,work.no.official_lang,married,other.attached,non.movers
717205,933,m,a0_4,eo_bio_Scottish,official_lang,work.official_lang,married,other.attached,non.movers
746477,933,m,a30_34,eo_neo,official_lang,work.official_lang,separated,other.attached,non.movers
68443,933,f,a0_4,ao_esao_Chinese,official_lang,work.no.official_lang,no.married,other.attached,nonmigrants.movers
179719,933,f,a35_39,eo_bio_Scottish,official_lang,work.official_lang,divorced,single.detached.house,non.movers
723542,933,m,a30_34,ao_esao_Chinese,official_lang,work.no.official_lang,no.married,single.detached.house,non.movers
502564,933,m,a5_9,ao_esao_Chinese,official_lang,work.official_lang,no.married,other.attached,non.movers
709105,933,m,a5_9,ao_wcameo,official_lang,work.no.official_lang,no.married,other.attached,non.movers
345015,933,m,a5_9,ao_esao_Chinese,official_lang,work.no.official_lang,married,single.detached.house,non.movers
466985,933,f,a30_34,eo_neo,official_lang,work.no.official_lang,married,other.attached,non.movers
928834,933,m,a40_44,eo_bio_English,official_lang,work.official_lang,married,single.detached.house,non.movers
557254,933,f,a5_9,ao_esao_Chinese,official_lang,work.no.official_lang,divorced,other.attached,non.movers
894345,933,m,a50_54,eo_bio_Irish,official_lang,work.no.official_lang,no.married,other.attached,non.movers
878495,933,m,a10_14,ao_esao_Chinese,official_lang,work.no.official_lang,married,other.attached,non.movers
292202,933,m,a60_64,eo_obio,official_lang,work.no.official_lang,married,other.attached,other.movers
63966,933,m,a60_64,ao_sao_ei,official_lang,work.official_lang,divorced,single.detached.house,non.movers
653008,933,m,a15_19,eo_oeeo,official_lang,work.no.official_lang,separated,other.attached,non.movers
722245,933,m,a10_14,eo_bio_Irish,official_lang,work.official_lang,married,other.attached,non.movers
299628,933,m,a10_14,eo_bio_English,official_lang,work.official_lang,married,other.attached,non.movers
902655,933,m,a25_29,ao_sao_ei,official_lang,work.no.official_lang,married,other.attached,non.movers
703583,933,f,a35_39,ao,no.official_lang,work.official_lang,married,other.attached,non.movers
771292,933,m,a15_19,ao_oesao,official_lang,work.official_lang,married,other.attached,nonmigrants.movers
616868,933,m,a50_54,ao_esao_Chinese,official_lang,work.official_lang,married,single.detached.house,non.movers
798428,933,m,a50_54,eo_bio_English,official_lang,work.official_lang,no.married,other.attached,non.movers
235705,933,m,a45_49,ao_sao_ei,official_lang,work.no.official_lang,married,other.attached,non.movers
109809,933,m,a35_39,ao_osao,no.official_lang,work.official_lang,married,other.attached,non.movers
695341,933,f,a65_69,eo_bio_Scottish,official_lang,work.no.official_lang,no.married,other.attached,nonmigrants.movers
97940,933,m,a25_29,eo_bio_Scottish,official_lang,work.no.official_lang,no.married,other.attached,non.movers
592283,933,m,a15_19,ao_esao_Chinese,no.official_lang,work.official_lang,no.married,other.attached,non.movers
89402,933,m,a20_24,ao_oesao,official_lang,work.official_lang,married,other.attached,external.movers
855455,933,m,a20_24,ao_esao_Chinese,official_lang,work.official_lang,married,other.attached,non.movers
548661,933,m,a40_44,ao_esao_Chinese,official_lang,work.no.official_lang,married,other.attached,non.movers
861740,933,f,a0_4,ao_esao_Chinese,official_lang,work.no.official_lang,married,other.attached,non.movers
121153,933,f,a40_44,ao_sao_ei,official_lang,work.official_lang,married,other.attached,non.movers
305813,933,m,a35_39,ao_esao_Chinese,official_lang,work.official_lang,married,other.attached,non.movers
241207,933,f,a30_34,ao_sao_ei,official_lang,work.no.official_lang,living.common.law,other.attached,other.movers
496109,933,m,a80_84,lcsao,official_lang,work.no.official_lang,no.married,other.attached,non.movers
401927,933,f,a25_29,eo_bio_Scottish,official_lang,work.official_lang,married,other.attached,non.movers
538498,933,f,a55_59,ao,official_lang,work.official_lang,no.married,other.attached,non.movers
622361,933,f,a5_9,ao_oesao,official_lang,work.official_lang,married,other.attached,non.movers
543114,933,m,a15_19,onao_Canadian,official_lang,work.official_lang,no.married,other.attached,non.movers
370960,933,m,a20_24,onao_Canadian,official_lang,work.official_lang,married,other.attached,non.movers
867627,933,m,a65_69,eo_bio_English,official_lang,work.no.official_lang,married,other.attached,non.movers
346071,933,m,a15_19,eo_weo_German,official_lang,work.official_lang,no.married,other.attached,non.movers
39542,933,f,a40_44,ao_esao_Chinese,official_lang,work.no.official_lang,no.married,other.attached,non.movers
251415,933,m,a55_59,ao_osao,official_lang,work.official_lang,living.common.law,other.attached,non.movers
868975,933,f,a55_59,ao_oesao,official_lang,work.official_lang,married,single.detached.house,non.movers
2377,933,m,a25_29,ao_esao_Chinese,official_lang,work.no.official_lang,married,other.attached,non.movers
250737,933,m,a50_54,ao_esao_Chinese,official_lang,work.official_lang,no.married,other.attached,nonmigrants.movers
562032,933,m,a60_64,eo_fo,official_lang,work.official_lang,married,other.attached,non.movers
313136,933,m,a55_59,ao_esao_Chinese,official_lang,work.no.official_lang,married,other.attached,non.movers
785342,933,m,a15_19,eo_bio_Scottish,official_lang,work.no.official_lang,no.married,single.detached.house,non.movers
6738,933,f,a45_49,ao_esao_Chinese,no.official_lang,work.no.official_lang,married,other.attached,non.movers
715510,933,m,a0_4,eo_bio_Irish,official_lang,work.official_lang,married,other.attached,non.movers
129693,933,f,a45_49,eo_bio_English,official_lang,work.official_lang,living.common.law,other.attached,non.movers
331781,933,m,a30_34,eo_oeo,official_lang,work.official_lang,married,single.detached.house,non.movers
866362,933,m,a45_49,eo_eeo_Ukrainian,official_lang,work.official_lang,no.married,other.attached,non.movers
204385,933,f,a55_59,ao_esao_Chinese,official_lang,work.official_lang,living.common.law,other.attached,non.movers
712078,933,f,a5_9,eo_bio_Scottish,official_lang,work.no.official_lang,married,other.attached,non.movers
794193,933,m,a15_19,eo_weo_German,official_lang,work.no.official_lang,married,other.attached,external.movers
543431,933,f,a40_44,lcsao,official_lang,work.no.official_lang,married,other.attached,non.movers
699356,933,m,a25_29,eo_weo_Dutch,official_lang,work.official_lang,married,other.attached,non.movers
244509,933,m,a25_29,eo_bio_Scottish,official_lang,work.official_lang,married,other.attached,non.movers
777238,933,m,a0_4,onao_Canadian,official_lang,work.no.official_lang,married,other.attached,non.movers
386999,933,m,a15_19,ao_esao_Chinese,no.official_lang,work.no.official_lang,married,other.attached,nonmigrants.movers
466875,933,m,a60_64,ao_oesao,official_lang,work.no.official_lang,married,other.attached,non.movers
457433,933,f,a10_14,ao_oesao,official_lang,work.official_lang,no.married,other.attached,non.movers
886410,933,m,a70_74,ao_oesao,official_lang,work.no.official_lang,living.common.law,other.attached,non.movers
227139,933,f,a10_14,eo_obio,official_lang,work.no.official_lang,married,other.attached,non.movers
172865,933,f,a15_19,eo_weo_Dutch,official_lang,work.official_lang,married,other.attached,non.movers
828632,933,m,a40_44,eo_weo_German,official_lang,work.no.official_lang,divorced,single.detached.house,non.movers
96494,933,f,a30_34,ao_oesao,official_lang,work.official_lang,married,other.attached,non.movers
139788,933,m,a55_59,ao,no.official_lang,work.no.official_lang,married,other.attached,non.movers
523025,933,m,a5_9,ao_sao_ei,official_lang,work.no.official_lang,no.married,other.attached,non.movers
148323,933,m,a70_74,eo_oweo,official_lang,work.official_lang,married,single.detached.house,non.movers
331002,933,m,a20_24,onao_Canadian,official_lang,work.official_lang,married,single.detached.house,non.movers
765116,933,m,a15_19,eo_fo,official_lang,work.official_lang,married,other.attached,non.movers
172149,933,m,a15_19,naao,official_lang,work.no.official_lang,divorced,other.attached,non.movers
132396,933,m,a0_4,ao_esao_Chinese,official_lang,work.official_lang,married,other.attached,non.movers
237707,933,m,a60_64,eo_obio,official_lang,work.no.official_lang,married,other.attached,non.movers
195345,933,f,a70_74,onao_Canadian,official_lang,work.no.official_lang,no.married,other.attached,external.movers
467681,933,m,a5_9,lcsao,official_lang,work.official_lang,married,other.attached,non.movers
197001,933,m,a0_4,eo_oeeo,official_lang,work.no.official_lang,married,other.attached,non.movers
134207,933,m,a15_19,ao_esao_Chinese,official_lang,work.official_lang,married,other.attached,non.movers
833698,933,f,a30_34,eo_seo_Italian,official_lang,work.official_lang,married,other.attached,non.movers
918632,933,m,a50_54,eo_weo_German,official_lang,work.no.official_lang,married,other.attached,non.movers
47817,933,f,a20_24,ao_sao_ei,official_lang,work.official_lang,no.married,other.attached,interprovincial.movers
442736,933,m,a0_4,ao_oesao,official_lang,work.no.official_lang,living.common.law,other.attached,non.movers
89364,933,f,a75_79,eo_weo_Dutch,no.official_lang,work.official_lang,married,other.attached,non.movers
315033,933,m,a15_19,eo_bio_Scottish,official_lang,work.no.official_lang,no.married,other.attached,non.movers
220001,933,m,a10_14,eo_fo,official_lang,work.official_lang,married,other.attached,non.movers
891154,933,m,a35_39,ao_oesao,official_lang,work.no.official_lang,living.common.law,other.attached,non.movers
878222,933,f,a30_34,eo_bio_English,official_lang,work.official_lang,married,other.attached,external.movers
529355,933,m,a30_34,eo_fo,no.official_lang,work.no.official_lang,no.married,other.attached,non.movers
763567,933,m,a35_39,eo_bio_Irish,official_lang,work.no.official_lang,no.married,other.attached,nonmigrants.movers
475711,933,f,a15_19,ao_esao_Chinese,official_lang,work.no.official_lang,married,other.attached,non.movers
181534,933,f,a70_74,eo_bio_English,official_lang,work.no.official_lang,married,other.attached,nonmigrants.movers
592603,933,m,a5_9,eo_bio_English,official_lang,work.official_lang,married,single.detached.house,non.movers
445661,933,f,a60_64,eo_bio_Scottish,official_lang,work.official_lang,married,other.attached,non.movers
380684,933,f,a40_44,oco,official_lang,work.official_lang,married,other.attached,non.movers
73065,933,m,a15_19,ao_sao_ei,official_lang,work.official_lang,no.married,other.attached,non.movers
399802,933,m,a50_54,eo_obio,official_lang,work.no.official_lang,no.married,other.attached,nonmigrants.movers
731896,933,f,a40_44,ao_oesao,official_lang,work.no.official_lang,married,other.attached,non.movers
88122,933,m,a40_44,ao_oesao,official_lang,work.no.official_lang,no.married,other.attached,non.movers
603121,933,f,a50_54,lcsao,official_lang,work.official_lang,married,single.detached.house,non.movers
645211,933,m,a5_9,eo_bio_English,official_lang,work.official_lang,living.common.law,other.attached,non.movers
274015,933,f,a20_24,ao_esao_Chinese,official_lang,work.no.official_lang,married,other.attached,non.movers
836067,933,m,a40_44,eo_bio_Scottish,official_lang,work.no.official_lang,married,single.detached.house,non.movers
860895,933,m,a55_59,eo_eeo_Polish,official_lang,work.no.official_lang,married,other.attached,nonmigrants.movers
841929,933,m,a5_9,eo_obio,official_lang,work.no.official_lang,divorced,single.detached.house,non.movers
327446,933,m,a50_54,ao_wcameo,official_lang,work.no.official_lang,no.married,other.attached,non.movers
253654,933,m,a20_24,eo_seo_Italian,official_lang,work.no.official_lang,living.common.law,other.attached,non.movers
765346,933,f,a65_69,eo_neo,official_lang,work.no.official_lang,no.married,other.attached,non.movers
445278,933,m,a45_49,naao,official_lang,work.no.official_lang,married,other.attached,non.movers
262365,933,f,a25_29,ao_esao_Chinese,official_lang,work.no.official_lang,no.married,other.attached,other.movers
73388,933,f,a10_14,ao_esao_Chinese,official_lang,work.official_lang,no.married,other.attached,non.movers
329985,933,m,a60_64,ao_esao_Chinese,official_lang,work.official_lang,no.married,other.attached,non.movers
310827,933,f,a35_39,ao_esao_Filipino,official_lang,work.official_lang,no.married,other.attached,non.movers
170105,933,f,a5_9,onao_Canadian,official_lang,work.official_lang,married,single.detached.house,non.movers
17543,933,f,a25_29,eo_bio_Scottish,official_lang,work.official_lang,living.common.law,other.attached,non.movers
192677,933,f,a30_34,ao_esao_Chinese,official_lang,work.official_lang,married,other.attached,non.movers
242365,933,f,a15_19,eo_bio_English,official_lang,work.no.official_lang,no.married,other.attached,nonmigrants.movers
684593,933,m,a35_39,eo_bio_Scottish,official_lang,work.no.official_lang,married,other.attached,non.movers
845271,933,f,a50_54,onao,official_lang,work.official_lang,living.common.law,other.attached,non.movers
689321,933,m,a40_44,ao_esao_Chinese,official_lang,work.official_lang,married,other.attached,non.movers
516104,933,m,a5_9,ao_sao_ei,official_lang,work.no.official_lang,married,single.detached.house,non.movers
79033,933,m,a0_4,eo_weo_German,official_lang,work.no.official_lang,married,other.attached,non.movers
720418,933,f,a5_9,eo_bio_English,official_lang,work.no.official_lang,divorced,other.attached,non.movers
890205,933,m,a5_9,ao_oesao,official_lang,work.official_lang,married,other.attached,non.movers
791915,933,f,a40_44,eo_weo_Dutch,official_lang,work.official_lang,no.married,other.attached,non.movers
21036,933,m,a45_49,ao_esao_Chinese,official_lang,work.official_lang,married,other.attached,non.movers
668776,933,f,a35_39,ao_oesao,official_lang,work.official_lang,no.married,other.attached,non.movers
138063,933,f,a70_74,eo_fo,official_lang,work.official_lang,married,other.attached,non.movers
154053,933,f,a50_54,ao_esao_Filipino,official_lang,work.official_lang,no.married,other.attached,non.movers
389565,933,m,a30_34,eo_weo_German,official_lang,work.no.official_lang,no.married,other.attached,non.movers
292153,933,m,a5_9,eo_bio_Scottish,official_lang,work.no.official_lang,divorced,single.detached.house,non.movers
82435,933,f,a45_49,ao_oesao,official_lang,work.official_lang,married,single.detached.house,non.movers
754744,933,m,a50_54,eo_weo_German,official_lang,work.no.official_lang,married,other.attached,non.movers
731725,933,f,a50_54,onao_Canadian,official_lang,work.no.official_lang,married,other.attached,non.movers
119583,933,m,a30_34,eo_eeo_Ukrainian,official_lang,work.no.official_lang,married,other.attached,non.movers
80807,933,m,a40_44,ao_esao_Chinese,official_lang,work.official_lang,no.married,other.attached,nonmigrants.movers
731915,933,m,a65_69,eo_seo_Portuguese,no.official_lang,work.no.official_lang,married,other.attached,non.movers
773039,933,m,a15_19,eo_fo,official_lang,work.official_lang,no.married,other.attached,non.movers
103110,933,f,a40_44,eo_neo,official_lang,work.no.official_lang,married,other.attached,non.movers
132681,933,m,a40_44,onao,official_lang,work.official_lang,married,other.attached,nonmigrants.movers
916899,933,m,a75_79,ao_esao_Chinese,official_lang,work.no.official_lang,married,other.attached,non.movers
557167,933,f,a45_49,ao_esao_Chinese,official_lang,work.no.official_lang,married,other.attached,non.movers
393992,933,f,a25_29,eo_bio_English,official_lang,work.no.official_lang,living.common.law,other.attached,non.movers
135969,933,m,a50_54,ao_esao_Chinese,official_lang,work.official_lang,no.married,other.attached,nonmigrants.movers
384568,933,f,a60_64,ao_esao_Chinese,official_lang,work.no.official_lang,living.common.law,other.attached,non.movers
93986,933,f,a45_49,onao_Canadian,official_lang,work.no.official_lang,married,other.attached,non.movers
914713,933,m,a10_14,ao_esao_Chinese,official_lang,work.official_lang,no.married,other.attached,non.movers
620733,933,m,a15_19,eo_bio_Scottish,official_lang,work.official_lang,married,other.attached,nonmigrants.movers
634753,933,f,a30_34,eo_bio_English,official_lang,work.no.official_lang,no.married,other.attached,non.movers
205478,933,f,a0_4,onao_Canadian,official_lang,work.no.official_lang,no.married,other.attached,non.movers
185907,933,f,a40_44,ao_esao_Chinese,official_lang,work.official_lang,married,other.attached,external.movers
816435,933,m,a80_84,eo_bio_English,official_lang,work.official_lang,married,other.attached,nonmigrants.movers
277090,933,f,a35_39,eo_bio_Irish,official_lang,work.official_lang,no.married,other.attached,nonmigrants.movers
530880,933,m,a70_74,eo_bio_Irish,official_lang,work.official_lang,no.married,other.attached,non.movers
554466,933,m,a40_44,ao_oesao,official_lang,work.no.official_lang,no.married,other.attached,non.movers
276875,933,m,a15_19,ao,official_lang,work.no.official_lang,divorced,other.attached,nonmigrants.movers
459597,933,f,a35_39,onao_Canadian,no.official_lang,work.official_lang,married,other.attached,non.movers
56117,933,m,a40_44,eo_bio_Irish,official_lang,work.no.official_lang,no.married,other.attached,non.movers
397915,933,f,a35_39,ao_esao_Chinese,official_lang,work.no.official_lang,no.married,other.attached,non.movers
219316,933,m,a55_59,onao_Canadian,official_lang,work.official_lang,no.married,other.attached,nonmigrants.movers
273715,933,m,a40_44,ao_sao_ei,official_lang,work.no.official_lang,no.married,other.attached,non.movers
747366,933,f,a35_39,eo_obio,official_lang,work.no.official_lang,married,other.attached,external.movers
158559,933,m,a45_49,eo_eeo_Ukrainian,official_lang,work.official_lang,married,other.attached,nonmigrants.movers
597489,933,m,a0_4,eo_weo_German,official_lang,work.no.official_lang,married,other.attached,non.movers
477588,933,f,a40_44,ao_esao_Chinese,official_lang,work.no.official_lang,no.married,other.attached,nonmigrants.movers
82835,933,m,a40_44,ao_osao,official_lang,work.no.official_lang,married,other.attached,non.movers
553335,933,f,a35_39,onao_Canadian,no.official_lang,work.official_lang,married,other.attached,external.movers
280960,933,m,a20_24,ao_sao_ei,official_lang,work.official_lang,no.married,other.attached,external.movers
489509,933,m,a55_59,eo_weo_German,official_lang,work.no.official_lang,no.married,other.attached,non.movers
454300,933,m,a5_9,ao_esao_Chinese,official_lang,work.no.official_lang,no.married,other.attached,non.movers
416690,933,f,a0_4,ao_sao_ei,official_lang,work.no.official_lang,no.married,other.attached,non.movers
925870,933,f,a40_44,eo_bio_English,official_lang,work.no.official_lang,no.married,other.attached,nonmigrants.movers
267545,933,m,a20_24,ao_oesao,official_lang,work.official_lang,living.common.law,other.attached,non.movers
130715,933,m,a10_14,ao_oesao,official_lang,work.official_lang,no.married,other.attached,nonmigrants.movers
377143,933,f,a25_29,eo_bio_Irish,official_lang,work.official_lang,no.married,single.detached.house,non.movers
660749,933,f,a0_4,eo_obio,official_lang,work.no.official_lang,no.married,other.attached,non.movers
777531,933,m,a10_14,eo_weo_German,official_lang,work.official_lang,married,other.attached,nonmigrants.movers
303310,933,m,a30_34,oco,official_lang,work.official_lang,married,other.attached,non.movers
639827,933,f,a10_14,eo_fo,official_lang,work.no.official_lang,married,other.attached,non.movers
119412,933,f,a35_39,ao_sao_ei,official_lang,work.official_lang,divorced,other.attached,other.movers
23005,933,f,a50_54,ao_sao_ei,official_lang,work.official_lang,married,other.attached,nonmigrants.movers
908208,933,m,a30_34,eo_seo_Portuguese,official_lang,work.official_lang,married,other.attached,non.movers
476841,933,f,a30_34,ao_esao_Chinese,official_lang,work.official_lang,no.married,single.detached.house,non.movers
185935,933,f,a10_14,eo_fo,official_lang,work.no.official_lang,married,single.detached.house,non.movers
105201,933,m,a0_4,ao_esao_Chinese,official_lang,work.no.official_lang,no.married,other.attached,external.movers
30829,933,m,a0_4,eo_bio_Irish,official_lang,work.official_lang,married,single.detached.house,non.movers
637981,933,f,a0_4,eo_bio_Scottish,official_lang,work.no.official_lang,no.married,single.detached.house,non.movers
616516,933,f,a30_34,eo_fo,official_lang,work.no.official_lang,married,other.attached,nonmigrants.movers
372747,933,f,a40_44,onao_Canadian,official_lang,work.official_lang,no.married,other.attached,non.movers
437472,933,m,a55_59,eo_bio_Scottish,official_lang,work.no.official_lang,no.married,other.attached,non.movers
16112,933,f,a20_24,ao_oesao,official_lang,work.no.official_lang,married,other.attached,non.movers
750264,933,m,a50_54,eo_bio_English,official_lang,work.no.official_lang,married,other.attached,nonmigrants.movers
207077,933,m,a30_34,eo_weo_German,official_lang,work.official_lang,no.married,other.attached,non.movers
73489,933,f,a30_34,ao_oesao,official_lang,work.official_lang,living.common.law,single.detached.house,non.movers
45950,933,f,a60_64,eo_bio_Irish,official_lang,work.official_lang,living.common.law,other.attached,other.movers
472239,933,m,a35_39,onao_Canadian,official_lang,work.official_lang,married,other.attached,non.movers
461395,933,m,a70_74,onao_Canadian,official_lang,work.official_lang,married,other.attached,non.movers
320425,933,m,a35_39,ao_oesao,official_lang,work.no.official_lang,married,other.attached,nonmigrants.movers
870105,933,m,a70_74,onao_Canadian,official_lang,work.official_lang,no.married,other.attached,nonmigrants.movers
651704,933,f,a15_19,eo_fo,official_lang,work.official_lang,married,other.attached,non.movers
847693,933,m,a65_69,ao_osao,official_lang,work.no.official_lang,married,other.attached,non.movers
29492,933,m,a45_49,ao_sao_ei,official_lang,work.no.official_lang,no.married,other.attached,external.movers
559161,933,m,a45_49,ao_osao,official_lang,work.official_lang,married,other.attached,non.movers
344365,933,m,a45_49,ao_esao_Chinese,official_lang,work.no.official_lang,married,other.attached,nonmigrants.movers
126958,933,m,a55_59,onao_Canadian,official_lang,work.no.official_lang,no.married,other.attached,non.movers
343629,933,m,a35_39,eo_bio_English,official_lang,work.official_lang,married,other.attached,non.movers
539354,933,m,a10_14,naao,official_lang,work.official_lang,married,single.detached.house,non.movers
167389,933,m,a40_44,onao_Canadian,official_lang,work.no.official_lang,married,other.attached,non.movers
94098,933,m,a50_54,onao_Canadian,official_lang,work.official_lang,divorced,other.attached,non.movers
710992,933,m,a20_24,eo_bio_Scottish,official_lang,work.no.official_lang,married,other.attached,non.movers
552620,933,f,a40_44,eo_neo,no.official_lang,work.official_lang,divorced,single.detached.house,non.movers
163234,933,f,a5_9,eo_bio_English,official_lang,work.official_lang,living.common.law,single.detached.house,non.movers
729681,933,f,a65_69,onao_Canadian,official_lang,work.no.official_lang,married,other.attached,non.movers
70753,933,f,a5_9,eo_bio_Scottish,official_lang,work.no.official_lang,no.married,other.attached,non.movers
124140,933,m,a5_9,ao_sao_ei,official_lang,work.no.official_lang,married,other.attached,non.movers
695609,933,f,a30_34,ao_esao_Chinese,official_lang,work.no.official_lang,married,other.attached,non.movers
294482,933,f,a30_34,eo_weo_German,official_lang,work.no.official_lang,separated,other.attached,non.movers
764696,933,m,a45_49,naao,official_lang,work.no.official_lang,divorced,other.attached,external.movers
452512,933,f,a60_64,eo_bio_Scottish,official_lang,work.no.official_lang,married,other.attached,non.movers
785367,933,m,a35_39,ao_esao_Chinese,official_lang,work.official_lang,divorced,other.attached,external.movers
465482,933,f,a25_29,ao_esao_Chinese,official_lang,work.no.official_lang,no.married,other.attached,nonmigrants.movers
841906,933,m,a70_74,onao_Canadian,official_lang,work.official_lang,no.married,other.attached,non.movers
871027,933,f,a0_4,eo_weo_German,official_lang,work.no.official_lang,no.married,single.detached.house,non.movers
49997,933,m,a20_24,ao_esao_Chinese,official_lang,work.official_lang,married,other.attached,non.movers
654122,933,m,a45_49,naao,official_lang,work.no.official_lang,married,other.attached,non.movers
526102,933,f,a40_44,onao_Canadian,official_lang,work.official_lang,married,other.attached,non.movers
85456,933,m,a45_49,onao_Canadian,official_lang,work.official_lang,no.married,other.attached,external.movers
415443,933,m,a30_34,onao_Canadian,official_lang,work.no.official_lang,married,other.attached,non.movers
286007,933,f,a40_44,ao_oesao,official_lang,work.official_lang,married,other.attached,non.movers
175834,933,f,a60_64,ao_esao_Chinese,official_lang,work.official_lang,living.common.law,other.attached,nonmigrants.movers
281298,933,f,a45_49,eo_bio_English,official_lang,work.no.official_lang,no.married,other.attached,external.movers
478495,933,m,a0_4,onao_Canadian,official_lang,work.official_lang,married,other.attached,non.movers
112882,933,f,a5_9,ao_esao_Chinese,official_lang,work.official_lang,married,other.attached,nonmigrants.movers
103853,933,m,a80_84,eo_weo_German,official_lang,work.no.official_lang,married,other.attached,non.movers
231392,933,m,a45_49,ao_esao_Chinese,no.official_lang,work.no.official_lang,married,other.attached,non.movers
317657,933,f,a40_44,ao_esao_Chinese,official_lang,work.official_lang,no.married,other.attached,non.movers
734353,933,f,a15_19,ao_esao_Chinese,official_lang,work.no.official_lang,no.married,other.attached,external.movers
926214,933,f,a5_9,eo_weo_German,official_lang,work.no.official_lang,married,other.attached,non.movers
361157,933,f,a30_34,ao_esao_Chinese,official_lang,work.official_lang,no.married,other.attached,non.movers
81396,933,m,a50_54,eo_bio_English,official_lang,work.no.official_lang,married,other.attached,non.movers
29865,933,m,a15_19,ao_esao_Chinese,official_lang,work.no.official_lang,no.married,other.attached,non.movers
383049,933,f,a35_39,eo_bio_English,official_lang,work.no.official_lang,no.married,other.attached,non.movers
529089,933,f,a20_24,onao_Canadian,official_lang,work.official_lang,no.married,other.attached,other.movers
180113,933,m,a10_14,eo_seo_Italian,official_lang,work.no.official_lang,no.married,other.attached,non.movers
917198,933,m,a0_4,onao_Canadian,no.official_lang,work.no.official_lang,married,other.attached,non.movers
548388,933,m,a25_29,ao_esao_Chinese,official_lang,work.no.official_lang,married,other.attached,other.movers
837842,933,f,a10_14,naao,official_lang,work.official_lang,married,other.attached,non.movers
559513,933,f,a0_4,ao_esao_Chinese,official_lang,work.no.official_lang,married,single.detached.house,non.movers
470279,933,f,a45_49,ao_esao_Chinese,official_lang,work.no.official_lang,living.common.law,other.attached,non.movers
627406,933,m,a60_64,eo_bio_Scottish,official_lang,work.official_lang,married,other.attached,non.movers
620112,933,f,a70_74,ao_wcameo,official_lang,work.official_lang,married,other.attached,non.movers
417190,933,f,a45_49,ao_esao_Chinese,official_lang,work.official_lang,married,other.attached,nonmigrants.movers
317677,933,m,a40_44,onao_Canadian,official_lang,work.official_lang,married,other.attached,non.movers
645037,933,m,a0_4,onao_Canadian,official_lang,work.no.official_lang,married,other.attached,nonmigrants.movers
897702,933,m,a5_9,ao_esao_Chinese,official_lang,work.official_lang,no.married,other.attached,non.movers
633006,933,f,a45_49,eo_weo_German,official_lang,work.no.official_lang,married,other.attached,non.movers
646640,933,m,a50_54,eo_weo_German,official_lang,work.official_lang,married,other.attached,non.movers
348117,933,f,a5_9,ao_esao_Chinese,official_lang,work.no.official_lang,no.married,other.attached,non.movers
467132,933,f,a30_34,eo_bio_English,official_lang,work.no.official_lang,no.married,other.attached,non.movers
286471,933,m,a50_54,ao_esao_Chinese,official_lang,work.no.official_lang,living.common.law,single.detached.house,non.movers
796731,933,f,a20_24,lcsao,official_lang,work.no.official_lang,no.married,single.detached.house,non.movers
895539,933,f,a15_19,eo_weo_German,official_lang,work.no.official_lang,married,other.attached,non.movers
101429,933,f,a45_49,ao_esao_Chinese,official_lang,work.no.official_lang,married,other.attached,non.movers
851196,933,m,a0_4,ao_osao,official_lang,work.official_lang,no.married,other.attached,non.movers
1607,933,m,a40_44,ao_esao_Chinese,official_lang,work.official_lang,married,other.attached,non.movers
229401,933,f,a45_49,eo_eeo_Polish,official_lang,work.no.official_lang,living.common.law,other.attached,external.movers
593021,933,m,a5_9,eo_bio_English,official_lang,work.official_lang,no.married,other.attached,non.movers
343407,933,m,a5_9,onao_Canadian,official_lang,work.official_lang,no.married,other.attached,non.movers
53548,933,f,a45_49,onao_Canadian,official_lang,work.official_lang,married,other.attached,nonmigrants.movers
399207,933,f,a65_69,ao_sao_ei,official_lang,work.official_lang,married,other.attached,non.movers
536008,933,f,a0_4,ao,no.official_lang,work.official_lang,no.married,other.attached,nonmigrants.movers
54010,933,m,a60_64,onao_Canadian,official_lang,work.official_lang,no.married,other.attached,non.movers
519482,933,m,a40_44,ao_sao_ei,official_lang,work.no.official_lang,married,other.attached,nonmigrants.movers
184959,933,f,a40_44,ao_oesao,no.official_lang,work.no.official_lang,no.married,other.attached,non.movers
88991,933,m,a40_44,ao_esao_Chinese,official_lang,work.no.official_lang,married,other.attached,non.movers
713390,933,m,a50_54,ao_osao,official_lang,work.official_lang,married,other.attached,non.movers
894449,933,m,a75_79,eo_fo,official_lang,work.no.official_lang,no.married,other.attached,non.movers
268184,933,f,a55_59,onao_Canadian,official_lang,work.official_lang,no.married,other.attached,non.movers
781489,933,m,a45_49,eo_bio_Scottish,official_lang,work.official_lang,married,single.detached.house,non.movers
680347,933,m,a20_24,ao_esao_Chinese,no.official_lang,work.no.official_lang,married,other.attached,non.movers
672092,933,m,a35_39,ao_esao_Chinese,official_lang,work.no.official_lang,living.common.law,other.attached,non.movers
590936,933,m,a35_39,ao_esao_Chinese,no.official_lang,work.no.official_lang,no.married,other.attached,non.movers
542518,933,m,a45_49,eo_weo_German,no.official_lang,work.official_lang,no.married,other.attached,non.movers
269350,933,m,a40_44,onao_Canadian,official_lang,work.no.official_lang,married,other.attached,non.movers
655237,933,f,a65_69,eo_obio,official_lang,work.official_lang,married,other.attached,non.movers
620363,933,f,a0_4,eo_oweo,official_lang,work.official_lang,married,single.detached.house,non.movers
834008,933,f,a15_19,ao_esao_Chinese,official_lang,work.no.official_lang,no.married,other.attached,non.movers
894533,933,f,a60_64,naao,official_lang,work.no.official_lang,no.married,other.attached,non.movers
244382,933,f,a20_24,onao_Canadian,official_lang,work.no.official_lang,no.married,other.attached,non.movers
305455,933,f,a40_44,ao_oesao,official_lang,work.official_lang,married,other.attached,non.movers
23680,933,m,a5_9,ao_oesao,official_lang,work.no.official_lang,living.common.law,other.attached,nonmigrants.movers
370159,933,f,a45_49,eo_bio_Irish,official_lang,work.official_lang,no.married,other.attached,nonmigrants.movers
583629,933,f,a5_9,ao_oesao,official_lang,work.official_lang,no.married,other.attached,non.movers
282833,933,f,a60_64,onao_Canadian,official_lang,work.no.official_lang,married,other.attached,other.movers
405047,933,m,a75_79,eo_bio_English,official_lang,work.no.official_lang,married,other.attached,non.movers
518550,933,m,a20_24,ao_esao_Chinese,official_lang,work.no.official_lang,divorced,other.attached,non.movers
120208,933,f,a20_24,eo_eeo_Polish,official_lang,work.no.official_lang,married,other.attached,non.movers
427827,933,m,a30_34,ao_esao_Chinese,no.official_lang,work.official_lang,no.married,other.attached,non.movers
595516,933,m,a45_49,ao_sao_ei,official_lang,work.no.official_lang,divorced,other.attached,non.movers
494368,933,f,a5_9,ao_sao_ei,official_lang,work.no.official_lang,no.married,other.attached,non.movers
855516,933,m,a50_54,ao_sao_ei,official_lang,work.official_lang,no.married,other.attached,non.movers
66875,933,f,a50_54,eo_fo,official_lang,work.official_lang,divorced,other.attached,non.movers
384155,933,m,a55_59,ao_esao_Chinese,official_lang,work.official_lang,living.common.law,other.attached,external.movers
566123,933,f,a75_79,eo_weo_German,official_lang,work.no.official_lang,married,other.attached,non.movers
801400,933,m,a0_4,ao_esao_Chinese,official_lang,work.no.official_lang,married,single.detached.house,non.movers
22771,933,m,a70_74,eo_weo_Dutch,official_lang,work.official_lang,no.married,other.attached,external.movers
88914,933,f,a45_49,lcsao,official_lang,work.official_lang,no.married,other.attached,nonmigrants.movers
149126,933,m,a60_64,ao_esao_Chinese,official_lang,work.no.official_lang,married,other.attached,non.movers
104990,933,f,a60_64,ao_sao_ei,official_lang,work.official_lang,no.married,other.attached,non.movers
80076,933,m,a10_14,onao_Canadian,official_lang,work.official_lang,married,other.attached,non.movers
250600,933,m,a20_24,eo_bio_Scottish,official_lang,work.no.official_lang,no.married,other.attached,non.movers
486463,933,m,a5_9,ao_esao_Chinese,official_lang,work.no.official_lang,living.common.law,other.attached,non.movers
682701,933,f,a45_49,ao_oesao,official_lang,work.official_lang,married,other.attached,non.movers
667306,933,f,a45_49,onao_Canadian,official_lang,work.no.official_lang,no.married,other.attached,non.movers
311072,933,f,a60_64,ao_sao_ei,official_lang,work.official_lang,married,single.detached.house,non.movers
313090,933,f,a5_9,ao_oesao,official_lang,work.no.official_lang,married,other.attached,other.movers
178964,933,m,a45_49,eo_bio_Irish,official_lang,work.no.official_lang,married,other.attached,non.movers
184764,933,f,a40_44,eo_bio_Scottish,official_lang,work.official_lang,married,other.attached,non.movers
43661,933,f,a5_9,eo_fo,official_lang,work.official_lang,no.married,other.attached,non.movers
228531,933,f,a25_29,eo_neo,official_lang,work.official_lang,married,other.attached,non.movers
528017,933,m,a15_19,ao_esao_Chinese,official_lang,work.official_lang,living.common.law,other.attached,non.movers
591914,933,m,a40_44,eo_weo_German,official_lang,work.no.official_lang,married,other.attached,other.movers
179093,933,m,a15_19,ao_oesao,official_lang,work.official_lang,living.common.law,other.attached,nonmigrants.movers
670594,933,f,a5_9,naao,official_lang,work.official_lang,no.married,other.attached,non.movers
385859,933,f,a35_39,ao_esao_Chinese,official_lang,work.no.official_lang,married,other.attached,nonmigrants.movers
169874,933,m,a0_4,onao_Canadian,official_lang,work.official_lang,no.married,other.attached,interprovincial.movers
870129,933,m,a40_44,eo_bio_Irish,official_lang,work.no.official_lang,no.married,other.attached,non.movers
149845,933,m,a0_4,onao_Canadian,official_lang,work.official_lang,married,single.detached.house,non.movers
730335,933,m,a60_64,onao_Canadian,official_lang,work.official_lang,married,other.attached,interprovincial.movers
811887,933,m,a85_,eo_bio_English,official_lang,work.no.official_lang,married,other.attached,non.movers
363591,933,m,a5_9,ao_esao_Chinese,official_lang,work.no.official_lang,no.married,other.attached,non.movers
497789,933,f,a60_64,ao_wcameo,official_lang,work.no.official_lang,no.married,other.attached,non.movers
669771,933,f,a45_49,eo_bio_English,official_lang,work.official_lang,no.married,other.attached,non.movers
652775,933,m,a30_34,ao_sao_ei,official_lang,work.official_lang,married,single.detached.house,non.movers
850541,933,m,a65_69,eo_bio_Scottish,official_lang,work.no.official_lang,no.married,other.attached,non.movers
860928,933,m,a5_9,ao_esao_Chinese,official_lang,work.no.official_lang,no.married,other.attached,non.movers
147568,933,f,a0_4,ao_esao_Chinese,official_lang,work.official_lang,married,other.attached,non.movers
413412,933,f,a40_44,ao,official_lang,work.official_lang,married,other.attached,non.movers
681898,933,m,a10_14,eo_seo_Italian,official_lang,work.no.official_lang,no.married,other.attached,non.movers
691622,933,f,a55_59,ao_oesao,official_lang,work.no.official_lang,no.married,other.attached,non.movers
6829,933,m,a15_19,eo_weo_Dutch,official_lang,work.official_lang,no.married,other.attached,non.movers
681844,933,f,a15_19,lcsao,official_lang,work.no.official_lang,separated,other.attached,non.movers
794829,933,f,a20_24,ao_esao_Chinese,official_lang,work.no.official_lang,no.married,other.attached,non.movers
218804,933,f,a0_4,eo_bio_English,official_lang,work.official_lang,married,other.attached,non.movers
282464,933,m,a50_54,ao_esao_Chinese,official_lang,work.official_lang,married,other.attached,nonmigrants.movers
757096,933,f,a0_4,eo_bio_Scottish,official_lang,work.no.official_lang,no.married,other.attached,non.movers
626295,933,m,a10_14,eo_fo,official_lang,work.no.official_lang,married,other.attached,non.movers
231044,933,m,a5_9,eo_bio_Irish,official_lang,work.official_lang,married,other.attached,external.movers
501042,933,f,a55_59,ao_osao,official_lang,work.official_lang,no.married,other.attached,non.movers
764989,933,f,a15_19,eo_bio_Irish,official_lang,work.official_lang,no.married,single.detached.house,non.movers
561163,933,m,a40_44,ao_esao_Chinese,official_lang,work.no.official_lang,no.married,single.detached.house,non.movers
280062,933,f,a50_54,ao_esao_Chinese,official_lang,work.no.official_lang,no.married,other.attached,non.movers
293991,933,m,a10_14,eo_fo,official_lang,work.no.official_lang,no.married,other.attached,non.movers
563318,933,f,a45_49,eo_eeo_Polish,official_lang,work.official_lang,married,single.detached.house,non.movers
307317,933,m,a40_44,eo_neo,official_lang,work.official_lang,married,other.attached,non.movers
454662,933,m,a40_44,eo_bio_English,official_lang,work.no.official_lang,married,single.detached.house,non.movers
582613,933,m,a35_39,eo_weo_Dutch,official_lang,work.official_lang,married,other.attached,non.movers
34944,933,m,a45_49,ao_esao_Filipino,official_lang,work.official_lang,married,single.detached.house,non.movers
508523,933,m,a70_74,ao_oesao,official_lang,work.no.official_lang,no.married,other.attached,non.movers
474101,933,m,a40_44,onao_Canadian,official_lang,work.official_lang,married,single.detached.house,non.movers
57419,933,f,a5_9,ao_sao_ei,official_lang,work.official_lang,married,other.attached,non.movers
310860,933,f,a40_44,ao_wcameo,official_lang,work.no.official_lang,married,other.attached,non.movers
840216,933,f,a25_29,ao_oesao,official_lang,work.no.official_lang,no.married,other.attached,non.movers
490708,933,m,a10_14,ao_sao_ei,official_lang,work.official_lang,married,other.attached,non.movers
193119,933,m,a20_24,eo_neo,official_lang,work.official_lang,married,other.attached,other.movers
274005,933,f,a5_9,eo_bio_Irish,official_lang,work.no.official_lang,married,other.attached,non.movers
636349,933,f,a45_49,ao_oesao,no.official_lang,work.no.official_lang,no.married,other.attached,non.movers
201524,933,m,a65_69,ao_esao_Chinese,official_lang,work.no.official_lang,no.married,other.attached,non.movers
57882,933,f,a40_44,ao_sao_ei,official_lang,work.no.official_lang,no.married,other.attached,non.movers
642376,933,m,a50_54,eo_bio_Irish,official_lang,work.official_lang,married,single.detached.house,non.movers
541530,933,f,a50_54,eo_eeo_Ukrainian,official_lang,work.no.official_lang,living.common.law,single.detached.house,non.movers
640324,933,f,a0_4,eo_bio_English,official_lang,work.official_lang,married,other.attached,non.movers
359063,933,m,a35_39,ao_esao_Chinese,official_lang,work.no.official_lang,no.married,other.attached,non.movers
73550,933,m,a60_64,eo_bio_English,official_lang,work.no.official_lang,no.married,other.attached,non.movers
261913,933,m,a40_44,ao_esao_Chinese,official_lang,work.no.official_lang,married,single.detached.house,non.movers
229952,933,f,a5_9,ao_sao_ei,official_lang,work.official_lang,married,other.attached,nonmigrants.movers
466206,933,m,a45_49,eo_neo,official_lang,work.official_lang,married,other.attached,non.movers
651052,933,m,a55_59,ao_esao_Chinese,official_lang,work.official_lang,married,other.attached,non.movers
552953,933,m,a45_49,ao_sao_ei,official_lang,work.no.official_lang,no.married,other.attached,non.movers
579119,933,f,a50_54,onao_Canadian,official_lang,work.no.official_lang,no.married,other.attached,non.movers
6802,933,m,a65_69,eo_bio_Irish,official_lang,work.official_lang,married,other.attached,non.movers
747087,933,m,a5_9,ao_esao_Chinese,no.official_lang,work.no.official_lang,married,other.attached,non.movers
117146,933,f,a35_39,eo_bio_Scottish,official_lang,work.no.official_lang,married,other.attached,non.movers
737371,933,f,a20_24,oco,official_lang,work.official_lang,no.married,other.attached,non.movers
598364,933,m,a15_19,ao_sao_ei,official_lang,work.no.official_lang,married,other.attached,other.movers
482567,933,f,a55_59,onao_Canadian,official_lang,work.official_lang,married,other.attached,non.movers
592765,933,m,a0_4,ao_esao_Chinese,official_lang,work.no.official_lang,married,other.attached,non.movers
258930,933,m,a35_39,eo_weo_German,official_lang,work.official_lang,no.married,other.attached,non.movers
713295,933,m,a60_64,eo_fo,official_lang,work.no.official_lang,no.married,other.attached,non.movers
57790,933,m,a25_29,naao,official_lang,work.no.official_lang,married,other.attached,non.movers
194858,933,f,a55_59,eo_bio_English,official_lang,work.official_lang,married,other.attached,non.movers
529299,933,f,a40_44,eo_fo,no.official_lang,work.official_lang,no.married,other.attached,other.movers
753996,933,m,a20_24,eo_bio_Scottish,official_lang,work.official_lang,no.married,single.detached.house,non.movers
104278,933,m,a10_14,eo_fo,no.official_lang,work.official_lang,living.common.law,other.attached,non.movers
730054,933,f,a60_64,eo_seo_Italian,official_lang,work.no.official_lang,divorced,single.detached.house,non.movers
215258,933,f,a0_4,eo_bio_English,official_lang,work.no.official_lang,married,other.attached,nonmigrants.movers
886741,933,f,a10_14,ao_esao_Chinese,official_lang,work.no.official_lang,married,other.attached,non.movers
921584,933,m,a5_9,ao_esao_Chinese,official_lang,work.no.official_lang,married,other.attached,non.movers
494935,933,f,a20_24,ao_esao_Chinese,official_lang,work.official_lang,married,other.attached,non.movers
165307,933,m,a70_74,ao_osao,official_lang,work.no.official_lang,married,other.attached,non.movers
190021,933,f,a10_14,eo_seo_Spanish,official_lang,work.no.official_lang,no.married,other.attached,non.movers
532824,933,m,a20_24,ao_esao_Chinese,official_lang,work.no.official_lang,married,other.attached,non.movers
647801,933,f,a25_29,eo_bio_Irish,official_lang,work.official_lang,living.common.law,other.attached,external.movers
844271,933,f,a45_49,ao_sao_ei,official_lang,work.no.official_lang,divorced,other.attached,nonmigrants.movers
390151,933,m,a40_44,ao_esao_Chinese,official_lang,work.official_lang,no.married,other.attached,non.movers
131937,933,m,a40_44,ao_esao_Chinese,official_lang,work.official_lang,married,other.attached,non.movers
711980,933,m,a15_19,onao_Canadian,no.official_lang,work.official_lang,married,other.attached,non.movers
643666,933,f,a25_29,eo_eeo_Hungarian,official_lang,work.official_lang,married,other.attached,non.movers
671878,933,f,a40_44,eo_bio_Scottish,official_lang,work.no.official_lang,no.married,other.attached,non.movers
105196,933,m,a45_49,ao_esao_Chinese,official_lang,work.official_lang,no.married,other.attached,non.movers
652879,933,m,a55_59,eo_seo_Spanish,official_lang,work.no.official_lang,married,other.attached,non.movers
299931,933,m,a30_34,onao_Canadian,official_lang,work.no.official_lang,no.married,other.attached,non.movers
924724,933,m,a40_44,eo_obio,official_lang,work.official_lang,no.married,single.detached.house,non.movers
276409,933,m,a50_54,ao_esao_Chinese,official_lang,work.no.official_lang,married,other.attached,nonmigrants.movers
793254,933,m,a25_29,eo_obio,official_lang,work.no.official_lang,married,other.attached,external.movers
803970,933,f,a75_79,onao,official_lang,work.official_lang,married,other.attached,other.movers
211354,933,f,a10_14,eo_eeo_Ukrainian,official_lang,work.official_lang,no.married,single.detached.house,non.movers
839545,933,m,a0_4,ao,official_lang,work.official_lang,married,single.detached.house,non.movers
356883,933,f,a20_24,onao_Canadian,official_lang,work.no.official_lang,married,other.attached,non.movers
572502,933,m,a40_44,ao_esao_Chinese,official_lang,work.official_lang,no.married,other.attached,non.movers
130116,933,f,a30_34,ao_esao_Chinese,official_lang,work.no.official_lang,no.married,other.attached,non.movers
740557,933,m,a10_14,ao_esao_Chinese,no.official_lang,work.official_lang,no.married,other.attached,non.movers
616637,933,f,a50_54,eo_oeeo,official_lang,work.official_lang,married,other.attached,non.movers
420940,933,f,a0_4,eo_bio_Irish,official_lang,work.no.official_lang,no.married,other.attached,non.movers
786922,933,f,a45_49,eo_bio_English,no.official_lang,work.no.official_lang,married,other.attached,non.movers
524923,933,m,a0_4,ao_esao_Chinese,official_lang,work.no.official_lang,married,single.detached.house,non.movers
463638,933,m,a25_29,eo_eeo_Ukrainian,official_lang,work.no.official_lang,no.married,other.attached,non.movers
536703,933,f,a60_64,ao_esao_Chinese,official_lang,work.official_lang,no.married,other.attached,non.movers
175083,933,m,a5_9,ao_esao_Chinese,official_lang,work.official_lang,no.married,other.attached,non.movers
390210,933,f,a25_29,naao,official_lang,work.official_lang,living.common.law,other.attached,other.movers
117306,933,m,a25_29,eo_weo_German,official_lang,work.official_lang,no.married,other.attached,non.movers
681327,933,m,a35_39,eo_eeo_Polish,official_lang,work.official_lang,married,other.attached,non.movers
120896,933,m,a10_14,ao_osao,official_lang,work.official_lang,divorced,other.attached,non.movers
436030,933,m,a0_4,eo_eeo_Russian,official_lang,work.official_lang,married,single.detached.house,non.movers
473378,933,f,a20_24,ao_esao_Chinese,official_lang,work.official_lang,no.married,other.attached,non.movers
546931,933,m,a35_39,eo_oeeo,no.official_lang,work.official_lang,no.married,single.detached.house,non.movers
26458,933,m,a45_49,ao_esao_Chinese,official_lang,work.no.official_lang,married,other.attached,non.movers
60399,933,f,a60_64,ao_sao_ei,no.official_lang,work.no.official_lang,married,other.attached,non.movers
439584,933,f,a20_24,onao_Canadian,no.official_lang,work.no.official_lang,no.married,other.attached,nonmigrants.movers
