SERIALNO,DVISION,SPORDER,PUMA,REGION,AGE,SEX,EMP,MOB,INC,CIT,MAR,SCH,DIS,WRK,INS,RACE
2018GQ0010588,5,1,51044,3,40_49,m,not.in.labor.force,diff.us.house,i.0.9999,us.born,divorced,no.schooling,without.disability,not.working,with.insurance,white
2018GQ0031918,5,1,51225,3,0_9,m,civilian.employed,same.house,i.0.9999,us.born,divorced,no.schooling,without.disability,private.profit,with.insurance,white
2018GQ0036596,5,1,51135,3,50_59,f,civilian.employed,same.house,i.0.9999,us.born,divorced,no.schooling,without.disability,not.working,with.insurance,white
2018GQ0040678,5,1,51125,3,20_29,m,not.in.labor.force,same.house,i.65000.74999,us.born,never,no.schooling,without.disability,federal,with.insurance,white
2018GQ0059632,5,1,55002,3,30_39,m,civilian.employed,same.house,i.65000.74999,us.born,married,no.schooling,without.disability,not.working,with.insurance,white
2018GQ0072982,5,1,51215,3,60_69,f,not.in.labor.force,same.house,i.0.9999,us.born,married,no.schooling,with.disability,private.profit,with.insurance,asian
2018GQ0075016,5,1,51125,3,0_9,m,civilian.employed,same.house,i.0.9999,us.born,never,no.schooling,without.disability,not.working,with.insurance,white
2018GQ0081037,5,1,51045,3,40_49,m,civilian.employed,same.house,i.0.9999,us.born,married,no.schooling,without.disability,not.working,without.insurance,white
2018GQ0081408,5,1,51020,3,50_59,m,civilian.employed,same.house,i.0.9999,abroad.born,divorced,private,without.disability,private.profit,with.insurance,white
2018GQ0087332,5,1,4103,3,50_59,m,civilian.employed,abroad.house,i.0.9999,us.born,divorced,no.schooling,without.disability,private.profit,with.insurance,white
2018GQ0101563,5,1,51044,3,40_49,f,civilian.employed,diff.us.house,i.75000.99999,us.born,married,public,with.disability,self.employed.no.corp,with.insurance,white
2018GQ0105375,5,1,51045,3,30_39,f,civilian.employed,same.house,i.50000.64999,us.born,divorced,no.schooling,without.disability,not.working,with.insurance,two.
2018GQ0110853,5,1,51110,3,20_29,f,not.in.labor.force,same.house,i.0.9999,us.born,married,no.schooling,without.disability,private.profit,with.insurance,white
2018GQ0128726,5,1,51154,3,60_69,m,civilian.employed,same.house,i.0.9999,abroad.born,divorced,no.schooling,without.disability,self.employed.no.corp,with.insurance,white
2018GQ0141450,5,1,51080,3,20_29,m,civilian.employed,same.house,i.75000.99999,us.born,married,no.schooling,with.disability,self.employed.corp,with.insurance,white
2018GQ0145281,5,1,51080,3,50_59,f,not.in.labor.force,same.house,i.0.9999,us.born,never,no.schooling,without.disability,private.no.profit,with.insurance,asian
2018GQ0148526,5,1,51097,3,20_29,m,not.in.labor.force,same.house,i.0.9999,us.born,never,public,without.disability,private.profit,with.insurance,white
2018HU0000797,5,1,51155,3,20_29,f,civilian.employed,same.house,i.75000.99999,us.born,divorced,public,without.disability,not.working,with.insurance,white
2018HU0001971,5,1,51154,3,50_59,f,civilian.employed,same.house,i.0.9999,us.born,married,no.schooling,without.disability,private.profit,with.insurance,white
2018HU0001975,5,1,51215,3,0_9,f,not.in.labor.force,same.house,i.50000.64999,us.born,widowed,no.schooling,without.disability,not.working,with.insurance,white
2018HU0006728,5,1,4102,3,20_29,m,civilian.employed,abroad.house,i.0.9999,not.citizen,married,no.schooling,with.disability,private.profit,with.insurance,asian
2018HU0006728,5,1,51206,3,10_19,f,civilian.employed,same.house,i.75000.99999,us.born,married,no.schooling,with.disability,federal,with.insurance,white
2018HU0006728,5,1,1302,3,50_59,m,not.in.labor.force,same.house,i.0.9999,not.citizen,married,no.schooling,without.disability,private.profit,with.insurance,white
2018HU0009911,5,1,51040,3,50_59,m,not.in.labor.force,same.house,i.0.9999,us.born,divorced,private,without.disability,federal,with.insurance,white
2018HU0009993,5,1,51235,3,40_49,f,unemployed,same.house,i.0.9999,us.born,divorced,no.schooling,without.disability,not.working,with.insurance,black
2018HU0010020,5,1,51206,3,30_39,m,not.in.labor.force,diff.us.house,i.65000.74999,not.citizen,married,no.schooling,with.disability,not.working,with.insurance,white
2018HU0010602,5,1,55002,3,0_9,m,not.in.labor.force,same.house,i.0.9999,naturalization,divorced,no.schooling,without.disability,not.working,with.insurance,white
2018HU0010602,5,1,51154,3,40_49,f,civilian.employed,same.house,i.75000.99999,naturalization,never,no.schooling,without.disability,not.working,with.insurance,white
2018HU0010602,5,1,51105,3,50_59,m,not.in.labor.force,same.house,i.0.9999,abroad.born,married,no.schooling,with.disability,self.employed.no.corp,with.insurance,white
2018HU0010602,5,1,4103,3,50_59,m,not.in.labor.force,same.house,i.75000.99999,not.citizen,never,no.schooling,without.disability,private.profit,with.insurance,asian
2018HU0010602,5,1,51096,3,60_69,m,civilian.employed,same.house,i.0.9999,us.born,married,no.schooling,without.disability,self.employed.no.corp,with.insurance,black
2018HU0015168,5,1,51215,3,20_29,f,civilian.employed,same.house,i.25000.34999,us.born,divorced,no.schooling,with.disability,federal,with.insurance,white
2018HU0015168,5,1,51167,3,20_29,m,civilian.employed,same.house,i.0.9999,naturalization,never,no.schooling,without.disability,not.working,with.insurance,white
2018HU0015168,5,1,51090,3,50_59,m,civilian.employed,same.house,i.75000.99999,not.citizen,married,no.schooling,without.disability,not.working,with.insurance,white
2018HU0015168,5,1,51110,3,10_19,f,civilian.employed,same.house,i.0.9999,us.born,married,no.schooling,without.disability,state,with.insurance,white
2018HU0016682,5,1,55002,3,60_69,m,civilian.employed,same.house,i.0.9999,us.born,never,no.schooling,without.disability,private.profit,with.insurance,white
2018HU0016682,5,1,51135,3,60_69,f,not.in.labor.force,same.house,i.0.9999,us.born,divorced,no.schooling,without.disability,private.profit,with.insurance,white
2018HU0016682,5,1,51010,3,40_49,f,civilian.employed,diff.us.house,i.35000.49999,us.born,widowed,no.schooling,without.disability,private.profit,with.insurance,asian
2018HU0016682,5,1,51105,3,60_69,f,civilian.employed,diff.us.house,i.65000.74999,naturalization,married,no.schooling,without.disability,private.profit,with.insurance,white
2018HU0017189,5,1,51154,3,40_49,m,civilian.employed,same.house,i.0.9999,naturalization,married,no.schooling,without.disability,not.working,with.insurance,white
2018HU0017189,5,1,51010,3,60_69,f,not.in.labor.force,same.house,i.0.9999,us.born,never,no.schooling,without.disability,private.profit,with.insurance,white
2018HU0017189,5,1,51010,3,0_9,m,civilian.employed,diff.us.house,i.50000.64999,us.born,never,no.schooling,without.disability,not.working,with.insurance,white
2018HU0017189,5,1,51105,3,40_49,f,not.in.labor.force,diff.us.house,i.0.9999,us.born,divorced,no.schooling,without.disability,not.working,with.insurance,asian
2018HU0020439,5,1,51110,3,80_89,m,civilian.employed,same.house,i.0.9999,us.born,married,no.schooling,without.disability,private.profit,with.insurance,white
2018HU0020439,5,1,51096,3,60_69,m,civilian.employed,diff.us.house,i.0.9999,us.born,married,public,without.disability,private.profit,with.insurance,white
2018HU0020439,5,1,51246,3,60_69,f,civilian.employed,same.house,i.75000.99999,abroad.born,never,no.schooling,without.disability,not.working,with.insurance,white
2018HU0020439,5,1,51089,3,70_79,f,civilian.employed,same.house,i.0.9999,naturalization,never,no.schooling,without.disability,federal,with.insurance,white
2018HU0021205,5,1,51096,3,20_29,f,unemployed,same.house,i.0.9999,naturalization,divorced,no.schooling,without.disability,not.working,with.insurance,asian
2018HU0026890,5,1,51135,3,0_9,f,civilian.employed,same.house,i.0.9999,us.born,married,no.schooling,without.disability,not.working,with.insurance,white
2018HU0026890,5,1,51085,3,50_59,m,not.in.labor.force,same.house,i.0.9999,us.born,widowed,no.schooling,without.disability,private.profit,with.insurance,white
2018HU0029891,5,1,51080,3,40_49,f,civilian.employed,same.house,i.75000.99999,us.born,widowed,no.schooling,without.disability,not.working,with.insurance,white
2018HU0029891,5,1,51040,3,20_29,m,civilian.employed,same.house,i.0.9999,us.born,never,no.schooling,without.disability,self.employed.corp,with.insurance,white
2018HU0031354,5,1,51235,3,30_39,m,civilian.employed,abroad.house,i.50000.64999,us.born,married,no.schooling,without.disability,not.working,with.insurance,white
2018HU0033861,5,1,51215,3,30_39,m,civilian.employed,same.house,i.0.9999,us.born,married,no.schooling,without.disability,private.no.profit,with.insurance,white
2018HU0034931,5,1,51206,3,80_89,f,civilian.employed,diff.us.house,i.0.9999,us.born,married,no.schooling,without.disability,federal,with.insurance,white
2018HU0034931,5,1,51045,3,60_69,f,civilian.employed,diff.us.house,i.0.9999,naturalization,divorced,no.schooling,without.disability,private.profit,with.insurance,white
2018HU0037491,5,1,51090,3,30_39,m,civilian.employed,same.house,i.0.9999,us.born,divorced,public,without.disability,not.working,with.insurance,white
2018HU0037491,5,1,51164,3,40_49,f,civilian.employed,same.house,i.75000.99999,naturalization,married,no.schooling,without.disability,private.profit,with.insurance,white
2018HU0037990,5,1,51110,3,30_39,f,not.in.labor.force,same.house,i.0.9999,us.born,never,no.schooling,without.disability,not.working,with.insurance,white
2018HU0037990,5,1,51235,3,30_39,f,civilian.employed,diff.us.house,i.75000.99999,us.born,married,no.schooling,without.disability,private.profit,with.insurance,asian
2018HU0038078,5,1,51080,3,20_29,f,civilian.employed,same.house,i.0.9999,us.born,separated,public,with.disability,self.employed.corp,with.insurance,white
2018HU0038078,5,1,51010,3,60_69,f,not.in.labor.force,same.house,i.75000.99999,us.born,married,public,without.disability,private.profit,with.insurance,white
2018HU0038078,5,1,51110,3,10_19,m,civilian.employed,same.house,i.35000.49999,us.born,married,no.schooling,without.disability,not.working,with.insurance,white
2018HU0042457,5,1,51135,3,40_49,m,not.in.labor.force,same.house,i.0.9999,us.born,married,no.schooling,without.disability,local,with.insurance,white
2018HU0042574,5,1,51044,3,50_59,f,not.in.labor.force,same.house,i.0.9999,us.born,divorced,public,without.disability,private.profit,with.insurance,white
2018HU0042574,5,1,51040,3,40_49,m,civilian.employed,same.house,i.0.9999,not.citizen,never,no.schooling,without.disability,private.profit,with.insurance,white
2018HU0042574,5,1,51105,3,80_89,f,civilian.employed,same.house,i.75000.99999,us.born,married,no.schooling,without.disability,not.working,with.insurance,asian
2018HU0043070,5,1,4102,3,70_79,f,civilian.employed,same.house,i.0.9999,us.born,never,no.schooling,without.disability,private.profit,with.insurance,white
2018HU0043070,5,1,51096,3,20_29,f,civilian.employed,abroad.house,i.0.9999,us.born,married,no.schooling,without.disability,private.profit,with.insurance,asian
2018HU0043070,5,1,51090,3,80_89,m,not.in.labor.force,same.house,i.75000.99999,not.citizen,married,no.schooling,without.disability,private.profit,with.insurance,white
2018HU0043903,5,1,51105,3,60_69,f,not.in.labor.force,same.house,i.0.9999,us.born,married,public,without.disability,not.working,with.insurance,white
2018HU0044040,5,1,1302,3,80_89,f,civilian.employed,diff.us.house,i.75000.99999,us.born,never,public,without.disability,private.profit,with.insurance,two.
2018HU0044040,5,1,51154,3,30_39,f,civilian.employed,same.house,i.50000.64999,us.born,married,no.schooling,without.disability,not.working,with.insurance,asian
2018HU0044040,5,1,51040,3,50_59,f,civilian.employed,same.house,i.75000.99999,us.born,married,no.schooling,without.disability,federal,with.insurance,white
2018HU0047271,5,1,51096,3,70_79,f,civilian.employed,same.house,i.0.9999,us.born,never,no.schooling,without.disability,private.profit,with.insurance,white
2018HU0047271,5,1,51097,3,0_9,f,civilian.employed,same.house,i.75000.99999,us.born,never,no.schooling,without.disability,private.profit,with.insurance,asian
2018HU0047271,5,1,51097,3,40_49,m,not.in.labor.force,same.house,i.0.9999,us.born,never,no.schooling,without.disability,not.working,with.insurance,white
2018HU0047271,5,1,10701,3,10_19,f,civilian.employed,same.house,i.75000.99999,us.born,married,no.schooling,without.disability,not.working,with.insurance,two.
2018HU0047271,5,1,59303,3,40_49,m,civilian.employed,same.house,i.75000.99999,us.born,married,no.schooling,without.disability,private.profit,with.insurance,white
2018HU0049199,5,1,51040,3,50_59,f,civilian.employed,abroad.house,i.0.9999,us.born,never,no.schooling,without.disability,local,with.insurance,white
2018HU0049199,5,1,51010,3,10_19,f,civilian.employed,same.house,i.75000.99999,us.born,married,no.schooling,without.disability,not.working,with.insurance,white
2018HU0049199,5,1,51105,3,40_49,f,not.in.labor.force,same.house,i.75000.99999,us.born,married,no.schooling,without.disability,not.working,with.insurance,asian
2018HU0050258,5,1,51175,3,20_29,m,not.in.labor.force,same.house,i.0.9999,us.born,married,no.schooling,without.disability,private.profit,with.insurance,white
2018HU0050258,5,1,51085,3,0_9,m,not.in.labor.force,diff.us.house,i.0.9999,us.born,never,no.schooling,with.disability,not.working,with.insurance,white
2018HU0050258,5,1,4102,3,60_69,m,not.in.labor.force,same.house,i.50000.64999,us.born,never,no.schooling,without.disability,federal,with.insurance,white
2018HU0050258,5,1,51096,3,10_19,f,civilian.employed,same.house,i.0.9999,us.born,divorced,no.schooling,without.disability,private.no.profit,with.insurance,white
2018HU0050258,5,1,51097,3,0_9,f,civilian.employed,diff.us.house,i.0.9999,naturalization,married,no.schooling,without.disability,private.profit,with.insurance,two.
2018HU0052617,5,1,51084,3,30_39,f,civilian.employed,same.house,i.75000.99999,us.born,never,no.schooling,without.disability,local,with.insurance,white
2018HU0052617,5,1,51090,3,60_69,m,not.in.labor.force,same.house,i.0.9999,us.born,never,no.schooling,without.disability,not.working,with.insurance,white
2018HU0052617,5,1,51080,3,10_19,f,civilian.employed,same.house,i.75000.99999,us.born,married,private,without.disability,private.profit,with.insurance,white
2018HU0054079,5,1,51206,3,30_39,m,civilian.employed,same.house,i.0.9999,us.born,divorced,no.schooling,without.disability,private.profit,with.insurance,white
2018HU0054079,5,1,51090,3,50_59,f,civilian.employed,same.house,i.0.9999,us.born,never,no.schooling,without.disability,private.profit,with.insurance,white
2018HU0055277,5,1,51096,3,60_69,m,not.in.labor.force,same.house,i.0.9999,us.born,married,no.schooling,without.disability,not.working,with.insurance,white
2018HU0055277,5,1,51135,3,70_79,f,civilian.employed,same.house,i.0.9999,us.born,never,no.schooling,without.disability,private.profit,with.insurance,white
2018HU0056933,5,1,51175,3,50_59,m,civilian.employed,same.house,i.0.9999,us.born,divorced,no.schooling,without.disability,private.no.profit,with.insurance,white
2018HU0056933,5,1,51154,3,60_69,m,civilian.employed,same.house,i.0.9999,us.born,married,no.schooling,without.disability,not.working,with.insurance,white
2018HU0056933,5,1,51044,3,40_49,f,civilian.employed,same.house,i.75000.99999,us.born,never,private,without.disability,not.working,with.insurance,white
2018HU0056933,5,1,51085,3,50_59,m,not.in.labor.force,diff.us.house,i.0.9999,us.born,never,no.schooling,without.disability,self.employed.corp,with.insurance,white
2018HU0056933,5,1,51087,3,0_9,m,not.in.labor.force,diff.us.house,i.0.9999,us.born,never,no.schooling,without.disability,private.no.profit,with.insurance,asian
2018HU0063831,5,1,51165,3,40_49,f,not.in.labor.force,same.house,i.50000.64999,us.born,never,no.schooling,without.disability,private.profit,with.insurance,white
2018HU0063831,5,1,51186,3,20_29,m,civilian.employed,diff.us.house,i.75000.99999,us.born,married,no.schooling,without.disability,not.working,with.insurance,white
2018HU0064609,5,1,51105,3,20_29,f,not.in.labor.force,same.house,i.0.9999,us.born,divorced,no.schooling,without.disability,federal,with.insurance,asian
2018HU0064609,5,1,51040,3,80_89,f,civilian.employed,same.house,i.0.9999,us.born,married,no.schooling,without.disability,private.profit,with.insurance,white
2018HU0066454,5,1,51105,3,60_69,m,civilian.employed,same.house,i.75000.99999,naturalization,married,no.schooling,without.disability,self.employed.corp,with.insurance,white
2018HU0066454,5,1,51040,3,50_59,m,civilian.employed,diff.us.house,i.50000.64999,us.born,never,no.schooling,without.disability,private.profit,with.insurance,white
2018HU0066454,5,1,51167,3,0_9,m,not.in.labor.force,same.house,i.0.9999,not.citizen,married,private,without.disability,not.working,with.insurance,white
2018HU0067126,5,1,51154,3,30_39,f,civilian.employed,same.house,i.75000.99999,us.born,divorced,no.schooling,without.disability,private.profit,with.insurance,white
2018HU0067422,5,1,51206,3,30_39,m,civilian.employed,same.house,i.35000.49999,us.born,divorced,public,with.disability,not.working,with.insurance,two.
2018HU0067422,5,1,59306,3,70_79,m,not.in.labor.force,diff.us.house,i.0.9999,naturalization,never,no.schooling,without.disability,self.employed.corp,with.insurance,white
2018HU0068549,5,1,51080,3,0_9,f,civilian.employed,same.house,i.0.9999,us.born,married,no.schooling,without.disability,not.working,with.insurance,black
2018HU0068549,5,1,51096,3,30_39,f,civilian.employed,same.house,i.0.9999,us.born,divorced,no.schooling,with.disability,not.working,with.insurance,white
2018HU0068549,5,1,51105,3,10_19,f,civilian.employed,same.house,i.75000.99999,us.born,married,no.schooling,without.disability,not.working,with.insurance,white
2018HU0068549,5,1,51040,3,60_69,m,not.in.labor.force,same.house,i.0.9999,us.born,separated,no.schooling,without.disability,not.working,with.insurance,white
2018HU0071808,5,1,51087,3,40_49,m,not.in.labor.force,same.house,i.0.9999,us.born,never,private,without.disability,not.working,with.insurance,white
2018HU0072210,5,1,51135,3,60_69,m,civilian.employed,same.house,i.0.9999,us.born,married,no.schooling,without.disability,not.working,with.insurance,asian
2018HU0072210,5,1,59306,3,60_69,f,civilian.employed,same.house,i.75000.99999,us.born,never,no.schooling,without.disability,private.profit,with.insurance,white
2018HU0074466,5,1,51045,3,0_9,f,civilian.employed,same.house,i.0.9999,us.born,never,public,without.disability,private.no.profit,with.insurance,white
2018HU0075329,5,1,51105,3,60_69,m,not.in.labor.force,same.house,i.0.9999,us.born,divorced,no.schooling,without.disability,private.profit,with.insurance,white
2018HU0075329,5,1,51215,3,40_49,f,unemployed,same.house,i.65000.74999,naturalization,widowed,no.schooling,with.disability,self.employed.no.corp,with.insurance,white
2018HU0075329,5,1,51215,3,0_9,m,not.in.labor.force,same.house,i.65000.74999,us.born,married,no.schooling,without.disability,not.working,with.insurance,white
2018HU0075329,5,1,4103,3,40_49,m,unemployed,same.house,i.0.9999,puerto.rico.born,never,no.schooling,without.disability,local,with.insurance,black
2018HU0075447,5,1,51105,3,50_59,m,unemployed,same.house,i.75000.99999,us.born,married,no.schooling,without.disability,not.working,with.insurance,white
2018HU0075447,5,1,51145,3,70_79,f,civilian.employed,same.house,i.0.9999,naturalization,divorced,public,without.disability,not.working,with.insurance,white
2018HU0075447,5,1,51044,3,60_69,f,not.in.labor.force,same.house,i.75000.99999,us.born,divorced,public,without.disability,not.working,with.insurance,white
2018HU0075458,5,1,51105,3,20_29,m,civilian.employed,same.house,i.75000.99999,us.born,never,no.schooling,without.disability,not.working,with.insurance,white
2018HU0075458,5,1,51235,3,60_69,m,civilian.employed,same.house,i.0.9999,naturalization,married,no.schooling,without.disability,federal,with.insurance,white
2018HU0080236,5,1,55001,3,0_9,m,civilian.employed,same.house,i.75000.99999,us.born,never,no.schooling,without.disability,not.working,with.insurance,white
2018HU0080236,5,1,51096,3,50_59,m,civilian.employed,same.house,i.0.9999,us.born,never,no.schooling,without.disability,not.working,with.insurance,white
2018HU0080236,5,1,51010,3,20_29,f,not.in.labor.force,same.house,i.0.9999,us.born,divorced,no.schooling,without.disability,self.employed.no.corp,with.insurance,white
2018HU0080236,5,1,51105,3,30_39,f,not.in.labor.force,same.house,i.75000.99999,us.born,never,public,without.disability,private.profit,with.insurance,white
2018HU0081491,5,1,51110,3,0_9,m,civilian.employed,same.house,i.0.9999,abroad.born,never,no.schooling,without.disability,private.no.profit,with.insurance,white
2018HU0083289,5,1,51044,3,40_49,f,civilian.employed,same.house,i.75000.99999,us.born,married,no.schooling,without.disability,private.profit,with.insurance,white
2018HU0083289,5,1,51080,3,80_89,m,civilian.employed,same.house,i.0.9999,us.born,never,private,without.disability,not.working,with.insurance,white
2018HU0084665,5,1,51105,3,70_79,f,civilian.employed,same.house,i.0.9999,us.born,divorced,no.schooling,without.disability,private.profit,with.insurance,other
2018HU0091289,5,1,1302,3,20_29,m,not.in.labor.force,same.house,i.0.9999,us.born,married,no.schooling,without.disability,local,without.insurance,asian
2018HU0091289,5,1,51089,3,50_59,f,civilian.employed,abroad.house,i.75000.99999,us.born,never,no.schooling,without.disability,not.working,with.insurance,white
2018HU0091289,5,1,51120,3,50_59,f,not.in.labor.force,diff.us.house,i.75000.99999,us.born,never,no.schooling,without.disability,not.working,without.insurance,white
2018HU0091289,5,1,51154,3,0_9,m,civilian.employed,same.house,i.50000.64999,us.born,never,no.schooling,without.disability,self.employed.corp,with.insurance,asian
2018HU0093690,5,1,59303,3,30_39,m,not.in.labor.force,same.house,i.75000.99999,us.born,married,public,with.disability,not.working,with.insurance,white
2018HU0093690,5,1,51090,3,40_49,f,civilian.employed,same.house,i.50000.64999,us.born,separated,no.schooling,with.disability,federal,with.insurance,white
2018HU0093690,5,1,51135,3,10_19,f,civilian.employed,same.house,i.50000.64999,us.born,married,no.schooling,without.disability,private.profit,with.insurance,asian
2018HU0098850,5,1,51186,3,80_89,f,civilian.employed,same.house,i.0.9999,us.born,never,no.schooling,without.disability,federal,with.insurance,white
2018HU0098850,5,1,51215,3,40_49,m,civilian.employed,diff.us.house,i.0.9999,us.born,married,no.schooling,without.disability,private.profit,with.insurance,white
2018HU0098850,5,1,51080,3,0_9,f,not.in.labor.force,same.house,i.75000.99999,us.born,married,no.schooling,without.disability,private.profit,with.insurance,two.
2018HU0102726,5,1,51235,3,70_79,m,civilian.employed,same.house,i.0.9999,us.born,married,no.schooling,without.disability,not.working,with.insurance,asian
2018HU0102726,5,1,51105,3,30_39,m,civilian.employed,same.house,i.0.9999,us.born,married,no.schooling,without.disability,not.working,with.insurance,white
2018HU0102726,5,1,51020,3,60_69,m,civilian.employed,same.house,i.75000.99999,us.born,married,no.schooling,without.disability,not.working,with.insurance,asian
2018HU0102972,5,1,51135,3,60_69,f,not.in.labor.force,same.house,i.0.9999,us.born,married,no.schooling,without.disability,not.working,with.insurance,white
2018HU0102972,5,1,51235,3,50_59,m,not.in.labor.force,same.house,i.75000.99999,us.born,never,no.schooling,without.disability,not.working,with.insurance,white
2018HU0110734,5,1,51154,3,60_69,f,not.in.labor.force,same.house,i.75000.99999,us.born,never,no.schooling,without.disability,not.working,with.insurance,white
2018HU0110734,5,1,51040,3,80_89,f,civilian.employed,same.house,i.50000.64999,us.born,never,public,without.disability,private.profit,with.insurance,white
2018HU0110734,5,1,4103,3,20_29,m,not.in.labor.force,same.house,i.75000.99999,us.born,never,public,without.disability,private.profit,with.insurance,white
2018HU0110734,5,1,51186,3,70_79,f,civilian.employed,same.house,i.50000.64999,us.born,divorced,private,without.disability,not.working,with.insurance,black
2018HU0112855,5,1,51135,3,20_29,f,not.in.labor.force,same.house,i.0.9999,us.born,married,no.schooling,with.disability,not.working,with.insurance,white
2018HU0112855,5,1,51206,3,70_79,m,civilian.employed,same.house,i.75000.99999,us.born,widowed,no.schooling,without.disability,private.profit,with.insurance,white
2018HU0113826,5,1,51175,3,40_49,m,civilian.employed,diff.us.house,i.0.9999,us.born,married,no.schooling,with.disability,private.profit,with.insurance,white
2018HU0118417,5,1,51105,3,60_69,f,civilian.employed,same.house,i.75000.99999,us.born,never,no.schooling,without.disability,private.no.profit,with.insurance,white
2018HU0120839,5,1,51154,3,60_69,f,civilian.employed,same.house,i.75000.99999,us.born,never,no.schooling,with.disability,not.working,with.insurance,white
2018HU0120839,5,1,51084,3,60_69,f,civilian.employed,same.house,i.75000.99999,us.born,married,no.schooling,without.disability,not.working,with.insurance,white
2018HU0120839,5,1,51115,3,0_9,f,civilian.employed,diff.us.house,i.0.9999,us.born,married,no.schooling,without.disability,self.employed.corp,with.insurance,white
2018HU0120839,5,1,51135,3,60_69,m,civilian.employed,same.house,i.0.9999,us.born,married,no.schooling,without.disability,self.employed.no.corp,with.insurance,white
2018HU0121868,5,1,51186,3,40_49,m,civilian.employed,same.house,i.0.9999,naturalization,never,public,without.disability,private.profit,with.insurance,white
2018HU0123676,5,1,51090,3,60_69,m,not.in.labor.force,same.house,i.75000.99999,us.born,never,no.schooling,without.disability,not.working,with.insurance,white
2018HU0132829,5,1,51020,3,20_29,f,civilian.employed,same.house,i.0.9999,us.born,never,no.schooling,without.disability,private.no.profit,with.insurance,white
2018HU0132829,5,1,51154,3,30_39,m,civilian.employed,same.house,i.75000.99999,us.born,married,no.schooling,without.disability,federal,with.insurance,white
2018HU0132829,5,1,51115,3,30_39,m,civilian.employed,diff.us.house,i.75000.99999,us.born,married,no.schooling,without.disability,local,with.insurance,two.
2018HU0132829,5,1,51135,3,60_69,m,not.in.labor.force,same.house,i.0.9999,not.citizen,divorced,no.schooling,without.disability,not.working,with.insurance,white
2018HU0133512,5,1,51010,3,0_9,m,not.in.labor.force,same.house,i.0.9999,us.born,never,no.schooling,without.disability,private.profit,with.insurance,white
2018HU0133512,5,1,51245,3,30_39,f,civilian.employed,same.house,i.0.9999,us.born,divorced,no.schooling,without.disability,not.working,with.insurance,white
2018HU0134946,5,1,51010,3,20_29,f,civilian.employed,same.house,i.0.9999,abroad.born,separated,no.schooling,without.disability,self.employed.no.corp,with.insurance,white
2018HU0134946,5,1,51096,3,60_69,f,civilian.employed,same.house,i.75000.99999,us.born,never,no.schooling,without.disability,private.profit,with.insurance,asian
2018HU0137839,5,1,55002,3,20_29,m,not.in.labor.force,same.house,i.0.9999,us.born,never,no.schooling,without.disability,local,with.insurance,white
2018HU0144293,5,1,1302,3,60_69,f,civilian.employed,same.house,i.75000.99999,us.born,married,no.schooling,without.disability,private.profit,with.insurance,asian
2018HU0144293,5,1,51040,3,10_19,m,civilian.employed,same.house,i.50000.64999,us.born,divorced,no.schooling,without.disability,private.profit,with.insurance,white
2018HU0144293,5,1,51090,3,80_89,m,not.in.labor.force,same.house,i.75000.99999,us.born,married,no.schooling,without.disability,federal,with.insurance,white
2018HU0144293,5,1,51135,3,60_69,m,civilian.employed,same.house,i.0.9999,us.born,never,no.schooling,without.disability,not.working,with.insurance,white
2018HU0144293,5,1,51125,3,70_79,f,unemployed,same.house,i.0.9999,us.born,widowed,no.schooling,without.disability,not.working,with.insurance,white
2018HU0145487,5,1,51080,3,60_69,f,civilian.employed,same.house,i.0.9999,naturalization,married,no.schooling,without.disability,self.employed.corp,with.insurance,white
2018HU0145487,5,1,51115,3,20_29,f,not.in.labor.force,same.house,i.75000.99999,us.born,married,no.schooling,without.disability,self.employed.no.corp,with.insurance,white
2018HU0145487,5,1,51085,3,70_79,m,civilian.employed,same.house,i.65000.74999,us.born,divorced,no.schooling,without.disability,not.working,with.insurance,asian
2018HU0146688,5,1,51085,3,40_49,f,civilian.employed,same.house,i.0.9999,us.born,married,no.schooling,without.disability,federal,with.insurance,white
2018HU0146688,5,1,51115,3,50_59,m,civilian.employed,same.house,i.75000.99999,us.born,married,no.schooling,without.disability,not.working,with.insurance,white
2018HU0146688,5,1,51154,3,80_89,m,civilian.employed,same.house,i.75000.99999,us.born,divorced,no.schooling,without.disability,local,with.insurance,asian
2018HU0146688,5,1,4102,3,60_69,f,civilian.employed,same.house,i.75000.99999,us.born,married,no.schooling,without.disability,private.profit,with.insurance,white
2018HU0146688,5,1,51155,3,60_69,m,civilian.employed,diff.us.house,i.0.9999,us.born,married,no.schooling,without.disability,private.profit,with.insurance,white
2018HU0151702,5,1,51010,3,60_69,f,not.in.labor.force,same.house,i.0.9999,us.born,separated,no.schooling,without.disability,not.working,with.insurance,white
2018HU0151702,5,1,51175,3,70_79,f,not.in.labor.force,same.house,i.0.9999,us.born,married,no.schooling,without.disability,not.working,with.insurance,white
2018HU0153202,5,1,51090,3,40_49,f,civilian.employed,same.house,i.50000.64999,us.born,married,no.schooling,without.disability,self.employed.corp,with.insurance,white
2018HU0156900,5,1,59303,3,50_59,m,civilian.employed,diff.us.house,i.0.9999,us.born,married,no.schooling,without.disability,private.profit,with.insurance,white
2018HU0156900,5,1,51154,3,60_69,f,civilian.employed,same.house,i.35000.49999,us.born,married,no.schooling,without.disability,not.working,with.insurance,asian
2018HU0157616,5,1,51110,3,30_39,m,civilian.employed,same.house,i.0.9999,not.citizen,never,no.schooling,without.disability,not.working,with.insurance,white
2018HU0157616,5,1,51135,3,40_49,f,not.in.labor.force,same.house,i.0.9999,not.citizen,divorced,no.schooling,without.disability,not.working,with.insurance,white
2018HU0157616,5,1,51096,3,60_69,m,civilian.employed,same.house,i.50000.64999,us.born,married,no.schooling,without.disability,not.working,with.insurance,white
2018HU0157616,5,1,51154,3,60_69,m,not.in.labor.force,same.house,i.0.9999,us.born,never,no.schooling,without.disability,private.no.profit,with.insurance,white
2018HU0161985,5,1,51097,3,60_69,f,civilian.employed,same.house,i.75000.99999,us.born,married,no.schooling,without.disability,not.working,with.insurance,white
2018HU0161985,5,1,51045,3,0_9,f,not.in.labor.force,same.house,i.75000.99999,us.born,divorced,public,without.disability,private.profit,with.insurance,black
2018HU0162006,5,1,51087,3,50_59,f,not.in.labor.force,same.house,i.0.9999,abroad.born,divorced,no.schooling,without.disability,private.profit,with.insurance,white
2018HU0162006,5,1,51045,3,10_19,m,civilian.employed,same.house,i.0.9999,us.born,divorced,no.schooling,without.disability,federal,with.insurance,white
2018HU0162161,5,1,51175,3,40_49,m,not.in.labor.force,same.house,i.0.9999,us.born,never,public,without.disability,private.profit,with.insurance,white
2018HU0162188,5,1,51105,3,40_49,m,not.in.labor.force,diff.us.house,i.35000.49999,not.citizen,divorced,public,without.disability,local,with.insurance,white
2018HU0162188,5,1,51040,3,50_59,m,not.in.labor.force,same.house,i.50000.64999,us.born,never,public,without.disability,self.employed.no.corp,with.insurance,white
2018HU0163367,5,1,51135,3,0_9,m,not.in.labor.force,same.house,i.0.9999,us.born,never,no.schooling,without.disability,private.profit,with.insurance,white
2018HU0163367,5,1,51154,3,30_39,m,civilian.employed,same.house,i.0.9999,naturalization,never,no.schooling,without.disability,private.profit,with.insurance,white
2018HU0163367,5,1,51080,3,30_39,m,civilian.employed,same.house,i.0.9999,us.born,never,no.schooling,without.disability,not.working,with.insurance,white
2018HU0163367,5,1,51155,3,60_69,f,civilian.employed,same.house,i.50000.64999,us.born,divorced,no.schooling,without.disability,private.profit,with.insurance,white
2018HU0163552,5,1,51154,3,50_59,f,civilian.employed,same.house,i.50000.64999,not.citizen,divorced,private,without.disability,private.profit,with.insurance,white
2018HU0171163,5,1,51040,3,40_49,m,civilian.employed,same.house,i.75000.99999,us.born,widowed,public,without.disability,not.working,with.insurance,black
2018HU0171337,5,1,51110,3,40_49,f,civilian.employed,same.house,i.75000.99999,us.born,married,no.schooling,with.disability,self.employed.no.corp,with.insurance,white
2018HU0171337,5,1,51020,3,30_39,f,civilian.employed,same.house,i.0.9999,us.born,widowed,no.schooling,without.disability,not.working,with.insurance,white
2018HU0171337,5,1,51167,3,20_29,f,civilian.employed,same.house,i.75000.99999,abroad.born,married,no.schooling,without.disability,not.working,with.insurance,white
2018HU0171337,5,1,51115,3,40_49,m,not.in.labor.force,abroad.house,i.75000.99999,us.born,married,no.schooling,without.disability,not.working,with.insurance,white
2018HU0171337,5,1,51206,3,50_59,m,civilian.employed,same.house,i.0.9999,us.born,married,no.schooling,without.disability,private.profit,with.insurance,white
2018HU0171671,5,1,51154,3,30_39,f,not.in.labor.force,same.house,i.0.9999,us.born,married,no.schooling,without.disability,self.employed.corp,with.insurance,white
2018HU0171671,5,1,51245,3,60_69,m,not.in.labor.force,same.house,i.50000.64999,us.born,married,no.schooling,without.disability,private.profit,with.insurance,white
2018HU0172970,5,1,51080,3,30_39,m,civilian.employed,same.house,i.75000.99999,us.born,never,no.schooling,without.disability,private.profit,with.insurance,white
2018HU0172970,5,1,51135,3,60_69,m,civilian.employed,same.house,i.0.9999,us.born,married,public,without.disability,private.profit,with.insurance,white
2018HU0172970,5,1,51235,3,40_49,m,civilian.employed,diff.us.house,i.75000.99999,us.born,married,no.schooling,without.disability,federal,with.insurance,white
2018HU0172970,5,1,51110,3,0_9,f,civilian.employed,same.house,i.75000.99999,puerto.rico.born,married,no.schooling,without.disability,not.working,with.insurance,white
2018HU0172970,5,1,51135,3,30_39,m,civilian.employed,same.house,i.0.9999,us.born,widowed,no.schooling,without.disability,private.profit,with.insurance,white
2018HU0172970,5,1,51135,3,60_69,m,not.in.labor.force,diff.us.house,i.0.9999,us.born,married,no.schooling,with.disability,federal,with.insurance,white
2018HU0173680,5,1,51154,3,0_9,f,civilian.employed,abroad.house,i.0.9999,us.born,divorced,public,without.disability,not.working,with.insurance,white
2018HU0173680,5,1,51105,3,60_69,m,civilian.employed,same.house,i.0.9999,us.born,never,no.schooling,without.disability,federal,with.insurance,white
2018HU0173680,5,1,51020,3,50_59,f,civilian.employed,same.house,i.0.9999,us.born,never,no.schooling,without.disability,private.profit,with.insurance,white
2018HU0173680,5,1,51186,3,30_39,m,civilian.employed,same.house,i.0.9999,naturalization,never,no.schooling,without.disability,private.profit,with.insurance,white
2018HU0173712,5,1,51154,3,60_69,m,civilian.employed,same.house,i.75000.99999,naturalization,never,no.schooling,without.disability,not.working,with.insurance,white
2018HU0180794,5,1,51110,3,40_49,f,civilian.employed,same.house,i.0.9999,us.born,married,no.schooling,without.disability,not.working,with.insurance,white
2018HU0180794,5,1,51145,3,30_39,f,civilian.employed,same.house,i.75000.99999,us.born,never,no.schooling,without.disability,private.profit,with.insurance,black
2018HU0180794,5,1,51154,3,70_79,f,civilian.employed,same.house,i.0.9999,naturalization,never,no.schooling,without.disability,self.employed.corp,with.insurance,white
2018HU0180794,5,1,51110,3,30_39,m,civilian.employed,same.house,i.50000.64999,us.born,married,no.schooling,without.disability,private.profit,with.insurance,white
2018HU0180794,5,1,55002,3,20_29,f,not.in.labor.force,same.house,i.0.9999,us.born,separated,no.schooling,without.disability,not.working,with.insurance,white
2018HU0182408,5,1,51235,3,70_79,f,not.in.labor.force,same.house,i.0.9999,abroad.born,married,no.schooling,without.disability,not.working,with.insurance,asian
2018HU0182408,5,1,51010,3,30_39,f,civilian.employed,same.house,i.75000.99999,naturalization,married,no.schooling,without.disability,private.profit,with.insurance,white
2018HU0185833,5,1,55002,3,60_69,m,civilian.employed,diff.us.house,i.0.9999,us.born,married,no.schooling,without.disability,not.working,with.insurance,white
2018HU0185833,5,1,51154,3,30_39,m,not.in.labor.force,same.house,i.25000.34999,naturalization,never,no.schooling,without.disability,private.profit,with.insurance,white
2018HU0185833,5,1,51125,3,0_9,m,not.in.labor.force,same.house,i.75000.99999,us.born,never,public,without.disability,private.no.profit,with.insurance,black
2018HU0189084,5,1,51206,3,40_49,f,civilian.employed,same.house,i.50000.64999,naturalization,married,no.schooling,without.disability,not.working,with.insurance,white
2018HU0191205,5,1,51125,3,40_49,m,civilian.employed,same.house,i.15000.24999,abroad.born,divorced,no.schooling,without.disability,private.no.profit,with.insurance,white
2018HU0191205,5,1,59303,3,60_69,f,civilian.employed,same.house,i.75000.99999,us.born,never,private,without.disability,not.working,with.insurance,white
2018HU0191205,5,1,51235,3,30_39,f,not.in.labor.force,diff.us.house,i.50000.64999,us.born,married,no.schooling,without.disability,not.working,with.insurance,white
2018HU0191205,5,1,51125,3,30_39,m,not.in.labor.force,same.house,i.0.9999,us.born,never,no.schooling,without.disability,local,with.insurance,white
2018HU0191205,5,1,51235,3,0_9,f,not.in.labor.force,diff.us.house,i.0.9999,naturalization,never,no.schooling,without.disability,private.profit,with.insurance,white
2018HU0192347,5,1,51167,3,30_39,f,civilian.employed,diff.us.house,i.0.9999,us.born,married,public,without.disability,private.profit,with.insurance,white
2018HU0192347,5,1,51164,3,50_59,f,not.in.labor.force,diff.us.house,i.0.9999,us.born,married,no.schooling,with.disability,private.profit,with.insurance,white
2018HU0192347,5,1,51097,3,70_79,f,not.in.labor.force,abroad.house,i.0.9999,not.citizen,married,no.schooling,without.disability,not.working,with.insurance,white
2018HU0192347,5,1,51096,3,40_49,f,not.in.labor.force,same.house,i.25000.34999,us.born,separated,no.schooling,with.disability,not.working,with.insurance,white
2018HU0200941,5,1,51040,3,40_49,f,civilian.employed,same.house,i.0.9999,naturalization,married,no.schooling,without.disability,not.working,with.insurance,black
2018HU0202728,5,1,51040,3,60_69,f,not.in.labor.force,same.house,i.50000.64999,us.born,married,private,with.disability,not.working,with.insurance,white
2018HU0202728,5,1,51246,3,80_89,f,civilian.employed,same.house,i.0.9999,us.born,never,no.schooling,without.disability,private.profit,with.insurance,white
2018HU0203472,5,1,51135,3,50_59,f,civilian.employed,same.house,i.50000.64999,puerto.rico.born,married,public,without.disability,not.working,with.insurance,white
2018HU0206622,5,1,51105,3,50_59,m,not.in.labor.force,same.house,i.0.9999,naturalization,divorced,no.schooling,without.disability,not.working,with.insurance,white
2018HU0206622,5,1,51120,3,60_69,m,not.in.labor.force,same.house,i.75000.99999,us.born,never,no.schooling,without.disability,not.working,with.insurance,white
2018HU0206622,5,1,51097,3,50_59,f,civilian.employed,same.house,i.0.9999,us.born,never,no.schooling,without.disability,not.working,with.insurance,white
2018HU0209418,5,1,51020,3,0_9,m,not.in.labor.force,same.house,i.0.9999,naturalization,never,no.schooling,without.disability,federal,with.insurance,white
2018HU0209418,5,1,51105,3,20_29,m,unemployed,same.house,i.0.9999,naturalization,married,no.schooling,without.disability,private.profit,with.insurance,white
2018HU0209418,5,1,51175,3,40_49,f,not.in.labor.force,diff.us.house,i.0.9999,us.born,never,no.schooling,without.disability,self.employed.corp,with.insurance,white
2018HU0209418,5,1,51096,3,60_69,f,civilian.employed,same.house,i.0.9999,naturalization,married,no.schooling,without.disability,not.working,with.insurance,asian
2018HU0209992,5,1,51120,3,50_59,m,not.in.labor.force,same.house,i.65000.74999,us.born,never,no.schooling,without.disability,private.profit,with.insurance,white
2018HU0210876,5,1,51206,3,70_79,m,civilian.employed,same.house,i.75000.99999,us.born,married,no.schooling,without.disability,not.working,with.insurance,asian
2018HU0211038,5,1,51045,3,20_29,m,civilian.employed,same.house,i.0.9999,us.born,never,no.schooling,without.disability,not.working,with.insurance,white
2018HU0212766,5,1,51096,3,70_79,m,civilian.employed,same.house,i.50000.64999,us.born,divorced,public,without.disability,local,with.insurance,white
2018HU0213082,5,1,51155,3,0_9,m,civilian.employed,same.house,i.75000.99999,us.born,never,no.schooling,without.disability,private.no.profit,with.insurance,white
2018HU0213082,5,1,59303,3,60_69,m,civilian.employed,diff.us.house,i.0.9999,us.born,married,no.schooling,without.disability,not.working,with.insurance,white
2018HU0213082,5,1,51096,3,40_49,m,civilian.employed,same.house,i.0.9999,us.born,divorced,no.schooling,without.disability,private.profit,with.insurance,white
2018HU0214290,5,1,51164,3,40_49,f,civilian.employed,same.house,i.75000.99999,naturalization,divorced,no.schooling,without.disability,private.no.profit,with.insurance,white
2018HU0214945,5,1,51206,3,30_39,f,not.in.labor.force,diff.us.house,i.0.9999,not.citizen,never,no.schooling,without.disability,not.working,with.insurance,white
2018HU0214945,5,1,51040,3,50_59,f,not.in.labor.force,same.house,i.0.9999,us.born,married,no.schooling,with.disability,self.employed.no.corp,with.insurance,white
2018HU0214945,5,1,51245,3,20_29,f,civilian.employed,diff.us.house,i.0.9999,us.born,married,no.schooling,with.disability,federal,with.insurance,asian
2018HU0216020,5,1,51115,3,40_49,f,not.in.labor.force,same.house,i.50000.64999,us.born,married,no.schooling,without.disability,private.profit,with.insurance,white
2018HU0219825,5,1,51235,3,0_9,f,civilian.employed,same.house,i.75000.99999,us.born,married,no.schooling,without.disability,private.profit,with.insurance,white
2018HU0219825,5,1,55002,3,50_59,m,civilian.employed,same.house,i.0.9999,us.born,never,private,without.disability,not.working,with.insurance,white
2018HU0219825,5,1,51010,3,40_49,f,civilian.employed,same.house,i.0.9999,naturalization,married,no.schooling,without.disability,not.working,without.insurance,white
2018HU0221993,5,1,51105,3,0_9,f,civilian.employed,same.house,i.0.9999,naturalization,never,no.schooling,without.disability,private.no.profit,with.insurance,black
2018HU0221993,5,1,51040,3,40_49,f,not.in.labor.force,same.house,i.0.9999,us.born,married,no.schooling,without.disability,not.working,with.insurance,white
2018HU0222554,5,1,51115,3,10_19,f,not.in.labor.force,same.house,i.0.9999,abroad.born,married,no.schooling,without.disability,not.working,with.insurance,white
2018HU0222554,5,1,51097,3,0_9,m,not.in.labor.force,same.house,i.75000.99999,abroad.born,married,no.schooling,without.disability,private.profit,with.insurance,white
2018HU0222554,5,1,51154,3,30_39,m,not.in.labor.force,same.house,i.75000.99999,us.born,divorced,no.schooling,without.disability,private.profit,with.insurance,white
2018HU0222554,5,1,51090,3,60_69,m,civilian.employed,same.house,i.75000.99999,not.citizen,married,no.schooling,without.disability,private.profit,with.insurance,asian
2018HU0222554,5,1,51105,3,50_59,m,civilian.employed,same.house,i.0.9999,us.born,married,no.schooling,without.disability,not.working,with.insurance,white
2018HU0222554,5,1,51040,3,50_59,f,civilian.employed,same.house,i.0.9999,us.born,married,no.schooling,without.disability,private.profit,with.insurance,white
2018HU0225014,5,1,51235,3,60_69,f,civilian.employed,same.house,i.0.9999,us.born,never,no.schooling,without.disability,not.working,with.insurance,white
2018HU0225014,5,1,51090,3,40_49,m,not.in.labor.force,same.house,i.0.9999,us.born,married,no.schooling,with.disability,local,with.insurance,white
2018HU0225014,5,1,51085,3,30_39,m,not.in.labor.force,same.house,i.65000.74999,us.born,widowed,no.schooling,without.disability,private.profit,with.insurance,white
2018HU0225014,5,1,51110,3,30_39,f,not.in.labor.force,same.house,i.0.9999,us.born,married,no.schooling,without.disability,private.profit,with.insurance,white
2018HU0227748,5,1,51020,3,80_89,f,civilian.employed,same.house,i.0.9999,naturalization,separated,no.schooling,with.disability,private.no.profit,with.insurance,white
2018HU0227748,5,1,51096,3,30_39,m,not.in.labor.force,same.house,i.0.9999,us.born,never,public,with.disability,not.working,with.insurance,white
2018HU0227748,5,1,51215,3,10_19,m,civilian.employed,abroad.house,i.75000.99999,us.born,married,no.schooling,without.disability,private.no.profit,with.insurance,white
2018HU0229660,5,1,55002,3,40_49,f,civilian.employed,same.house,i.0.9999,us.born,married,no.schooling,without.disability,private.no.profit,without.insurance,asian
2018HU0229660,5,1,59301,3,70_79,m,not.in.labor.force,diff.us.house,i.75000.99999,us.born,married,no.schooling,with.disability,private.profit,with.insurance,white
2018HU0229660,5,1,51105,3,20_29,f,civilian.employed,same.house,i.75000.99999,us.born,married,no.schooling,without.disability,private.profit,with.insurance,white
2018HU0233115,5,1,51206,3,60_69,f,not.in.labor.force,same.house,i.0.9999,us.born,never,no.schooling,without.disability,not.working,with.insurance,white
2018HU0233115,5,1,51154,3,70_79,m,not.in.labor.force,same.house,i.0.9999,us.born,married,no.schooling,without.disability,not.working,with.insurance,white
2018HU0233115,5,1,51206,3,40_49,m,not.in.labor.force,same.house,i.0.9999,us.born,divorced,public,without.disability,private.profit,with.insurance,white
2018HU0233258,5,1,4103,3,20_29,m,civilian.employed,same.house,i.35000.49999,naturalization,never,no.schooling,without.disability,not.working,with.insurance,asian
2018HU0233258,5,1,51080,3,50_59,f,civilian.employed,same.house,i.0.9999,us.born,separated,no.schooling,without.disability,not.working,with.insurance,white
2018HU0233807,5,1,51097,3,20_29,m,civilian.employed,same.house,i.75000.99999,us.born,married,no.schooling,without.disability,not.working,with.insurance,white
2018HU0236941,5,1,51155,3,50_59,f,not.in.labor.force,same.house,i.0.9999,abroad.born,married,no.schooling,without.disability,not.working,with.insurance,white
2018HU0236941,5,1,51090,3,20_29,f,civilian.employed,same.house,i.75000.99999,naturalization,divorced,no.schooling,without.disability,not.working,with.insurance,white
2018HU0236941,5,1,51235,3,60_69,f,civilian.employed,same.house,i.0.9999,us.born,widowed,no.schooling,without.disability,private.profit,with.insurance,white
2018HU0236941,5,1,51164,3,40_49,f,not.in.labor.force,same.house,i.75000.99999,us.born,widowed,no.schooling,with.disability,private.profit,with.insurance,white
2018HU0236941,5,1,51090,3,50_59,f,not.in.labor.force,diff.us.house,i.0.9999,us.born,married,no.schooling,without.disability,private.profit,with.insurance,white
2018HU0236941,5,1,51235,3,0_9,m,civilian.employed,same.house,i.75000.99999,us.born,married,no.schooling,without.disability,not.working,with.insurance,asian
2018HU0236941,5,1,51045,3,60_69,f,not.in.labor.force,same.house,i.75000.99999,us.born,never,no.schooling,without.disability,not.working,with.insurance,white
2018HU0241498,5,1,51040,3,50_59,m,civilian.employed,same.house,i.35000.49999,us.born,married,no.schooling,without.disability,private.profit,with.insurance,asian
2018HU0241498,5,1,51090,3,50_59,m,not.in.labor.force,same.house,i.75000.99999,us.born,married,no.schooling,without.disability,private.profit,with.insurance,white
2018HU0248452,5,1,51105,3,70_79,m,not.in.labor.force,same.house,i.0.9999,naturalization,married,no.schooling,without.disability,not.working,with.insurance,white
2018HU0249458,5,1,55002,3,20_29,f,not.in.labor.force,same.house,i.0.9999,us.born,married,no.schooling,with.disability,not.working,with.insurance,white
2018HU0249632,5,1,4101,3,40_49,m,civilian.employed,same.house,i.65000.74999,us.born,married,no.schooling,without.disability,private.profit,with.insurance,white
2018HU0249632,5,1,51105,3,50_59,m,civilian.employed,same.house,i.0.9999,naturalization,married,no.schooling,without.disability,not.working,with.insurance,white
2018HU0249632,5,1,4103,3,20_29,m,not.in.labor.force,diff.us.house,i.25000.34999,us.born,married,no.schooling,without.disability,local,with.insurance,white
2018HU0253954,5,1,51020,3,70_79,f,civilian.employed,diff.us.house,i.65000.74999,us.born,divorced,no.schooling,without.disability,self.employed.no.corp,with.insurance,white
2018HU0253954,5,1,51110,3,50_59,f,civilian.employed,same.house,i.75000.99999,us.born,married,no.schooling,with.disability,federal,with.insurance,white
2018HU0253954,5,1,51186,3,0_9,f,unemployed,same.house,i.50000.64999,naturalization,married,no.schooling,without.disability,not.working,with.insurance,white
2018HU0253954,5,1,51084,3,20_29,m,not.in.labor.force,same.house,i.0.9999,us.born,never,no.schooling,without.disability,not.working,with.insurance,white
2018HU0253954,5,1,51115,3,60_69,f,civilian.employed,same.house,i.25000.34999,us.born,divorced,private,without.disability,private.profit,with.insurance,asian
2018HU0254229,5,1,51206,3,30_39,f,civilian.employed,abroad.house,i.75000.99999,us.born,divorced,no.schooling,without.disability,private.profit,with.insurance,white
2018HU0254229,5,1,51206,3,40_49,f,not.in.labor.force,same.house,i.0.9999,us.born,divorced,no.schooling,without.disability,self.employed.no.corp,with.insurance,asian
2018HU0255297,5,1,51155,3,20_29,m,civilian.employed,same.house,i.50000.64999,us.born,married,no.schooling,without.disability,private.profit,with.insurance,two.
2018HU0255297,5,1,51110,3,20_29,f,civilian.employed,same.house,i.0.9999,us.born,never,no.schooling,without.disability,private.profit,with.insurance,white
2018HU0255297,5,1,59305,3,30_39,f,civilian.employed,same.house,i.0.9999,us.born,never,no.schooling,without.disability,self.employed.corp,with.insurance,white
2018HU0258968,5,1,51097,3,0_9,m,civilian.employed,diff.us.house,i.75000.99999,us.born,never,no.schooling,without.disability,private.no.profit,with.insurance,asian
2018HU0264789,5,1,51096,3,60_69,m,not.in.labor.force,same.house,i.0.9999,naturalization,married,no.schooling,without.disability,private.profit,with.insurance,asian
2018HU0264789,5,1,51105,3,50_59,f,not.in.labor.force,same.house,i.75000.99999,naturalization,separated,no.schooling,with.disability,private.profit,with.insurance,white
2018HU0268893,5,1,51154,3,60_69,m,civilian.employed,same.house,i.75000.99999,us.born,never,no.schooling,without.disability,private.profit,with.insurance,white
2018HU0268893,5,1,1302,3,40_49,m,civilian.employed,same.house,i.75000.99999,us.born,married,no.schooling,with.disability,private.profit,with.insurance,white
2018HU0268893,5,1,51186,3,60_69,m,not.in.labor.force,same.house,i.0.9999,puerto.rico.born,married,no.schooling,without.disability,private.profit,with.insurance,white
2018HU0274323,5,1,51105,3,50_59,f,civilian.employed,same.house,i.0.9999,us.born,married,no.schooling,without.disability,not.working,with.insurance,white
2018HU0274323,5,1,59303,3,10_19,f,civilian.employed,same.house,i.0.9999,us.born,married,no.schooling,without.disability,not.working,with.insurance,white
2018HU0274323,5,1,51010,3,60_69,m,not.in.labor.force,same.house,i.0.9999,us.born,never,no.schooling,without.disability,not.working,with.insurance,white
2018HU0274323,5,1,51135,3,50_59,f,civilian.employed,same.house,i.50000.64999,us.born,married,private,without.disability,federal,with.insurance,two.
2018HU0274323,5,1,51089,3,60_69,m,civilian.employed,same.house,i.0.9999,abroad.born,married,no.schooling,without.disability,not.working,with.insurance,asian
2018HU0274889,5,1,51155,3,30_39,f,not.in.labor.force,same.house,i.0.9999,us.born,widowed,no.schooling,without.disability,self.employed.no.corp,without.insurance,asian
2018HU0274889,5,1,55002,3,0_9,m,civilian.employed,same.house,i.0.9999,us.born,married,no.schooling,without.disability,self.employed.corp,with.insurance,white
2018HU0276565,5,1,51145,3,20_29,m,civilian.employed,same.house,i.0.9999,us.born,never,no.schooling,without.disability,private.profit,with.insurance,asian
2018HU0276565,5,1,51154,3,20_29,f,civilian.employed,same.house,i.0.9999,us.born,married,no.schooling,without.disability,private.profit,with.insurance,asian
2018HU0281612,5,1,1302,3,40_49,f,civilian.employed,same.house,i.75000.99999,us.born,married,no.schooling,without.disability,not.working,with.insurance,two.
2018HU0281612,5,1,51155,3,40_49,m,civilian.employed,diff.us.house,i.50000.64999,us.born,never,no.schooling,without.disability,not.working,with.insurance,black
2018HU0281612,5,1,51154,3,70_79,f,civilian.employed,same.house,i.25000.34999,us.born,widowed,no.schooling,without.disability,private.profit,with.insurance,white
2018HU0281612,5,1,51087,3,60_69,m,not.in.labor.force,same.house,i.0.9999,us.born,married,no.schooling,without.disability,private.profit,with.insurance,white
2018HU0285509,5,1,51087,3,30_39,f,not.in.labor.force,same.house,i.0.9999,us.born,married,no.schooling,without.disability,private.profit,with.insurance,white
2018HU0285509,5,1,51080,3,60_69,m,civilian.employed,same.house,i.75000.99999,not.citizen,married,no.schooling,without.disability,private.profit,with.insurance,asian
2018HU0285509,5,1,1302,3,0_9,f,not.in.labor.force,same.house,i.50000.64999,us.born,separated,no.schooling,without.disability,not.working,with.insurance,white
2018HU0285738,5,1,51110,3,20_29,f,not.in.labor.force,diff.us.house,i.75000.99999,us.born,divorced,no.schooling,without.disability,federal,with.insurance,white
2018HU0293011,5,1,51010,3,60_69,m,civilian.employed,diff.us.house,i.75000.99999,us.born,divorced,private,without.disability,local,with.insurance,white
2018HU0293011,5,1,51020,3,40_49,m,not.in.labor.force,same.house,i.0.9999,us.born,married,no.schooling,without.disability,not.working,with.insurance,white
2018HU0293011,5,1,59308,3,50_59,m,not.in.labor.force,same.house,i.75000.99999,us.born,widowed,no.schooling,without.disability,not.working,with.insurance,white
2018HU0294457,5,1,55002,3,70_79,f,not.in.labor.force,same.house,i.75000.99999,us.born,divorced,no.schooling,without.disability,not.working,with.insurance,asian
2018HU0294457,5,1,51224,3,50_59,m,civilian.employed,same.house,i.0.9999,us.born,married,no.schooling,without.disability,private.no.profit,with.insurance,white
2018HU0296428,5,1,51040,3,50_59,m,not.in.labor.force,diff.us.house,i.75000.99999,not.citizen,never,no.schooling,without.disability,private.profit,with.insurance,two.
2018HU0296428,5,1,51167,3,30_39,f,civilian.employed,same.house,i.75000.99999,us.born,married,no.schooling,without.disability,not.working,with.insurance,asian
2018HU0300334,5,1,51125,3,50_59,f,not.in.labor.force,diff.us.house,i.0.9999,us.born,married,no.schooling,without.disability,private.profit,with.insurance,white
2018HU0300334,5,1,51040,3,70_79,m,not.in.labor.force,diff.us.house,i.0.9999,not.citizen,never,no.schooling,without.disability,private.profit,with.insurance,white
2018HU0300334,5,1,51010,3,50_59,f,civilian.employed,same.house,i.0.9999,us.born,divorced,no.schooling,without.disability,private.profit,with.insurance,white
2018HU0300334,5,1,51010,3,60_69,m,civilian.employed,same.house,i.75000.99999,us.born,married,no.schooling,without.disability,not.working,with.insurance,white
2018HU0300334,5,1,51090,3,30_39,f,civilian.employed,diff.us.house,i.0.9999,naturalization,never,no.schooling,without.disability,private.profit,with.insurance,white
2018HU0302934,5,1,51097,3,20_29,f,civilian.employed,abroad.house,i.0.9999,us.born,never,no.schooling,without.disability,not.working,with.insurance,white
2018HU0302934,5,1,51096,3,60_69,f,civilian.employed,same.house,i.75000.99999,us.born,married,no.schooling,without.disability,not.working,with.insurance,white
2018HU0306728,5,1,51135,3,0_9,f,civilian.employed,same.house,i.75000.99999,us.born,married,no.schooling,without.disability,private.profit,with.insurance,white
2018HU0306728,5,1,59303,3,60_69,m,civilian.employed,same.house,i.75000.99999,us.born,never,no.schooling,without.disability,not.working,with.insurance,white
2018HU0306728,5,1,1301,3,20_29,f,civilian.employed,same.house,i.0.9999,us.born,never,no.schooling,without.disability,private.profit,with.insurance,white
2018HU0306728,5,1,55002,3,70_79,f,civilian.employed,same.house,i.0.9999,us.born,married,no.schooling,without.disability,not.working,with.insurance,white
2018HU0309146,5,1,51096,3,40_49,f,civilian.employed,diff.us.house,i.0.9999,us.born,divorced,no.schooling,without.disability,private.no.profit,with.insurance,white
2018HU0311265,5,1,51044,3,30_39,f,civilian.employed,same.house,i.0.9999,us.born,never,no.schooling,without.disability,not.working,with.insurance,white
2018HU0311265,5,1,51097,3,20_29,f,not.in.labor.force,same.house,i.50000.64999,naturalization,divorced,no.schooling,without.disability,private.profit,with.insurance,white
2018HU0311265,5,1,51105,3,20_29,f,civilian.employed,same.house,i.0.9999,us.born,married,public,without.disability,private.profit,with.insurance,white
2018HU0316865,5,1,51097,3,20_29,f,civilian.employed,same.house,i.65000.74999,us.born,never,no.schooling,without.disability,self.employed.corp,with.insurance,white
2018HU0316865,5,1,51215,3,50_59,f,not.in.labor.force,diff.us.house,i.0.9999,us.born,never,no.schooling,without.disability,private.profit,with.insurance,white
2018HU0320510,5,1,51044,3,70_79,f,not.in.labor.force,same.house,i.0.9999,naturalization,married,no.schooling,without.disability,private.profit,with.insurance,white
2018HU0320510,5,1,51085,3,40_49,f,civilian.employed,same.house,i.50000.64999,us.born,never,no.schooling,without.disability,private.profit,with.insurance,white
2018HU0321752,5,1,51135,3,0_9,m,civilian.employed,diff.us.house,i.0.9999,us.born,never,no.schooling,without.disability,private.profit,with.insurance,white
2018HU0322381,5,1,51044,3,0_9,f,civilian.employed,same.house,i.75000.99999,abroad.born,married,no.schooling,without.disability,private.profit,with.insurance,two.
2018HU0322381,5,1,51135,3,20_29,f,civilian.employed,same.house,i.75000.99999,us.born,widowed,no.schooling,with.disability,private.profit,with.insurance,white
2018HU0322381,5,1,51040,3,40_49,f,civilian.employed,same.house,i.0.9999,us.born,married,no.schooling,without.disability,not.working,with.insurance,white
2018HU0322783,5,1,51010,3,70_79,f,civilian.employed,diff.us.house,i.75000.99999,us.born,never,no.schooling,without.disability,not.working,with.insurance,white
2018HU0322783,5,1,51215,3,40_49,f,civilian.employed,same.house,i.0.9999,us.born,never,no.schooling,without.disability,not.working,with.insurance,white
2018HU0322783,5,1,51255,3,60_69,m,not.in.labor.force,diff.us.house,i.0.9999,us.born,married,no.schooling,without.disability,private.profit,with.insurance,white
2018HU0322783,5,1,51096,3,20_29,f,civilian.employed,diff.us.house,i.75000.99999,us.born,never,no.schooling,without.disability,not.working,with.insurance,white
2018HU0324663,5,1,51206,3,40_49,m,civilian.employed,same.house,i.50000.64999,naturalization,married,public,without.disability,not.working,with.insurance,white
2018HU0324663,5,1,51080,3,0_9,f,not.in.labor.force,same.house,i.75000.99999,us.born,never,no.schooling,without.disability,not.working,with.insurance,white
2018HU0324663,5,1,59303,3,50_59,m,civilian.employed,same.house,i.75000.99999,us.born,divorced,no.schooling,without.disability,not.working,with.insurance,white
2018HU0327636,5,1,51089,3,60_69,f,civilian.employed,same.house,i.0.9999,us.born,widowed,no.schooling,with.disability,private.profit,with.insurance,white
2018HU0329231,5,1,51010,3,80_89,f,civilian.employed,diff.us.house,i.0.9999,us.born,never,no.schooling,without.disability,private.profit,with.insurance,white
2018HU0332045,5,1,55002,3,40_49,m,civilian.employed,same.house,i.0.9999,us.born,married,no.schooling,with.disability,private.profit,with.insurance,white
2018HU0332045,5,1,55001,3,40_49,f,not.in.labor.force,diff.us.house,i.0.9999,us.born,never,no.schooling,without.disability,not.working,with.insurance,white
2018HU0336145,5,1,59303,3,40_49,m,civilian.employed,diff.us.house,i.0.9999,us.born,married,public,without.disability,self.employed.corp,with.insurance,white
2018HU0336145,5,1,51080,3,20_29,m,civilian.employed,same.house,i.0.9999,us.born,never,no.schooling,without.disability,not.working,with.insurance,white
2018HU0336145,5,1,51045,3,20_29,f,not.in.labor.force,same.house,i.0.9999,us.born,married,no.schooling,without.disability,not.working,with.insurance,white
2018HU0336145,5,1,51164,3,30_39,f,not.in.labor.force,same.house,i.0.9999,us.born,never,private,without.disability,not.working,with.insurance,asian
2018HU0340143,5,1,51040,3,60_69,f,civilian.employed,same.house,i.0.9999,us.born,never,no.schooling,without.disability,not.working,with.insurance,white
2018HU0340143,5,1,51080,3,20_29,m,civilian.employed,diff.us.house,i.35000.49999,us.born,never,no.schooling,without.disability,not.working,with.insurance,white
2018HU0341464,5,1,51154,3,20_29,f,civilian.employed,same.house,i.0.9999,us.born,divorced,no.schooling,without.disability,not.working,with.insurance,white
2018HU0341464,5,1,51154,3,60_69,m,civilian.employed,diff.us.house,i.75000.99999,us.born,married,no.schooling,without.disability,private.profit,with.insurance,white
2018HU0343503,5,1,51080,3,40_49,m,not.in.labor.force,same.house,i.75000.99999,us.born,never,public,without.disability,not.working,with.insurance,white
2018HU0344945,5,1,51135,3,0_9,m,not.in.labor.force,same.house,i.0.9999,us.born,married,no.schooling,without.disability,local,with.insurance,two.
2018HU0344945,5,1,51186,3,60_69,f,civilian.employed,same.house,i.50000.64999,us.born,married,no.schooling,without.disability,private.profit,with.insurance,asian
2018HU0347656,5,1,51020,3,60_69,f,civilian.employed,same.house,i.75000.99999,us.born,divorced,public,without.disability,not.working,with.insurance,white
2018HU0347656,5,1,51080,3,40_49,m,not.in.labor.force,diff.us.house,i.0.9999,us.born,never,no.schooling,without.disability,private.profit,with.insurance,white
2018HU0347656,5,1,51164,3,70_79,f,not.in.labor.force,same.house,i.50000.64999,us.born,never,no.schooling,without.disability,federal,with.insurance,white
2018HU0347656,5,1,51225,3,20_29,f,civilian.employed,same.house,i.75000.99999,puerto.rico.born,never,no.schooling,without.disability,federal,with.insurance,white
2018HU0347656,5,1,51095,3,60_69,m,not.in.labor.force,same.house,i.75000.99999,naturalization,married,no.schooling,without.disability,not.working,with.insurance,white
2018HU0347656,5,1,51135,3,0_9,f,civilian.employed,same.house,i.0.9999,naturalization,married,no.schooling,without.disability,private.profit,with.insurance,white
2018HU0347974,5,1,51097,3,40_49,m,not.in.labor.force,same.house,i.75000.99999,naturalization,divorced,no.schooling,without.disability,not.working,with.insurance,white
2018HU0347974,5,1,51080,3,70_79,f,not.in.labor.force,same.house,i.75000.99999,us.born,never,no.schooling,with.disability,state,with.insurance,white
2018HU0347974,5,1,51045,3,20_29,f,civilian.employed,same.house,i.75000.99999,us.born,married,no.schooling,without.disability,local,with.insurance,black
2018HU0347974,5,1,51105,3,50_59,m,civilian.employed,same.house,i.50000.64999,us.born,divorced,no.schooling,without.disability,federal,with.insurance,white
2018HU0348422,5,1,51154,3,20_29,f,civilian.employed,same.house,i.0.9999,us.born,divorced,no.schooling,with.disability,self.employed.no.corp,with.insurance,two.
2018HU0348422,5,1,51105,3,60_69,m,civilian.employed,same.house,i.75000.99999,us.born,divorced,no.schooling,without.disability,not.working,with.insurance,white
2018HU0348422,5,1,51186,3,10_19,m,not.in.labor.force,same.house,i.75000.99999,us.born,married,no.schooling,without.disability,private.profit,with.insurance,black
2018HU0348422,5,1,51154,3,50_59,m,not.in.labor.force,diff.us.house,i.0.9999,us.born,never,no.schooling,without.disability,self.employed.corp,with.insurance,white
2018HU0348422,5,1,51080,3,50_59,f,not.in.labor.force,diff.us.house,i.75000.99999,us.born,married,no.schooling,without.disability,self.employed.no.corp,with.insurance,white
2018HU0349761,5,1,51096,3,40_49,f,civilian.employed,same.house,i.75000.99999,us.born,married,no.schooling,without.disability,private.profit,with.insurance,white
2018HU0349761,5,1,51085,3,50_59,f,not.in.labor.force,abroad.house,i.75000.99999,us.born,married,no.schooling,without.disability,not.working,with.insurance,white
2018HU0349761,5,1,51175,3,40_49,f,civilian.employed,same.house,i.65000.74999,us.born,married,no.schooling,without.disability,not.working,with.insurance,white
2018HU0349761,5,1,51135,3,10_19,f,unemployed,same.house,i.0.9999,us.born,never,public,without.disability,private.profit,with.insurance,asian
2018HU0349761,5,1,51105,3,70_79,f,not.in.labor.force,same.house,i.0.9999,us.born,divorced,no.schooling,without.disability,federal,with.insurance,white
2018HU0349761,5,1,51215,3,60_69,m,civilian.employed,diff.us.house,i.0.9999,us.born,married,public,without.disability,private.profit,with.insurance,white
2018HU0351981,5,1,51080,3,40_49,f,civilian.employed,same.house,i.75000.99999,not.citizen,widowed,no.schooling,without.disability,private.profit,with.insurance,white
2018HU0351981,5,1,51010,3,30_39,f,civilian.employed,same.house,i.50000.64999,us.born,never,no.schooling,without.disability,federal,with.insurance,white
2018HU0351993,5,1,51206,3,40_49,m,civilian.employed,same.house,i.0.9999,us.born,married,no.schooling,without.disability,private.profit,with.insurance,white
2018HU0351993,5,1,59303,3,80_89,m,civilian.employed,same.house,i.0.9999,us.born,married,no.schooling,without.disability,federal,with.insurance,white
2018HU0354436,5,1,51044,3,30_39,m,civilian.employed,same.house,i.0.9999,us.born,married,no.schooling,without.disability,not.working,with.insurance,asian
2018HU0354436,5,1,51206,3,50_59,m,not.in.labor.force,same.house,i.75000.99999,us.born,never,no.schooling,without.disability,not.working,with.insurance,white
2018HU0354436,5,1,51097,3,0_9,m,civilian.employed,same.house,i.0.9999,naturalization,married,no.schooling,without.disability,not.working,with.insurance,white
2018HU0354436,5,1,51186,3,70_79,m,not.in.labor.force,same.house,i.0.9999,us.born,married,no.schooling,without.disability,private.profit,with.insurance,white
2018HU0358923,5,1,59303,3,60_69,f,civilian.employed,diff.us.house,i.75000.99999,us.born,married,no.schooling,without.disability,private.profit,with.insurance,white
2018HU0358923,5,1,51154,3,0_9,f,civilian.employed,same.house,i.50000.64999,us.born,married,no.schooling,without.disability,not.working,with.insurance,white
2018HU0359179,5,1,51154,3,20_29,m,not.in.labor.force,diff.us.house,i.75000.99999,abroad.born,never,no.schooling,without.disability,not.working,with.insurance,white
2018HU0359179,5,1,51135,3,20_29,f,civilian.employed,same.house,i.0.9999,us.born,married,no.schooling,without.disability,not.working,with.insurance,white
2018HU0359179,5,1,51235,3,50_59,f,civilian.employed,diff.us.house,i.50000.64999,us.born,never,no.schooling,without.disability,not.working,with.insurance,white
2018HU0360097,5,1,51186,3,50_59,f,not.in.labor.force,same.house,i.65000.74999,us.born,married,no.schooling,without.disability,private.profit,with.insurance,white
2018HU0360097,5,1,51096,3,40_49,m,not.in.labor.force,diff.us.house,i.35000.49999,us.born,married,no.schooling,without.disability,self.employed.no.corp,with.insurance,white
2018HU0360097,5,1,51206,3,0_9,m,not.in.labor.force,same.house,i.0.9999,us.born,divorced,no.schooling,without.disability,self.employed.corp,with.insurance,white
2018HU0361353,5,1,51135,3,80_89,f,not.in.labor.force,same.house,i.75000.99999,naturalization,never,no.schooling,without.disability,private.profit,with.insurance,white
2018HU0361353,5,1,59303,3,70_79,f,civilian.employed,same.house,i.0.9999,us.born,divorced,no.schooling,without.disability,private.profit,with.insurance,white
2018HU0367268,5,1,51175,3,10_19,f,not.in.labor.force,same.house,i.0.9999,us.born,never,no.schooling,without.disability,not.working,with.insurance,white
2018HU0367268,5,1,51125,3,50_59,f,not.in.labor.force,same.house,i.0.9999,us.born,never,no.schooling,without.disability,private.profit,with.insurance,asian
2018HU0373349,5,1,55002,3,30_39,m,civilian.employed,same.house,i.0.9999,us.born,divorced,no.schooling,without.disability,private.profit,with.insurance,white
2018HU0373349,5,1,55002,3,10_19,m,civilian.employed,same.house,i.0.9999,us.born,never,no.schooling,without.disability,not.working,with.insurance,white
2018HU0374529,5,1,51044,3,70_79,m,not.in.labor.force,same.house,i.50000.64999,puerto.rico.born,married,no.schooling,without.disability,not.working,with.insurance,asian
2018HU0374529,5,1,51120,3,40_49,m,not.in.labor.force,same.house,i.0.9999,us.born,never,no.schooling,without.disability,not.working,with.insurance,white
2018HU0374529,5,1,51096,3,0_9,f,not.in.labor.force,same.house,i.0.9999,us.born,married,private,without.disability,federal,with.insurance,asian
2018HU0374529,5,1,51084,3,20_29,f,civilian.employed,same.house,i.0.9999,us.born,married,no.schooling,without.disability,self.employed.corp,with.insurance,white
2018HU0374529,5,1,51096,3,0_9,m,civilian.employed,same.house,i.0.9999,us.born,married,no.schooling,without.disability,private.profit,with.insurance,white
2018HU0376670,5,1,55002,3,70_79,f,civilian.employed,same.house,i.0.9999,us.born,never,no.schooling,without.disability,self.employed.corp,with.insurance,white
2018HU0376670,5,1,51225,3,50_59,f,not.in.labor.force,abroad.house,i.0.9999,us.born,never,no.schooling,without.disability,self.employed.no.corp,with.insurance,asian
2018HU0377399,5,1,51167,3,20_29,m,civilian.employed,same.house,i.0.9999,naturalization,never,no.schooling,without.disability,private.profit,with.insurance,white
2018HU0377399,5,1,59303,3,40_49,f,civilian.employed,same.house,i.75000.99999,abroad.born,separated,no.schooling,without.disability,not.working,with.insurance,asian
2018HU0378885,5,1,51010,3,40_49,f,civilian.employed,same.house,i.0.9999,us.born,divorced,no.schooling,without.disability,not.working,with.insurance,white
2018HU0378885,5,1,59303,3,50_59,m,civilian.employed,same.house,i.75000.99999,us.born,never,no.schooling,without.disability,self.employed.no.corp,with.insurance,white
2018HU0378885,5,1,51040,3,70_79,f,civilian.employed,same.house,i.75000.99999,us.born,never,public,without.disability,private.profit,with.insurance,white
2018HU0378885,5,1,51225,3,50_59,f,civilian.employed,same.house,i.0.9999,us.born,never,no.schooling,without.disability,not.working,with.insurance,white
2018HU0381717,5,1,51206,3,30_39,f,civilian.employed,same.house,i.75000.99999,us.born,widowed,no.schooling,without.disability,private.profit,with.insurance,white
2018HU0381717,5,1,51085,3,20_29,f,civilian.employed,diff.us.house,i.0.9999,us.born,never,no.schooling,without.disability,private.profit,with.insurance,white
2018HU0381717,5,1,55001,3,50_59,m,civilian.employed,same.house,i.65000.74999,us.born,widowed,no.schooling,without.disability,private.no.profit,with.insurance,white
2018HU0382091,5,1,51105,3,30_39,m,not.in.labor.force,diff.us.house,i.50000.64999,us.born,married,no.schooling,without.disability,private.profit,with.insurance,white
2018HU0397301,5,1,51110,3,60_69,m,civilian.employed,diff.us.house,i.0.9999,naturalization,married,no.schooling,without.disability,private.profit,with.insurance,white
2018HU0397301,5,1,51206,3,60_69,f,civilian.employed,same.house,i.75000.99999,us.born,never,no.schooling,without.disability,not.working,with.insurance,black
2018HU0402700,5,1,51087,3,50_59,m,not.in.labor.force,same.house,i.0.9999,us.born,never,no.schooling,without.disability,private.profit,with.insurance,white
2018HU0402700,5,1,51215,3,30_39,m,not.in.labor.force,same.house,i.65000.74999,us.born,never,no.schooling,without.disability,federal,with.insurance,white
2018HU0402700,5,1,51154,3,70_79,m,civilian.employed,same.house,i.0.9999,naturalization,divorced,no.schooling,without.disability,not.working,with.insurance,white
2018HU0402700,5,1,51089,3,60_69,m,not.in.labor.force,same.house,i.0.9999,us.born,never,no.schooling,with.disability,not.working,with.insurance,white
2018HU0402700,5,1,51154,3,50_59,m,civilian.employed,diff.us.house,i.50000.64999,us.born,married,no.schooling,without.disability,private.profit,with.insurance,white
2018HU0402909,5,1,51105,3,40_49,f,civilian.employed,diff.us.house,i.0.9999,us.born,married,no.schooling,without.disability,private.profit,with.insurance,white
2018HU0402909,5,1,51090,3,30_39,f,civilian.employed,same.house,i.75000.99999,us.born,married,no.schooling,without.disability,private.profit,with.insurance,white
2018HU0402909,5,1,51235,3,20_29,m,civilian.employed,same.house,i.50000.64999,us.born,never,no.schooling,without.disability,not.working,with.insurance,two.
2018HU0406287,5,1,51087,3,20_29,f,civilian.employed,same.house,i.65000.74999,us.born,never,no.schooling,without.disability,private.profit,with.insurance,black
2018HU0408435,5,1,51090,3,0_9,f,not.in.labor.force,same.house,i.0.9999,us.born,married,private,without.disability,not.working,with.insurance,white
2018HU0408687,5,1,51020,3,0_9,f,civilian.employed,same.house,i.0.9999,us.born,separated,private,without.disability,private.profit,with.insurance,white
2018HU0409433,5,1,51125,3,80_89,m,civilian.employed,diff.us.house,i.75000.99999,us.born,married,no.schooling,without.disability,not.working,with.insurance,white
2018HU0414040,5,1,51235,3,0_9,f,not.in.labor.force,same.house,i.0.9999,us.born,divorced,no.schooling,without.disability,not.working,with.insurance,white
2018HU0416345,5,1,51135,3,50_59,m,not.in.labor.force,same.house,i.0.9999,us.born,divorced,no.schooling,without.disability,not.working,with.insurance,white
2018HU0416353,5,1,51175,3,50_59,m,civilian.employed,same.house,i.0.9999,us.born,never,public,with.disability,not.working,with.insurance,white
2018HU0416353,5,1,4101,3,40_49,f,civilian.employed,diff.us.house,i.0.9999,us.born,separated,public,without.disability,not.working,with.insurance,two.
2018HU0416353,5,1,51080,3,40_49,f,not.in.labor.force,same.house,i.0.9999,us.born,never,private,without.disability,not.working,with.insurance,black
2018HU0416353,5,1,51105,3,60_69,m,civilian.employed,same.house,i.25000.34999,us.born,married,public,without.disability,private.profit,with.insurance,white
2018HU0416353,5,1,51235,3,50_59,m,civilian.employed,same.house,i.0.9999,us.born,never,no.schooling,without.disability,not.working,with.insurance,black
2018HU0416353,5,1,51020,3,60_69,f,not.in.labor.force,same.house,i.0.9999,us.born,widowed,no.schooling,without.disability,private.profit,with.insurance,white
2018HU0416926,5,1,51044,3,40_49,m,not.in.labor.force,same.house,i.0.9999,naturalization,divorced,no.schooling,without.disability,self.employed.no.corp,with.insurance,white
2018HU0416926,5,1,51186,3,10_19,m,not.in.labor.force,same.house,i.0.9999,us.born,never,public,without.disability,not.working,with.insurance,white
2018HU0416926,5,1,51115,3,40_49,f,civilian.employed,same.house,i.75000.99999,naturalization,never,public,without.disability,not.working,with.insurance,asian
2018HU0419287,5,1,51235,3,40_49,m,not.in.labor.force,same.house,i.0.9999,us.born,married,public,without.disability,not.working,with.insurance,white
2018HU0419287,5,1,51115,3,10_19,m,not.in.labor.force,same.house,i.0.9999,us.born,never,no.schooling,without.disability,local,with.insurance,black
2018HU0419287,5,1,51154,3,10_19,m,civilian.employed,diff.us.house,i.65000.74999,us.born,married,no.schooling,without.disability,self.employed.corp,with.insurance,white
2018HU0419667,5,1,51105,3,70_79,m,unemployed,diff.us.house,i.75000.99999,naturalization,never,no.schooling,without.disability,private.profit,with.insurance,white
2018HU0419667,5,1,51175,3,0_9,m,not.in.labor.force,same.house,i.65000.74999,us.born,never,no.schooling,without.disability,not.working,with.insurance,white
2018HU0419667,5,1,51115,3,20_29,f,civilian.employed,same.house,i.75000.99999,us.born,married,no.schooling,without.disability,private.no.profit,with.insurance,white
2018HU0419667,5,1,51105,3,0_9,f,civilian.employed,same.house,i.65000.74999,naturalization,married,no.schooling,without.disability,self.employed.no.corp,with.insurance,asian
2018HU0419667,5,1,51186,3,20_29,m,not.in.labor.force,same.house,i.0.9999,us.born,married,no.schooling,without.disability,self.employed.no.corp,with.insurance,two.
2018HU0421280,5,1,51175,3,0_9,f,civilian.employed,same.house,i.0.9999,us.born,married,no.schooling,without.disability,private.profit,with.insurance,white
2018HU0421554,5,1,51040,3,40_49,f,civilian.employed,same.house,i.50000.64999,us.born,divorced,no.schooling,without.disability,private.no.profit,with.insurance,white
2018HU0421554,5,1,51215,3,70_79,f,civilian.employed,same.house,i.0.9999,us.born,divorced,no.schooling,without.disability,private.profit,with.insurance,white
2018HU0423703,5,1,51096,3,0_9,m,not.in.labor.force,same.house,i.75000.99999,us.born,married,no.schooling,without.disability,private.profit,with.insurance,white
2018HU0425826,5,1,51164,3,70_79,f,civilian.employed,same.house,i.0.9999,us.born,separated,no.schooling,without.disability,not.working,with.insurance,white
2018HU0426952,5,1,51105,3,30_39,f,civilian.employed,same.house,i.15000.24999,naturalization,married,no.schooling,without.disability,self.employed.corp,with.insurance,white
2018HU0427605,5,1,51089,3,40_49,f,not.in.labor.force,same.house,i.0.9999,naturalization,divorced,no.schooling,without.disability,not.working,with.insurance,white
2018HU0435345,5,1,51040,3,40_49,f,unemployed,diff.us.house,i.75000.99999,puerto.rico.born,married,private,without.disability,private.profit,with.insurance,white
2018HU0435345,5,1,51235,3,70_79,f,civilian.employed,same.house,i.50000.64999,us.born,divorced,no.schooling,without.disability,self.employed.no.corp,with.insurance,two.
2018HU0439544,5,1,51125,3,70_79,m,civilian.employed,same.house,i.65000.74999,us.born,married,no.schooling,without.disability,not.working,with.insurance,white
2018HU0440514,5,1,51080,3,30_39,f,civilian.employed,same.house,i.0.9999,not.citizen,separated,no.schooling,without.disability,not.working,with.insurance,white
2018HU0440514,5,1,51175,3,50_59,f,civilian.employed,diff.us.house,i.0.9999,naturalization,never,no.schooling,without.disability,federal,with.insurance,two.
2018HU0442111,5,1,51040,3,50_59,f,civilian.employed,diff.us.house,i.0.9999,us.born,never,no.schooling,without.disability,private.profit,with.insurance,white
2018HU0442111,5,1,51105,3,20_29,f,not.in.labor.force,same.house,i.75000.99999,us.born,married,public,without.disability,not.working,with.insurance,white
2018HU0443564,5,1,51154,3,70_79,f,civilian.employed,same.house,i.0.9999,us.born,never,no.schooling,without.disability,private.profit,with.insurance,white
2018HU0443564,5,1,51235,3,10_19,m,not.in.labor.force,same.house,i.50000.64999,us.born,never,no.schooling,without.disability,not.working,with.insurance,white
2018HU0449392,5,1,1301,3,40_49,f,civilian.employed,same.house,i.0.9999,us.born,never,private,without.disability,private.profit,with.insurance,white
2018HU0449716,5,1,55002,3,30_39,f,civilian.employed,same.house,i.0.9999,us.born,never,no.schooling,with.disability,federal,with.insurance,white
2018HU0449716,5,1,51167,3,40_49,m,civilian.employed,diff.us.house,i.0.9999,us.born,married,no.schooling,without.disability,not.working,without.insurance,black
2018HU0455367,5,1,51155,3,50_59,f,civilian.employed,same.house,i.75000.99999,us.born,married,no.schooling,without.disability,private.profit,with.insurance,white
2018HU0455367,5,1,51090,3,30_39,m,civilian.employed,same.house,i.50000.64999,us.born,never,no.schooling,without.disability,self.employed.no.corp,with.insurance,black
2018HU0455367,5,1,51040,3,40_49,m,not.in.labor.force,same.house,i.0.9999,naturalization,married,no.schooling,without.disability,not.working,with.insurance,white
2018HU0459773,5,1,51155,3,0_9,m,civilian.employed,diff.us.house,i.75000.99999,not.citizen,never,public,without.disability,not.working,with.insurance,white
2018HU0459773,5,1,4101,3,20_29,m,unemployed,diff.us.house,i.50000.64999,us.born,married,no.schooling,without.disability,local,with.insurance,black
2018HU0459773,5,1,51010,3,40_49,f,civilian.employed,same.house,i.0.9999,us.born,divorced,no.schooling,without.disability,local,with.insurance,white
2018HU0459773,5,1,51125,3,60_69,f,not.in.labor.force,same.house,i.0.9999,us.born,married,no.schooling,without.disability,private.profit,with.insurance,asian
2018HU0459773,5,1,51206,3,40_49,f,not.in.labor.force,same.house,i.65000.74999,us.born,never,public,without.disability,local,with.insurance,white
2018HU0459773,5,1,4102,3,50_59,m,civilian.employed,same.house,i.0.9999,naturalization,separated,no.schooling,without.disability,not.working,with.insurance,white
2018HU0459773,5,1,51206,3,50_59,f,not.in.labor.force,same.house,i.0.9999,us.born,never,no.schooling,without.disability,not.working,with.insurance,asian
2018HU0459773,5,1,51110,3,70_79,f,not.in.labor.force,same.house,i.0.9999,us.born,never,no.schooling,without.disability,private.profit,with.insurance,asian
2018HU0464188,5,1,59303,3,20_29,m,not.in.labor.force,same.house,i.0.9999,us.born,never,public,without.disability,not.working,with.insurance,white
2018HU0465961,5,1,51155,3,60_69,m,civilian.employed,same.house,i.0.9999,us.born,never,private,without.disability,private.profit,with.insurance,white
2018HU0466407,5,1,51087,3,70_79,f,not.in.labor.force,same.house,i.0.9999,puerto.rico.born,never,private,without.disability,private.no.profit,with.insurance,white
2018HU0466407,5,1,51255,3,60_69,m,not.in.labor.force,same.house,i.0.9999,us.born,never,no.schooling,without.disability,not.working,with.insurance,white
2018HU0467359,5,1,51096,3,80_89,m,unemployed,same.house,i.25000.34999,us.born,never,public,without.disability,self.employed.corp,with.insurance,white
2018HU0467359,5,1,51090,3,50_59,m,civilian.employed,same.house,i.0.9999,us.born,married,no.schooling,without.disability,private.profit,with.insurance,asian
2018HU0468478,5,1,51040,3,10_19,f,civilian.employed,same.house,i.0.9999,not.citizen,never,no.schooling,without.disability,private.profit,with.insurance,white
2018HU0468478,5,1,59303,3,60_69,f,not.in.labor.force,same.house,i.0.9999,us.born,divorced,no.schooling,without.disability,not.working,with.insurance,white
2018HU0472768,5,1,51206,3,40_49,f,not.in.labor.force,same.house,i.75000.99999,us.born,married,no.schooling,without.disability,not.working,with.insurance,white
2018HU0472768,5,1,51020,3,0_9,m,civilian.employed,same.house,i.75000.99999,us.born,separated,no.schooling,without.disability,not.working,with.insurance,white
2018HU0472768,5,1,51164,3,30_39,f,civilian.employed,same.house,i.35000.49999,us.born,divorced,no.schooling,without.disability,private.profit,with.insurance,white
2018HU0472768,5,1,51215,3,60_69,f,civilian.employed,same.house,i.0.9999,us.born,never,no.schooling,without.disability,not.working,with.insurance,white
2018HU0474961,5,1,51164,3,10_19,m,civilian.employed,same.house,i.0.9999,us.born,never,no.schooling,without.disability,private.profit,with.insurance,white
2018HU0474961,5,1,51105,3,30_39,f,not.in.labor.force,diff.us.house,i.75000.99999,us.born,married,no.schooling,without.disability,private.profit,without.insurance,white
2018HU0475563,5,1,51020,3,60_69,f,not.in.labor.force,same.house,i.75000.99999,us.born,married,no.schooling,without.disability,not.working,with.insurance,asian
2018HU0478601,5,1,51010,3,20_29,m,civilian.employed,same.house,i.75000.99999,us.born,divorced,public,without.disability,private.profit,with.insurance,white
2018HU0478601,5,1,51206,3,0_9,m,not.in.labor.force,same.house,i.0.9999,us.born,married,no.schooling,without.disability,not.working,with.insurance,white
2018HU0480308,5,1,51115,3,50_59,f,civilian.employed,same.house,i.0.9999,us.born,married,no.schooling,without.disability,federal,with.insurance,white
2018HU0480308,5,1,51097,3,40_49,f,not.in.labor.force,same.house,i.75000.99999,us.born,married,no.schooling,without.disability,private.profit,with.insurance,white
2018HU0480308,5,1,51087,3,40_49,f,civilian.employed,same.house,i.75000.99999,naturalization,divorced,no.schooling,without.disability,not.working,with.insurance,white
2018HU0480308,5,1,51135,3,30_39,m,not.in.labor.force,same.house,i.75000.99999,us.born,married,no.schooling,without.disability,private.no.profit,with.insurance,white
2018HU0480308,5,1,51040,3,40_49,f,civilian.employed,same.house,i.50000.64999,us.born,married,no.schooling,without.disability,not.working,with.insurance,white
2018HU0480308,5,1,51040,3,20_29,f,not.in.labor.force,same.house,i.0.9999,us.born,married,no.schooling,without.disability,private.profit,with.insurance,white
2018HU0480605,5,1,51245,3,30_39,f,civilian.employed,diff.us.house,i.0.9999,us.born,never,public,without.disability,private.profit,with.insurance,white
2018HU0480605,5,1,59303,3,40_49,f,civilian.employed,same.house,i.0.9999,naturalization,never,no.schooling,without.disability,self.employed.no.corp,with.insurance,asian
2018HU0480605,5,1,51235,3,50_59,m,civilian.employed,same.house,i.0.9999,us.born,divorced,no.schooling,without.disability,self.employed.no.corp,with.insurance,asian
2018HU0483892,5,1,51167,3,30_39,m,civilian.employed,diff.us.house,i.10000.14999,us.born,married,no.schooling,without.disability,not.working,with.insurance,white
2018HU0484576,5,1,51044,3,70_79,m,civilian.employed,same.house,i.10000.14999,naturalization,never,private,without.disability,private.profit,with.insurance,white
2018HU0484576,5,1,51010,3,40_49,f,not.in.labor.force,same.house,i.0.9999,us.born,never,no.schooling,without.disability,not.working,with.insurance,white
2018HU0484576,5,1,51096,3,60_69,m,civilian.employed,diff.us.house,i.0.9999,us.born,married,public,without.disability,not.working,with.insurance,white
2018HU0484576,5,1,51090,3,30_39,m,civilian.employed,same.house,i.0.9999,naturalization,married,no.schooling,without.disability,not.working,with.insurance,white
2018HU0484576,5,1,51080,3,50_59,m,not.in.labor.force,same.house,i.0.9999,us.born,never,no.schooling,without.disability,not.working,with.insurance,white
2018HU0487008,5,1,51040,3,40_49,m,civilian.employed,diff.us.house,i.75000.99999,us.born,married,no.schooling,without.disability,not.working,with.insurance,asian
2018HU0487818,5,1,51105,3,0_9,f,civilian.employed,same.house,i.0.9999,us.born,divorced,no.schooling,without.disability,self.employed.corp,with.insurance,asian
2018HU0487818,5,1,51020,3,30_39,m,not.in.labor.force,same.house,i.50000.64999,us.born,divorced,no.schooling,without.disability,not.working,with.insurance,white
2018HU0488991,5,1,51154,3,50_59,f,civilian.employed,diff.us.house,i.0.9999,us.born,married,no.schooling,without.disability,private.profit,with.insurance,white
2018HU0489358,5,1,51186,3,40_49,f,civilian.employed,same.house,i.75000.99999,us.born,married,no.schooling,without.disability,not.working,with.insurance,white
2018HU0489358,5,1,51155,3,30_39,m,civilian.employed,abroad.house,i.35000.49999,us.born,widowed,public,without.disability,private.profit,with.insurance,white
2018HU0489521,5,1,51110,3,80_89,f,civilian.employed,same.house,i.0.9999,us.born,never,public,without.disability,not.working,with.insurance,white
2018HU0489521,5,1,51044,3,20_29,f,civilian.employed,same.house,i.65000.74999,us.born,married,no.schooling,without.disability,private.profit,with.insurance,white
2018HU0492684,5,1,51164,3,50_59,f,unemployed,same.house,i.75000.99999,us.born,married,no.schooling,without.disability,private.profit,with.insurance,asian
2018HU0492684,5,1,51090,3,20_29,f,not.in.labor.force,same.house,i.0.9999,us.born,never,public,without.disability,self.employed.no.corp,with.insurance,white
2018HU0495455,5,1,51255,3,20_29,f,not.in.labor.force,same.house,i.0.9999,us.born,married,public,without.disability,private.profit,with.insurance,white
2018HU0495455,5,1,4102,3,30_39,f,civilian.employed,same.house,i.35000.49999,us.born,married,no.schooling,without.disability,private.profit,with.insurance,white
2018HU0495455,5,1,59303,3,50_59,m,civilian.employed,diff.us.house,i.0.9999,us.born,married,no.schooling,without.disability,private.profit,with.insurance,white
2018HU0502704,5,1,51040,3,50_59,m,civilian.employed,same.house,i.0.9999,us.born,divorced,no.schooling,without.disability,private.profit,with.insurance,black
2018HU0502704,5,1,51135,3,30_39,m,not.in.labor.force,same.house,i.75000.99999,us.born,widowed,no.schooling,without.disability,not.working,with.insurance,white
2018HU0502704,5,1,51115,3,10_19,m,civilian.employed,diff.us.house,i.0.9999,us.born,never,no.schooling,without.disability,not.working,with.insurance,white
2018HU0504636,5,1,51215,3,50_59,m,not.in.labor.force,same.house,i.50000.64999,us.born,never,no.schooling,with.disability,private.profit,with.insurance,white
2018HU0504636,5,1,51224,3,70_79,m,civilian.employed,same.house,i.0.9999,us.born,married,no.schooling,without.disability,private.profit,with.insurance,white
2018HU0504636,5,1,59303,3,50_59,f,civilian.employed,same.house,i.0.9999,us.born,married,no.schooling,without.disability,not.working,with.insurance,white
2018HU0504636,5,1,51154,3,0_9,m,not.in.labor.force,same.house,i.0.9999,not.citizen,married,no.schooling,with.disability,private.profit,with.insurance,asian
2018HU0504636,5,1,51154,3,20_29,m,not.in.labor.force,same.house,i.0.9999,abroad.born,married,no.schooling,without.disability,private.profit,with.insurance,white
2018HU0505822,5,1,51154,3,50_59,f,not.in.labor.force,same.house,i.0.9999,naturalization,divorced,no.schooling,without.disability,private.profit,with.insurance,white
2018HU0505822,5,1,51235,3,0_9,m,not.in.labor.force,same.house,i.0.9999,us.born,married,no.schooling,with.disability,not.working,with.insurance,white
2018HU0505822,5,1,51115,3,10_19,m,not.in.labor.force,same.house,i.0.9999,abroad.born,never,no.schooling,without.disability,private.profit,with.insurance,white
2018HU0505822,5,1,51040,3,60_69,f,civilian.employed,same.house,i.0.9999,us.born,married,private,without.disability,not.working,with.insurance,white
2018HU0505822,5,1,51120,3,40_49,m,not.in.labor.force,same.house,i.0.9999,us.born,never,no.schooling,without.disability,not.working,with.insurance,white
2018HU0505822,5,1,59305,3,10_19,f,unemployed,same.house,i.35000.49999,us.born,never,no.schooling,without.disability,not.working,with.insurance,asian
2018HU0506630,5,1,51235,3,50_59,m,not.in.labor.force,diff.us.house,i.0.9999,naturalization,never,no.schooling,without.disability,private.profit,with.insurance,white
2018HU0506630,5,1,51105,3,40_49,m,civilian.employed,same.house,i.75000.99999,us.born,married,no.schooling,without.disability,not.working,with.insurance,asian
2018HU0506630,5,1,51164,3,50_59,m,civilian.employed,same.house,i.75000.99999,us.born,widowed,no.schooling,without.disability,not.working,with.insurance,white
2018HU0506630,5,1,51215,3,60_69,f,not.in.labor.force,same.house,i.0.9999,us.born,married,no.schooling,without.disability,private.profit,with.insurance,white
2018HU0506630,5,1,51125,3,20_29,m,civilian.employed,same.house,i.0.9999,us.born,married,no.schooling,without.disability,not.working,with.insurance,white
2018HU0511269,5,1,51135,3,40_49,f,civilian.employed,same.house,i.0.9999,us.born,never,no.schooling,without.disability,private.profit,with.insurance,white
2018HU0513195,5,1,51224,3,60_69,m,not.in.labor.force,same.house,i.65000.74999,us.born,married,no.schooling,without.disability,federal,with.insurance,white
2018HU0513195,5,1,51087,3,40_49,f,not.in.labor.force,same.house,i.75000.99999,abroad.born,married,public,without.disability,not.working,with.insurance,asian
2018HU0513195,5,1,51090,3,50_59,m,civilian.employed,same.house,i.75000.99999,us.born,never,no.schooling,without.disability,not.working,with.insurance,white
2018HU0513195,5,1,1301,3,60_69,m,civilian.employed,same.house,i.0.9999,us.born,divorced,no.schooling,without.disability,not.working,with.insurance,white
2018HU0513195,5,1,51215,3,60_69,m,not.in.labor.force,abroad.house,i.50000.64999,naturalization,never,no.schooling,without.disability,not.working,with.insurance,white
2018HU0513450,5,1,51084,3,50_59,f,not.in.labor.force,same.house,i.0.9999,us.born,never,no.schooling,without.disability,not.working,with.insurance,white
2018HU0513450,5,1,51125,3,60_69,f,civilian.employed,abroad.house,i.75000.99999,naturalization,married,no.schooling,without.disability,self.employed.corp,with.insurance,white
2018HU0513450,5,1,51096,3,50_59,m,civilian.employed,diff.us.house,i.0.9999,us.born,never,no.schooling,without.disability,private.profit,with.insurance,white
2018HU0513450,5,1,51040,3,0_9,f,civilian.employed,same.house,i.0.9999,us.born,never,private,without.disability,private.profit,with.insurance,white
2018HU0513840,5,1,51080,3,20_29,f,civilian.employed,same.house,i.0.9999,us.born,separated,private,without.disability,self.employed.corp,with.insurance,asian
2018HU0513840,5,1,51245,3,70_79,f,civilian.employed,same.house,i.0.9999,us.born,married,no.schooling,without.disability,private.profit,with.insurance,white
2018HU0514463,5,1,51089,3,70_79,m,civilian.employed,same.house,i.0.9999,naturalization,widowed,no.schooling,without.disability,private.no.profit,with.insurance,black
2018HU0516020,5,1,51175,3,70_79,f,not.in.labor.force,same.house,i.0.9999,us.born,never,no.schooling,without.disability,private.profit,with.insurance,white
2018HU0516020,5,1,51175,3,50_59,f,not.in.labor.force,same.house,i.75000.99999,us.born,never,no.schooling,without.disability,not.working,with.insurance,white
2018HU0516020,5,1,1301,3,40_49,f,civilian.employed,same.house,i.0.9999,us.born,divorced,no.schooling,without.disability,self.employed.corp,with.insurance,white
2018HU0516020,5,1,59305,3,20_29,f,civilian.employed,same.house,i.65000.74999,us.born,married,no.schooling,without.disability,private.profit,with.insurance,white
2018HU0523723,5,1,51110,3,20_29,m,civilian.employed,same.house,i.0.9999,us.born,married,no.schooling,without.disability,private.profit,with.insurance,asian
2018HU0523723,5,1,51040,3,20_29,f,civilian.employed,diff.us.house,i.75000.99999,us.born,married,no.schooling,without.disability,not.working,with.insurance,white
2018HU0523723,5,1,51040,3,60_69,m,civilian.employed,same.house,i.0.9999,us.born,never,no.schooling,without.disability,private.profit,with.insurance,white
2018HU0526778,5,1,51089,3,60_69,m,civilian.employed,same.house,i.0.9999,us.born,divorced,no.schooling,without.disability,private.profit,with.insurance,white
2018HU0526778,5,1,51206,3,70_79,f,civilian.employed,same.house,i.75000.99999,naturalization,divorced,no.schooling,without.disability,private.profit,with.insurance,white
2018HU0528394,5,1,51087,3,70_79,f,not.in.labor.force,same.house,i.0.9999,us.born,married,no.schooling,without.disability,private.profit,with.insurance,white
2018HU0528394,5,1,51096,3,0_9,m,not.in.labor.force,same.house,i.35000.49999,us.born,married,no.schooling,with.disability,not.working,with.insurance,black
2018HU0531941,5,1,51105,3,40_49,f,not.in.labor.force,same.house,i.50000.64999,us.born,divorced,no.schooling,with.disability,private.profit,with.insurance,white
2018HU0531941,5,1,51010,3,60_69,f,not.in.labor.force,same.house,i.75000.99999,us.born,divorced,no.schooling,without.disability,not.working,with.insurance,white
2018HU0532365,5,1,51040,3,70_79,f,civilian.employed,same.house,i.50000.64999,us.born,married,no.schooling,without.disability,not.working,with.insurance,white
2018HU0532365,5,1,51245,3,0_9,m,not.in.labor.force,same.house,i.75000.99999,us.born,widowed,no.schooling,without.disability,private.no.profit,with.insurance,white
2018HU0534890,5,1,51045,3,40_49,f,civilian.employed,same.house,i.0.9999,us.born,married,private,without.disability,self.employed.corp,with.insurance,white
2018HU0534890,5,1,1302,3,50_59,m,civilian.employed,same.house,i.75000.99999,us.born,divorced,no.schooling,without.disability,private.profit,with.insurance,white
2018HU0535136,5,1,51010,3,70_79,m,not.in.labor.force,same.house,i.0.9999,not.citizen,married,no.schooling,without.disability,private.profit,with.insurance,white
2018HU0537697,5,1,51235,3,30_39,m,civilian.employed,same.house,i.0.9999,us.born,never,no.schooling,without.disability,private.profit,with.insurance,two.
2018HU0539048,5,1,51206,3,30_39,f,not.in.labor.force,same.house,i.65000.74999,us.born,married,no.schooling,without.disability,not.working,with.insurance,white
2018HU0539048,5,1,51097,3,40_49,f,civilian.employed,same.house,i.0.9999,us.born,never,no.schooling,without.disability,private.no.profit,with.insurance,two.
2018HU0541329,5,1,51010,3,60_69,f,civilian.employed,diff.us.house,i.0.9999,naturalization,never,no.schooling,without.disability,private.profit,without.insurance,white
2018HU0541329,5,1,51105,3,50_59,f,civilian.employed,same.house,i.25000.34999,us.born,married,no.schooling,without.disability,federal,with.insurance,white
2018HU0541329,5,1,51096,3,10_19,m,unemployed,same.house,i.0.9999,us.born,never,no.schooling,without.disability,private.profit,with.insurance,white
2018HU0545806,5,1,51040,3,30_39,m,civilian.employed,same.house,i.0.9999,not.citizen,married,no.schooling,with.disability,self.employed.corp,with.insurance,two.
2018HU0545806,5,1,51040,3,20_29,f,civilian.employed,same.house,i.75000.99999,us.born,married,public,without.disability,private.profit,with.insurance,white
2018HU0546916,5,1,59303,3,70_79,f,civilian.employed,same.house,i.0.9999,us.born,never,no.schooling,without.disability,not.working,with.insurance,white
2018HU0546916,5,1,55002,3,50_59,f,not.in.labor.force,diff.us.house,i.0.9999,us.born,divorced,no.schooling,without.disability,not.working,with.insurance,black
2018HU0546916,5,1,51044,3,40_49,f,civilian.employed,same.house,i.75000.99999,us.born,never,no.schooling,without.disability,self.employed.corp,with.insurance,white
2018HU0546916,5,1,51097,3,20_29,m,civilian.employed,same.house,i.0.9999,us.born,married,no.schooling,without.disability,not.working,with.insurance,white
2018HU0548631,5,1,51235,3,40_49,f,civilian.employed,diff.us.house,i.0.9999,us.born,divorced,no.schooling,without.disability,private.profit,with.insurance,asian
2018HU0557016,5,1,51235,3,50_59,m,civilian.employed,same.house,i.0.9999,us.born,married,no.schooling,with.disability,private.profit,with.insurance,white
2018HU0557016,5,1,51010,3,20_29,m,civilian.employed,same.house,i.0.9999,us.born,never,no.schooling,without.disability,self.employed.corp,with.insurance,white
2018HU0557488,5,1,51154,3,60_69,f,civilian.employed,same.house,i.50000.64999,us.born,divorced,no.schooling,without.disability,private.profit,with.insurance,white
2018HU0557488,5,1,51120,3,50_59,m,not.in.labor.force,same.house,i.0.9999,naturalization,married,no.schooling,without.disability,private.profit,with.insurance,white
2018HU0557488,5,1,10703,3,0_9,m,not.in.labor.force,same.house,i.75000.99999,us.born,separated,public,without.disability,not.working,with.insurance,white
2018HU0557488,5,1,51155,3,60_69,f,civilian.employed,same.house,i.0.9999,naturalization,divorced,no.schooling,without.disability,private.profit,with.insurance,white
2018HU0564959,5,1,10703,3,40_49,f,not.in.labor.force,same.house,i.75000.99999,us.born,never,no.schooling,without.disability,private.profit,with.insurance,white
2018HU0564959,5,1,51165,3,40_49,f,not.in.labor.force,diff.us.house,i.0.9999,us.born,married,no.schooling,without.disability,federal,with.insurance,white
2018HU0566367,5,1,51154,3,40_49,m,not.in.labor.force,same.house,i.50000.64999,us.born,married,no.schooling,without.disability,not.working,with.insurance,white
2018HU0571495,5,1,51096,3,40_49,f,civilian.employed,same.house,i.0.9999,us.born,divorced,public,without.disability,private.profit,with.insurance,white
2018HU0572864,5,1,51164,3,40_49,m,civilian.employed,same.house,i.75000.99999,us.born,never,no.schooling,without.disability,private.profit,with.insurance,white
2018HU0572864,5,1,51154,3,40_49,m,civilian.employed,same.house,i.0.9999,us.born,divorced,no.schooling,without.disability,federal,with.insurance,white
2018HU0572864,5,1,51096,3,50_59,m,civilian.employed,same.house,i.75000.99999,us.born,divorced,no.schooling,without.disability,private.profit,with.insurance,white
2018HU0572864,5,1,51215,3,60_69,f,not.in.labor.force,abroad.house,i.0.9999,us.born,married,no.schooling,without.disability,private.profit,with.insurance,white
2018HU0573840,5,1,51096,3,10_19,m,civilian.employed,same.house,i.0.9999,us.born,separated,no.schooling,without.disability,not.working,with.insurance,white
2018HU0573840,5,1,51084,3,50_59,m,civilian.employed,same.house,i.65000.74999,us.born,married,no.schooling,without.disability,not.working,with.insurance,white
2018HU0574116,5,1,51105,3,20_29,f,civilian.employed,same.house,i.65000.74999,us.born,married,no.schooling,with.disability,not.working,with.insurance,white
2018HU0574116,5,1,59303,3,80_89,m,civilian.employed,same.house,i.0.9999,us.born,married,no.schooling,without.disability,self.employed.corp,with.insurance,white
2018HU0577198,5,1,51084,3,30_39,f,civilian.employed,same.house,i.75000.99999,naturalization,never,no.schooling,without.disability,private.profit,with.insurance,white
2018HU0577198,5,1,51110,3,70_79,m,civilian.employed,same.house,i.0.9999,us.born,married,no.schooling,without.disability,not.working,without.insurance,white
2018HU0577198,5,1,51084,3,80_89,f,not.in.labor.force,same.house,i.50000.64999,us.born,married,no.schooling,without.disability,not.working,with.insurance,white
2018HU0579613,5,1,51090,3,30_39,f,civilian.employed,diff.us.house,i.75000.99999,us.born,divorced,public,without.disability,not.working,with.insurance,white
2018HU0579613,5,1,4101,3,80_89,m,civilian.employed,diff.us.house,i.65000.74999,us.born,married,no.schooling,without.disability,not.working,with.insurance,two.
2018HU0579613,5,1,4102,3,50_59,f,civilian.employed,same.house,i.0.9999,us.born,never,no.schooling,without.disability,not.working,with.insurance,black
2018HU0579681,5,1,51135,3,50_59,f,civilian.employed,diff.us.house,i.50000.64999,us.born,never,no.schooling,without.disability,not.working,with.insurance,white
2018HU0579681,5,1,51040,3,70_79,f,civilian.employed,same.house,i.65000.74999,us.born,married,no.schooling,without.disability,not.working,with.insurance,white
2018HU0579681,5,1,51154,3,60_69,f,civilian.employed,same.house,i.0.9999,us.born,married,no.schooling,with.disability,local,with.insurance,two.
2018HU0579681,5,1,51110,3,30_39,f,civilian.employed,same.house,i.0.9999,us.born,never,no.schooling,without.disability,private.profit,with.insurance,white
2018HU0581845,5,1,51165,3,20_29,m,civilian.employed,same.house,i.0.9999,us.born,married,no.schooling,without.disability,private.profit,with.insurance,black
2018HU0581845,5,1,51154,3,40_49,f,civilian.employed,same.house,i.75000.99999,naturalization,married,no.schooling,without.disability,private.profit,with.insurance,white
2018HU0581845,5,1,51224,3,40_49,f,not.in.labor.force,abroad.house,i.0.9999,us.born,never,no.schooling,without.disability,private.profit,with.insurance,white
2018HU0581845,5,1,51020,3,70_79,m,civilian.employed,same.house,i.0.9999,us.born,divorced,public,without.disability,private.profit,with.insurance,black
2018HU0594243,5,1,51175,3,20_29,f,unemployed,same.house,i.0.9999,us.born,never,no.schooling,without.disability,not.working,with.insurance,white
2018HU0594243,5,1,51154,3,40_49,m,civilian.employed,same.house,i.0.9999,us.born,married,no.schooling,without.disability,not.working,with.insurance,white
2018HU0595108,5,1,51096,3,60_69,f,civilian.employed,same.house,i.0.9999,us.born,never,private,without.disability,self.employed.no.corp,with.insurance,white
2018HU0595108,5,1,51154,3,50_59,f,civilian.employed,diff.us.house,i.0.9999,us.born,married,no.schooling,without.disability,not.working,with.insurance,white
2018HU0595108,5,1,51235,3,60_69,m,not.in.labor.force,same.house,i.75000.99999,us.born,never,no.schooling,without.disability,not.working,with.insurance,white
2018HU0595108,5,1,51105,3,30_39,m,unemployed,same.house,i.0.9999,us.born,married,no.schooling,without.disability,local,with.insurance,white
2018HU0595108,5,1,51090,3,40_49,m,unemployed,same.house,i.75000.99999,naturalization,married,no.schooling,without.disability,not.working,with.insurance,asian
2018HU0596917,5,1,51154,3,20_29,m,not.in.labor.force,same.house,i.65000.74999,us.born,married,no.schooling,without.disability,not.working,with.insurance,white
2018HU0596917,5,1,51080,3,60_69,m,not.in.labor.force,same.house,i.75000.99999,us.born,married,private,without.disability,federal,with.insurance,white
2018HU0598321,5,1,51097,3,10_19,m,not.in.labor.force,same.house,i.0.9999,not.citizen,married,no.schooling,without.disability,not.working,with.insurance,white
2018HU0598321,5,1,51215,3,40_49,m,civilian.employed,same.house,i.75000.99999,us.born,never,no.schooling,without.disability,private.profit,with.insurance,white
2018HU0599341,5,1,51105,3,20_29,m,not.in.labor.force,abroad.house,i.50000.64999,us.born,divorced,private,without.disability,federal,with.insurance,white
2018HU0599341,5,1,51087,3,50_59,f,unemployed,same.house,i.0.9999,us.born,married,no.schooling,without.disability,private.profit,with.insurance,white
2018HU0604886,5,1,51135,3,60_69,m,not.in.labor.force,same.house,i.0.9999,us.born,married,no.schooling,without.disability,private.no.profit,with.insurance,white
2018HU0605940,5,1,59302,3,10_19,f,civilian.employed,same.house,i.0.9999,us.born,divorced,no.schooling,without.disability,not.working,with.insurance,white
2018HU0605940,5,1,51045,3,40_49,f,not.in.labor.force,same.house,i.0.9999,us.born,never,no.schooling,without.disability,federal,with.insurance,white
2018HU0605940,5,1,51110,3,50_59,f,civilian.employed,same.house,i.75000.99999,us.born,married,no.schooling,without.disability,not.working,with.insurance,white
2018HU0609937,5,1,51135,3,0_9,f,civilian.employed,same.house,i.0.9999,us.born,married,no.schooling,without.disability,local,with.insurance,white
2018HU0609937,5,1,51044,3,50_59,f,civilian.employed,same.house,i.75000.99999,us.born,divorced,no.schooling,without.disability,not.working,with.insurance,white
2018HU0617554,5,1,51020,3,20_29,m,civilian.employed,same.house,i.35000.49999,us.born,married,no.schooling,without.disability,not.working,with.insurance,two.
2018HU0617554,5,1,51164,3,50_59,m,civilian.employed,same.house,i.75000.99999,us.born,widowed,no.schooling,without.disability,private.profit,with.insurance,white
2018HU0626970,5,1,51097,3,60_69,f,civilian.employed,same.house,i.0.9999,us.born,divorced,no.schooling,without.disability,private.profit,with.insurance,white
2018HU0626970,5,1,51206,3,30_39,f,civilian.employed,same.house,i.65000.74999,us.born,married,no.schooling,without.disability,local,with.insurance,white
2018HU0626970,5,1,55002,3,60_69,m,not.in.labor.force,same.house,i.0.9999,us.born,married,no.schooling,with.disability,state,with.insurance,white
2018HU0628332,5,1,1301,3,30_39,m,civilian.employed,diff.us.house,i.0.9999,us.born,never,no.schooling,without.disability,not.working,with.insurance,white
2018HU0629753,5,1,51135,3,50_59,f,not.in.labor.force,abroad.house,i.35000.49999,naturalization,never,no.schooling,without.disability,private.profit,with.insurance,black
2018HU0629753,5,1,51135,3,10_19,m,not.in.labor.force,same.house,i.0.9999,us.born,never,no.schooling,without.disability,not.working,with.insurance,white
2018HU0633888,5,1,51040,3,30_39,f,not.in.labor.force,same.house,i.0.9999,naturalization,never,no.schooling,without.disability,private.profit,with.insurance,white
2018HU0633888,5,1,51164,3,0_9,f,not.in.labor.force,same.house,i.0.9999,us.born,divorced,no.schooling,without.disability,private.profit,with.insurance,white
2018HU0633888,5,1,4103,3,50_59,m,not.in.labor.force,same.house,i.0.9999,us.born,married,no.schooling,without.disability,not.working,without.insurance,white
2018HU0633888,5,1,51235,3,50_59,f,not.in.labor.force,same.house,i.0.9999,us.born,divorced,no.schooling,without.disability,self.employed.no.corp,with.insurance,white
2018HU0633888,5,1,51010,3,60_69,m,civilian.employed,same.house,i.50000.64999,us.born,never,no.schooling,without.disability,private.profit,with.insurance,white
2018HU0637786,5,1,51224,3,70_79,f,civilian.employed,same.house,i.0.9999,naturalization,never,no.schooling,without.disability,not.working,with.insurance,asian
2018HU0639257,5,1,51235,3,40_49,f,not.in.labor.force,same.house,i.35000.49999,us.born,married,no.schooling,without.disability,not.working,with.insurance,white
2018HU0641898,5,1,51010,3,30_39,f,not.in.labor.force,same.house,i.0.9999,us.born,never,no.schooling,without.disability,private.profit,with.insurance,white
2018HU0641898,5,1,51096,3,0_9,f,civilian.employed,same.house,i.0.9999,us.born,married,no.schooling,without.disability,not.working,with.insurance,white
2018HU0641898,5,1,51020,3,60_69,f,not.in.labor.force,same.house,i.0.9999,us.born,never,no.schooling,without.disability,not.working,with.insurance,white
2018HU0645901,5,1,51164,3,40_49,f,not.in.labor.force,diff.us.house,i.75000.99999,abroad.born,married,no.schooling,without.disability,not.working,with.insurance,white
2018HU0645901,5,1,51105,3,0_9,f,civilian.employed,same.house,i.50000.64999,us.born,never,public,without.disability,not.working,with.insurance,white
2018HU0645901,5,1,51154,3,20_29,f,not.in.labor.force,same.house,i.0.9999,us.born,widowed,no.schooling,without.disability,not.working,with.insurance,white
2018HU0646071,5,1,51154,3,20_29,m,not.in.labor.force,same.house,i.0.9999,us.born,married,no.schooling,without.disability,not.working,with.insurance,white
2018HU0647386,5,1,51235,3,50_59,f,not.in.labor.force,same.house,i.0.9999,naturalization,never,no.schooling,without.disability,private.profit,with.insurance,white
2018HU0647386,5,1,59303,3,0_9,f,civilian.employed,same.house,i.75000.99999,us.born,never,public,without.disability,not.working,with.insurance,asian
2018HU0647386,5,1,51110,3,80_89,m,not.in.labor.force,same.house,i.65000.74999,us.born,never,no.schooling,without.disability,not.working,with.insurance,white
2018HU0647386,5,1,51225,3,0_9,f,civilian.employed,same.house,i.75000.99999,naturalization,never,no.schooling,without.disability,private.profit,with.insurance,white
2018HU0648418,5,1,59303,3,30_39,f,civilian.employed,diff.us.house,i.0.9999,us.born,divorced,no.schooling,without.disability,private.profit,with.insurance,white
2018HU0648418,5,1,51135,3,50_59,f,civilian.employed,same.house,i.75000.99999,us.born,never,private,without.disability,federal,with.insurance,white
2018HU0648418,5,1,59305,3,50_59,f,civilian.employed,same.house,i.50000.64999,us.born,married,no.schooling,without.disability,private.profit,with.insurance,white
2018HU0648625,5,1,51235,3,50_59,f,civilian.employed,abroad.house,i.0.9999,naturalization,married,no.schooling,without.disability,not.working,with.insurance,white
2018HU0650679,5,1,51096,3,60_69,f,civilian.employed,abroad.house,i.75000.99999,naturalization,divorced,no.schooling,without.disability,not.working,with.insurance,asian
2018HU0651005,5,1,51096,3,0_9,m,civilian.employed,same.house,i.50000.64999,us.born,never,public,without.disability,private.profit,with.insurance,white
2018HU0651005,5,1,51206,3,50_59,m,civilian.employed,same.house,i.65000.74999,naturalization,married,no.schooling,without.disability,private.profit,with.insurance,white
2018HU0651005,5,1,51096,3,0_9,m,not.in.labor.force,same.house,i.0.9999,us.born,married,no.schooling,without.disability,not.working,with.insurance,asian
2018HU0651005,5,1,51145,3,0_9,m,not.in.labor.force,same.house,i.0.9999,us.born,married,no.schooling,without.disability,not.working,with.insurance,white
2018HU0652775,5,1,51135,3,60_69,f,civilian.employed,same.house,i.0.9999,us.born,never,no.schooling,without.disability,federal,with.insurance,asian
2018HU0652775,5,1,51175,3,40_49,f,civilian.employed,same.house,i.0.9999,us.born,widowed,no.schooling,without.disability,self.employed.no.corp,with.insurance,white
2018HU0652775,5,1,51090,3,50_59,m,civilian.employed,same.house,i.65000.74999,us.born,married,no.schooling,without.disability,not.working,with.insurance,black
2018HU0652775,5,1,51110,3,60_69,f,not.in.labor.force,same.house,i.0.9999,us.born,never,no.schooling,with.disability,not.working,with.insurance,asian
2018HU0652775,5,1,51186,3,60_69,f,not.in.labor.force,same.house,i.0.9999,naturalization,never,no.schooling,without.disability,local,with.insurance,black
2018HU0653079,5,1,51010,3,60_69,f,civilian.employed,same.house,i.0.9999,us.born,married,no.schooling,without.disability,federal,with.insurance,asian
2018HU0653079,5,1,51085,3,30_39,m,civilian.employed,same.house,i.75000.99999,us.born,married,public,without.disability,private.profit,with.insurance,asian
2018HU0667163,5,1,51105,3,50_59,f,not.in.labor.force,same.house,i.0.9999,us.born,divorced,no.schooling,without.disability,federal,with.insurance,white
2018HU0669254,5,1,1302,3,60_69,f,not.in.labor.force,same.house,i.0.9999,us.born,never,no.schooling,without.disability,private.profit,with.insurance,white
2018HU0669254,5,1,51105,3,0_9,m,civilian.employed,same.house,i.75000.99999,us.born,divorced,no.schooling,without.disability,private.profit,with.insurance,asian
2018HU0674612,5,1,51135,3,0_9,m,not.in.labor.force,diff.us.house,i.0.9999,naturalization,married,no.schooling,without.disability,private.no.profit,with.insurance,white
2018HU0674612,5,1,51080,3,0_9,f,not.in.labor.force,same.house,i.0.9999,us.born,never,no.schooling,without.disability,private.profit,with.insurance,white
2018HU0674612,5,1,59303,3,60_69,m,not.in.labor.force,same.house,i.0.9999,us.born,never,no.schooling,without.disability,not.working,with.insurance,white
2018HU0674612,5,1,51215,3,40_49,m,civilian.employed,same.house,i.0.9999,us.born,married,no.schooling,without.disability,not.working,with.insurance,white
2018HU0685515,5,1,55002,3,60_69,m,civilian.employed,same.house,i.75000.99999,us.born,never,no.schooling,without.disability,private.profit,with.insurance,white
2018HU0685515,5,1,51097,3,30_39,f,civilian.employed,diff.us.house,i.0.9999,us.born,married,no.schooling,without.disability,private.profit,with.insurance,white
2018HU0685515,5,1,51235,3,30_39,m,civilian.employed,same.house,i.50000.64999,us.born,divorced,no.schooling,without.disability,not.working,with.insurance,white
2018HU0689180,5,1,51045,3,40_49,f,civilian.employed,diff.us.house,i.0.9999,us.born,never,public,without.disability,not.working,with.insurance,white
2018HU0691880,5,1,51045,3,30_39,m,not.in.labor.force,same.house,i.75000.99999,us.born,divorced,no.schooling,without.disability,not.working,with.insurance,white
2018HU0691880,5,1,51044,3,50_59,m,civilian.employed,same.house,i.75000.99999,us.born,married,no.schooling,without.disability,not.working,with.insurance,white
2018HU0695012,5,1,51154,3,20_29,f,not.in.labor.force,same.house,i.50000.64999,us.born,married,no.schooling,without.disability,private.profit,with.insurance,black
2018HU0695012,5,1,51096,3,0_9,f,unemployed,same.house,i.75000.99999,us.born,widowed,no.schooling,without.disability,not.working,with.insurance,white
2018HU0695012,5,1,51080,3,40_49,f,civilian.employed,same.house,i.75000.99999,not.citizen,married,no.schooling,without.disability,not.working,with.insurance,white
2018HU0695440,5,1,51105,3,30_39,f,civilian.employed,same.house,i.0.9999,us.born,married,no.schooling,without.disability,private.profit,with.insurance,white
2018HU0695440,5,1,51110,3,20_29,f,civilian.employed,diff.us.house,i.50000.64999,us.born,married,no.schooling,without.disability,private.profit,with.insurance,white
2018HU0695440,5,1,51040,3,40_49,f,civilian.employed,same.house,i.75000.99999,us.born,married,no.schooling,without.disability,self.employed.corp,with.insurance,asian
2018HU0695440,5,1,51105,3,10_19,m,civilian.employed,same.house,i.75000.99999,us.born,never,no.schooling,without.disability,self.employed.no.corp,with.insurance,black
2018HU0702349,5,1,51087,3,60_69,f,not.in.labor.force,same.house,i.75000.99999,us.born,married,no.schooling,with.disability,not.working,with.insurance,white
2018HU0702349,5,1,51040,3,30_39,m,civilian.employed,same.house,i.50000.64999,us.born,married,public,with.disability,not.working,with.insurance,white
2018HU0702349,5,1,51215,3,60_69,f,civilian.employed,diff.us.house,i.0.9999,us.born,married,no.schooling,without.disability,private.profit,with.insurance,white
2018HU0702349,5,1,51040,3,30_39,m,not.in.labor.force,same.house,i.50000.64999,us.born,never,no.schooling,without.disability,private.profit,with.insurance,white
2018HU0702349,5,1,51235,3,20_29,m,civilian.employed,diff.us.house,i.0.9999,us.born,never,no.schooling,without.disability,private.profit,with.insurance,asian
2018HU0704314,5,1,59303,3,50_59,f,civilian.employed,same.house,i.0.9999,us.born,never,public,without.disability,not.working,with.insurance,asian
2018HU0704314,5,1,51175,3,20_29,f,civilian.employed,same.house,i.0.9999,us.born,divorced,no.schooling,without.disability,not.working,with.insurance,asian
2018HU0704314,5,1,51255,3,0_9,f,civilian.employed,same.house,i.0.9999,us.born,married,no.schooling,without.disability,not.working,with.insurance,white
2018HU0704314,5,1,51010,3,20_29,f,civilian.employed,diff.us.house,i.50000.64999,us.born,married,no.schooling,without.disability,private.profit,with.insurance,asian
2018HU0704314,5,1,51085,3,40_49,f,not.in.labor.force,same.house,i.0.9999,us.born,married,no.schooling,without.disability,private.profit,with.insurance,white
2018HU0707325,5,1,51225,3,40_49,m,civilian.employed,same.house,i.0.9999,us.born,never,no.schooling,without.disability,private.profit,with.insurance,asian
2018HU0707325,5,1,51167,3,10_19,f,civilian.employed,same.house,i.75000.99999,us.born,married,no.schooling,without.disability,private.profit,with.insurance,white
2018HU0707325,5,1,51110,3,60_69,m,civilian.employed,same.house,i.0.9999,us.born,married,no.schooling,without.disability,not.working,with.insurance,asian
2018HU0707325,5,1,55002,3,0_9,m,civilian.employed,diff.us.house,i.0.9999,us.born,married,public,without.disability,not.working,with.insurance,two.
2018HU0707325,5,1,51097,3,30_39,f,civilian.employed,same.house,i.0.9999,us.born,married,no.schooling,without.disability,not.working,with.insurance,white
2018HU0710042,5,1,51096,3,60_69,f,civilian.employed,same.house,i.0.9999,not.citizen,married,no.schooling,without.disability,private.profit,with.insurance,white
2018HU0710042,5,1,51175,3,60_69,f,not.in.labor.force,same.house,i.0.9999,us.born,married,no.schooling,without.disability,not.working,without.insurance,white
2018HU0710496,5,1,55002,3,20_29,m,civilian.employed,same.house,i.0.9999,us.born,never,no.schooling,without.disability,not.working,with.insurance,white
2018HU0710496,5,1,51080,3,40_49,f,civilian.employed,diff.us.house,i.75000.99999,us.born,married,no.schooling,without.disability,private.profit,with.insurance,white
2018HU0711993,5,1,51096,3,40_49,f,civilian.employed,same.house,i.0.9999,puerto.rico.born,married,no.schooling,without.disability,federal,with.insurance,white
2018HU0711993,5,1,51235,3,0_9,f,civilian.employed,same.house,i.0.9999,us.born,divorced,no.schooling,without.disability,not.working,with.insurance,white
2018HU0713798,5,1,51040,3,60_69,f,not.in.labor.force,same.house,i.65000.74999,us.born,married,no.schooling,without.disability,not.working,with.insurance,white
2018HU0713798,5,1,4102,3,40_49,f,not.in.labor.force,same.house,i.0.9999,us.born,married,no.schooling,without.disability,federal,with.insurance,white
2018HU0713798,5,1,51175,3,10_19,f,civilian.employed,same.house,i.75000.99999,not.citizen,widowed,no.schooling,without.disability,not.working,with.insurance,white
2018HU0719763,5,1,51186,3,40_49,f,civilian.employed,diff.us.house,i.75000.99999,us.born,married,no.schooling,without.disability,not.working,with.insurance,white
2018HU0719763,5,1,51167,3,50_59,f,civilian.employed,same.house,i.35000.49999,us.born,married,no.schooling,without.disability,federal,with.insurance,white
2018HU0721057,5,1,51090,3,40_49,f,civilian.employed,diff.us.house,i.65000.74999,us.born,never,no.schooling,without.disability,self.employed.no.corp,with.insurance,white
2018HU0723196,5,1,51135,3,20_29,f,civilian.employed,same.house,i.0.9999,us.born,never,no.schooling,without.disability,not.working,with.insurance,white
2018HU0723527,5,1,51090,3,20_29,f,civilian.employed,diff.us.house,i.0.9999,us.born,married,no.schooling,without.disability,not.working,without.insurance,white
2018HU0728445,5,1,51154,3,10_19,f,not.in.labor.force,same.house,i.75000.99999,us.born,married,no.schooling,without.disability,not.working,with.insurance,white
2018HU0728445,5,1,51135,3,70_79,f,civilian.employed,diff.us.house,i.0.9999,naturalization,divorced,no.schooling,without.disability,federal,with.insurance,white
2018HU0733140,5,1,51010,3,20_29,m,civilian.employed,same.house,i.0.9999,us.born,married,no.schooling,without.disability,private.profit,with.insurance,white
2018HU0733140,5,1,51096,3,50_59,f,civilian.employed,same.house,i.0.9999,us.born,married,no.schooling,without.disability,federal,with.insurance,white
2018HU0733140,5,1,51105,3,20_29,m,civilian.employed,same.house,i.0.9999,us.born,separated,no.schooling,without.disability,not.working,with.insurance,white
2018HU0733140,5,1,51154,3,80_89,f,not.in.labor.force,diff.us.house,i.0.9999,us.born,never,public,without.disability,local,with.insurance,white
2018HU0733140,5,1,51215,3,60_69,m,civilian.employed,same.house,i.0.9999,us.born,never,public,with.disability,not.working,with.insurance,white
2018HU0733777,5,1,51040,3,50_59,f,not.in.labor.force,same.house,i.75000.99999,us.born,never,no.schooling,without.disability,not.working,with.insurance,white
2018HU0734075,5,1,51010,3,50_59,f,civilian.employed,same.house,i.0.9999,us.born,never,no.schooling,without.disability,local,with.insurance,white
2018HU0734519,5,1,51089,3,60_69,m,not.in.labor.force,same.house,i.75000.99999,us.born,separated,no.schooling,without.disability,private.profit,with.insurance,white
2018HU0734519,5,1,51175,3,0_9,m,not.in.labor.force,same.house,i.0.9999,us.born,never,no.schooling,with.disability,private.profit,with.insurance,white
2018HU0734519,5,1,51164,3,40_49,m,civilian.employed,same.house,i.75000.99999,us.born,never,no.schooling,with.disability,not.working,with.insurance,white
2018HU0734519,5,1,51110,3,50_59,m,not.in.labor.force,same.house,i.0.9999,us.born,married,no.schooling,without.disability,not.working,with.insurance,white
2018HU0734519,5,1,51125,3,30_39,f,civilian.employed,same.house,i.0.9999,naturalization,married,no.schooling,without.disability,private.profit,with.insurance,white
2018HU0739158,5,1,51135,3,0_9,f,civilian.employed,diff.us.house,i.75000.99999,us.born,never,public,without.disability,private.profit,with.insurance,white
2018HU0739158,5,1,51145,3,80_89,m,not.in.labor.force,same.house,i.50000.64999,us.born,married,no.schooling,without.disability,not.working,with.insurance,asian
2018HU0739158,5,1,51154,3,70_79,m,not.in.labor.force,same.house,i.0.9999,naturalization,married,no.schooling,without.disability,not.working,with.insurance,white
2018HU0739158,5,1,55002,3,50_59,f,civilian.employed,same.house,i.75000.99999,us.born,married,no.schooling,without.disability,private.profit,with.insurance,white
2018HU0739158,5,1,51090,3,30_39,m,not.in.labor.force,diff.us.house,i.0.9999,us.born,married,no.schooling,without.disability,not.working,with.insurance,white
2018HU0740815,5,1,51040,3,0_9,m,not.in.labor.force,same.house,i.50000.64999,us.born,married,no.schooling,without.disability,not.working,with.insurance,white
2018HU0740815,5,1,51040,3,20_29,f,civilian.employed,same.house,i.50000.64999,us.born,married,no.schooling,without.disability,private.profit,with.insurance,white
2018HU0740815,5,1,51215,3,50_59,m,civilian.employed,same.house,i.0.9999,us.born,separated,no.schooling,without.disability,private.profit,with.insurance,white
2018HU0745540,5,1,51235,3,20_29,f,civilian.employed,same.house,i.0.9999,us.born,never,no.schooling,without.disability,not.working,with.insurance,white
2018HU0745540,5,1,51010,3,40_49,f,civilian.employed,same.house,i.75000.99999,us.born,divorced,no.schooling,without.disability,federal,with.insurance,asian
2018HU0747212,5,1,51010,3,0_9,f,civilian.employed,same.house,i.75000.99999,us.born,married,no.schooling,without.disability,not.working,with.insurance,white
2018HU0747212,5,1,59303,3,60_69,f,civilian.employed,same.house,i.75000.99999,us.born,divorced,no.schooling,without.disability,private.profit,with.insurance,white
2018HU0750435,5,1,51235,3,50_59,f,unemployed,same.house,i.0.9999,naturalization,never,no.schooling,without.disability,not.working,with.insurance,white
2018HU0754484,5,1,4103,3,20_29,f,civilian.employed,same.house,i.65000.74999,us.born,widowed,no.schooling,without.disability,not.working,with.insurance,asian
2018HU0754484,5,1,51040,3,80_89,m,civilian.employed,same.house,i.0.9999,us.born,married,no.schooling,without.disability,not.working,with.insurance,black
2018HU0754944,5,1,51097,3,60_69,m,civilian.employed,same.house,i.75000.99999,naturalization,never,no.schooling,without.disability,not.working,with.insurance,asian
2018HU0754944,5,1,51155,3,60_69,f,civilian.employed,same.house,i.0.9999,us.born,married,private,without.disability,private.no.profit,with.insurance,white
2018HU0754944,5,1,51097,3,50_59,m,not.in.labor.force,diff.us.house,i.75000.99999,us.born,divorced,public,without.disability,private.profit,with.insurance,white
2018HU0757605,5,1,51255,3,70_79,m,civilian.employed,same.house,i.75000.99999,not.citizen,never,no.schooling,without.disability,private.profit,with.insurance,white
2018HU0757851,5,1,51110,3,50_59,m,civilian.employed,same.house,i.25000.34999,not.citizen,married,no.schooling,without.disability,not.working,with.insurance,white
2018HU0757851,5,1,51215,3,50_59,f,civilian.employed,same.house,i.0.9999,us.born,never,no.schooling,without.disability,private.profit,with.insurance,white
2018HU0757851,5,1,51105,3,40_49,m,civilian.employed,same.house,i.75000.99999,us.born,never,public,without.disability,not.working,with.insurance,white
2018HU0760785,5,1,51125,3,80_89,f,not.in.labor.force,same.house,i.75000.99999,us.born,married,no.schooling,without.disability,private.no.profit,with.insurance,white
2018HU0760785,5,1,51155,3,70_79,m,not.in.labor.force,same.house,i.65000.74999,us.born,married,no.schooling,without.disability,private.profit,with.insurance,white
2018HU0761476,5,1,51080,3,30_39,m,civilian.employed,same.house,i.0.9999,us.born,divorced,private,without.disability,private.profit,with.insurance,white
2018HU0761476,5,1,51097,3,60_69,m,not.in.labor.force,same.house,i.0.9999,us.born,married,no.schooling,without.disability,self.employed.corp,with.insurance,white
2018HU0761476,5,1,51110,3,50_59,f,civilian.employed,same.house,i.0.9999,naturalization,married,public,without.disability,not.working,with.insurance,white
2018HU0763448,5,1,51040,3,50_59,f,unemployed,same.house,i.0.9999,us.born,divorced,private,without.disability,private.profit,with.insurance,white
2018HU0763448,5,1,51235,3,60_69,m,not.in.labor.force,same.house,i.75000.99999,us.born,never,no.schooling,without.disability,not.working,with.insurance,white
2018HU0763843,5,1,51175,3,30_39,f,civilian.employed,same.house,i.75000.99999,us.born,widowed,no.schooling,without.disability,not.working,with.insurance,white
2018HU0770385,5,1,51235,3,20_29,f,not.in.labor.force,same.house,i.0.9999,us.born,married,public,without.disability,not.working,with.insurance,white
2018HU0770437,5,1,51090,3,10_19,f,not.in.labor.force,diff.us.house,i.0.9999,us.born,married,public,without.disability,self.employed.no.corp,with.insurance,white
2018HU0770437,5,1,51154,3,60_69,m,civilian.employed,same.house,i.65000.74999,us.born,married,private,without.disability,self.employed.no.corp,with.insurance,white
2018HU0770437,5,1,51089,3,10_19,f,not.in.labor.force,same.house,i.0.9999,us.born,married,no.schooling,without.disability,self.employed.no.corp,with.insurance,white
2018HU0770437,5,1,1301,3,0_9,f,civilian.employed,same.house,i.75000.99999,us.born,divorced,no.schooling,without.disability,private.no.profit,with.insurance,white
2018HU0770614,5,1,51154,3,10_19,m,civilian.employed,same.house,i.0.9999,us.born,married,no.schooling,without.disability,not.working,with.insurance,white
2018HU0776702,5,1,51040,3,0_9,f,unemployed,abroad.house,i.75000.99999,us.born,never,private,without.disability,self.employed.no.corp,with.insurance,white
2018HU0776702,5,1,51080,3,70_79,f,not.in.labor.force,same.house,i.75000.99999,us.born,separated,no.schooling,without.disability,private.no.profit,with.insurance,asian
2018HU0785824,5,1,51164,3,40_49,m,civilian.employed,same.house,i.75000.99999,us.born,married,private,without.disability,private.profit,with.insurance,white
2018HU0786715,5,1,59309,3,30_39,f,civilian.employed,same.house,i.0.9999,us.born,never,no.schooling,without.disability,private.no.profit,with.insurance,white
2018HU0786715,5,1,51090,3,0_9,f,civilian.employed,diff.us.house,i.0.9999,us.born,married,no.schooling,without.disability,private.profit,with.insurance,white
2018HU0788571,5,1,51044,3,30_39,f,civilian.employed,same.house,i.75000.99999,us.born,married,no.schooling,without.disability,private.profit,with.insurance,white
2018HU0790492,5,1,51044,3,60_69,f,not.in.labor.force,same.house,i.0.9999,us.born,married,no.schooling,with.disability,private.profit,with.insurance,white
2018HU0793720,5,1,51215,3,0_9,f,not.in.labor.force,same.house,i.0.9999,us.born,never,public,without.disability,private.no.profit,with.insurance,white
2018HU0793720,5,1,51090,3,30_39,m,not.in.labor.force,same.house,i.75000.99999,us.born,never,no.schooling,without.disability,not.working,with.insurance,asian
2018HU0793720,5,1,51097,3,40_49,f,civilian.employed,same.house,i.0.9999,us.born,never,no.schooling,without.disability,not.working,with.insurance,white
2018HU0793720,5,1,51215,3,70_79,f,not.in.labor.force,same.house,i.0.9999,us.born,married,no.schooling,without.disability,private.profit,with.insurance,white
2018HU0793720,5,1,51215,3,50_59,f,civilian.employed,same.house,i.0.9999,us.born,married,no.schooling,without.disability,federal,with.insurance,white
2018HU0793720,5,1,51110,3,0_9,f,civilian.employed,same.house,i.75000.99999,us.born,married,no.schooling,without.disability,not.working,with.insurance,white
2018HU0797806,5,1,51154,3,20_29,m,not.in.labor.force,same.house,i.65000.74999,us.born,married,no.schooling,without.disability,not.working,with.insurance,white
2018HU0799104,5,1,51096,3,20_29,f,civilian.employed,same.house,i.75000.99999,us.born,never,no.schooling,without.disability,private.no.profit,with.insurance,white
2018HU0799104,5,1,51040,3,60_69,f,civilian.employed,same.house,i.50000.64999,not.citizen,married,no.schooling,without.disability,not.working,with.insurance,asian
2018HU0799104,5,1,4103,3,40_49,m,not.in.labor.force,same.house,i.0.9999,not.citizen,married,no.schooling,without.disability,private.no.profit,with.insurance,white
2018HU0799104,5,1,1301,3,40_49,m,not.in.labor.force,same.house,i.0.9999,naturalization,never,no.schooling,without.disability,private.profit,with.insurance,white
2018HU0799104,5,1,51010,3,30_39,m,not.in.labor.force,same.house,i.50000.64999,us.born,never,no.schooling,without.disability,federal,with.insurance,white
2018HU0799104,5,1,51089,3,80_89,m,civilian.employed,same.house,i.50000.64999,us.born,never,private,without.disability,not.working,with.insurance,white
2018HU0799104,5,1,51154,3,20_29,f,civilian.employed,same.house,i.0.9999,us.born,married,no.schooling,without.disability,private.profit,with.insurance,white
2018HU0799379,5,1,51154,3,20_29,m,not.in.labor.force,same.house,i.50000.64999,us.born,never,no.schooling,without.disability,not.working,with.insurance,white
2018HU0799379,5,1,51040,3,50_59,m,civilian.employed,same.house,i.0.9999,us.born,married,no.schooling,without.disability,private.profit,with.insurance,asian
2018HU0803307,5,1,55002,3,50_59,f,civilian.employed,same.house,i.50000.64999,us.born,never,public,without.disability,not.working,with.insurance,asian
2018HU0803307,5,1,55002,3,20_29,f,civilian.employed,diff.us.house,i.0.9999,us.born,never,no.schooling,without.disability,private.profit,with.insurance,white
2018HU0803307,5,1,51175,3,30_39,f,civilian.employed,same.house,i.0.9999,us.born,married,no.schooling,without.disability,not.working,with.insurance,black
2018HU0807698,5,1,51224,3,50_59,m,civilian.employed,same.house,i.0.9999,naturalization,never,no.schooling,without.disability,not.working,with.insurance,white
2018HU0807698,5,1,51080,3,20_29,m,not.in.labor.force,same.house,i.65000.74999,us.born,divorced,no.schooling,without.disability,not.working,with.insurance,white
2018HU0807698,5,1,51045,3,70_79,f,civilian.employed,same.house,i.50000.64999,us.born,married,no.schooling,without.disability,not.working,with.insurance,black
2018HU0809899,5,1,51084,3,30_39,f,civilian.employed,same.house,i.0.9999,us.born,never,public,without.disability,local,with.insurance,white
2018HU0809899,5,1,51235,3,0_9,f,civilian.employed,same.house,i.75000.99999,us.born,married,public,without.disability,private.profit,with.insurance,black
2018HU0809899,5,1,59306,3,50_59,f,civilian.employed,same.house,i.0.9999,naturalization,never,no.schooling,without.disability,not.working,without.insurance,white
2018HU0816255,5,1,51215,3,80_89,m,not.in.labor.force,same.house,i.0.9999,us.born,never,no.schooling,without.disability,private.profit,with.insurance,asian
2018HU0816255,5,1,51080,3,20_29,m,civilian.employed,same.house,i.0.9999,us.born,married,no.schooling,without.disability,not.working,with.insurance,white
2018HU0816255,5,1,59301,3,0_9,m,civilian.employed,same.house,i.0.9999,naturalization,never,no.schooling,without.disability,self.employed.corp,with.insurance,white
2018HU0816255,5,1,51186,3,0_9,f,civilian.employed,same.house,i.75000.99999,us.born,divorced,no.schooling,without.disability,not.working,with.insurance,other
2018HU0816255,5,1,10701,3,20_29,m,not.in.labor.force,same.house,i.0.9999,us.born,married,no.schooling,without.disability,federal,with.insurance,white
2018HU0816255,5,1,55002,3,60_69,f,civilian.employed,diff.us.house,i.65000.74999,us.born,married,no.schooling,without.disability,not.working,with.insurance,white
2018HU0821866,5,1,51154,3,20_29,f,civilian.employed,same.house,i.0.9999,us.born,married,no.schooling,without.disability,private.profit,with.insurance,white
2018HU0821866,5,1,51154,3,30_39,m,not.in.labor.force,same.house,i.75000.99999,naturalization,never,no.schooling,without.disability,not.working,with.insurance,asian
2018HU0822851,5,1,55002,3,50_59,f,not.in.labor.force,same.house,i.75000.99999,abroad.born,married,no.schooling,without.disability,self.employed.no.corp,with.insurance,white
2018HU0822851,5,1,51110,3,50_59,m,not.in.labor.force,same.house,i.65000.74999,naturalization,divorced,no.schooling,without.disability,local,with.insurance,white
2018HU0831591,5,1,51110,3,0_9,f,civilian.employed,same.house,i.75000.99999,us.born,never,public,without.disability,private.profit,with.insurance,black
2018HU0834562,5,1,51096,3,40_49,m,not.in.labor.force,same.house,i.75000.99999,us.born,married,no.schooling,without.disability,private.profit,with.insurance,white
2018HU0834562,5,1,51110,3,30_39,m,not.in.labor.force,same.house,i.75000.99999,us.born,never,no.schooling,without.disability,not.working,with.insurance,white
2018HU0837165,5,1,59306,3,30_39,f,not.in.labor.force,same.house,i.0.9999,us.born,never,no.schooling,without.disability,private.no.profit,with.insurance,white
2018HU0837165,5,1,51154,3,80_89,f,civilian.employed,same.house,i.50000.64999,us.born,never,private,without.disability,not.working,with.insurance,white
2018HU0837165,5,1,51044,3,60_69,f,civilian.employed,same.house,i.75000.99999,us.born,married,no.schooling,without.disability,not.working,with.insurance,white
2018HU0837165,5,1,51087,3,50_59,f,civilian.employed,diff.us.house,i.75000.99999,us.born,never,public,without.disability,not.working,with.insurance,white
2018HU0837165,5,1,51096,3,40_49,m,not.in.labor.force,same.house,i.0.9999,us.born,divorced,public,without.disability,not.working,with.insurance,white
2018HU0837781,5,1,51235,3,60_69,m,civilian.employed,diff.us.house,i.0.9999,us.born,never,no.schooling,without.disability,not.working,with.insurance,white
2018HU0837781,5,1,51175,3,40_49,f,civilian.employed,same.house,i.0.9999,naturalization,never,no.schooling,without.disability,self.employed.corp,with.insurance,asian
2018HU0837781,5,1,51154,3,60_69,f,civilian.employed,same.house,i.35000.49999,us.born,married,no.schooling,without.disability,federal,with.insurance,white
2018HU0837781,5,1,10703,3,20_29,f,civilian.employed,diff.us.house,i.50000.64999,not.citizen,married,no.schooling,without.disability,not.working,with.insurance,white
2018HU0837781,5,1,51045,3,60_69,m,civilian.employed,same.house,i.75000.99999,us.born,married,no.schooling,without.disability,private.profit,with.insurance,white
2018HU0837781,5,1,51135,3,40_49,f,not.in.labor.force,same.house,i.0.9999,us.born,married,no.schooling,without.disability,not.working,with.insurance,white
2018HU0842122,5,1,51095,3,60_69,m,civilian.employed,diff.us.house,i.0.9999,us.born,married,public,without.disability,not.working,without.insurance,white
2018HU0842122,5,1,51044,3,0_9,f,civilian.employed,same.house,i.0.9999,us.born,married,no.schooling,without.disability,private.profit,with.insurance,white
2018HU0843019,5,1,51154,3,50_59,f,civilian.employed,diff.us.house,i.0.9999,us.born,never,public,without.disability,private.profit,with.insurance,two.
2018HU0843436,5,1,51045,3,80_89,m,unemployed,same.house,i.50000.64999,us.born,married,no.schooling,without.disability,not.working,with.insurance,white
2018HU0843436,5,1,51020,3,30_39,f,not.in.labor.force,same.house,i.0.9999,us.born,married,no.schooling,without.disability,not.working,with.insurance,white
2018HU0843436,5,1,51095,3,10_19,f,not.in.labor.force,same.house,i.75000.99999,us.born,divorced,no.schooling,without.disability,not.working,with.insurance,white
2018HU0843436,5,1,51215,3,40_49,m,civilian.employed,same.house,i.0.9999,us.born,never,no.schooling,without.disability,private.profit,with.insurance,black
2018HU0843436,5,1,51096,3,60_69,m,civilian.employed,same.house,i.0.9999,us.born,married,no.schooling,with.disability,not.working,with.insurance,white
2018HU0846285,5,1,51110,3,70_79,m,not.in.labor.force,same.house,i.75000.99999,us.born,married,no.schooling,without.disability,not.working,with.insurance,white
2018HU0846285,5,1,51135,3,40_49,f,civilian.employed,same.house,i.75000.99999,us.born,divorced,no.schooling,without.disability,self.employed.corp,with.insurance,white
2018HU0848473,5,1,51080,3,80_89,m,not.in.labor.force,same.house,i.65000.74999,us.born,never,no.schooling,without.disability,federal,with.insurance,white
2018HU0848473,5,1,51110,3,20_29,m,not.in.labor.force,same.house,i.0.9999,us.born,never,no.schooling,with.disability,self.employed.no.corp,with.insurance,asian
2018HU0848762,5,1,51096,3,40_49,f,not.in.labor.force,same.house,i.75000.99999,us.born,never,no.schooling,without.disability,not.working,with.insurance,white
2018HU0853234,5,1,51167,3,70_79,f,civilian.employed,same.house,i.0.9999,us.born,married,no.schooling,without.disability,not.working,with.insurance,white
2018HU0853234,5,1,51097,3,0_9,f,civilian.employed,same.house,i.75000.99999,us.born,married,public,without.disability,private.profit,with.insurance,two.
2018HU0854632,5,1,51175,3,40_49,f,not.in.labor.force,same.house,i.0.9999,us.born,married,no.schooling,without.disability,private.profit,with.insurance,white
2018HU0854632,5,1,51115,3,70_79,m,civilian.employed,same.house,i.75000.99999,us.born,separated,no.schooling,without.disability,private.profit,with.insurance,white
2018HU0855572,5,1,59303,3,0_9,m,not.in.labor.force,diff.us.house,i.0.9999,us.born,separated,no.schooling,without.disability,local,with.insurance,white
2018HU0858646,5,1,51154,3,60_69,m,civilian.employed,same.house,i.0.9999,us.born,never,no.schooling,without.disability,local,with.insurance,white
2018HU0858646,5,1,55002,3,50_59,f,civilian.employed,same.house,i.0.9999,abroad.born,married,no.schooling,with.disability,local,with.insurance,white
2018HU0858646,5,1,4103,3,60_69,f,not.in.labor.force,same.house,i.0.9999,naturalization,divorced,no.schooling,without.disability,self.employed.corp,with.insurance,white
2018HU0858853,5,1,51186,3,70_79,f,unemployed,same.house,i.0.9999,us.born,married,no.schooling,without.disability,not.working,with.insurance,white
2018HU0858853,5,1,51175,3,40_49,f,civilian.employed,diff.us.house,i.75000.99999,us.born,married,no.schooling,without.disability,not.working,with.insurance,white
2018HU0858853,5,1,51215,3,50_59,f,civilian.employed,same.house,i.75000.99999,not.citizen,never,no.schooling,without.disability,federal,with.insurance,white
2018HU0858853,5,1,51110,3,60_69,f,not.in.labor.force,same.house,i.75000.99999,us.born,married,no.schooling,without.disability,private.profit,with.insurance,white
2018HU0862391,5,1,51040,3,40_49,f,civilian.employed,same.house,i.0.9999,us.born,divorced,no.schooling,without.disability,not.working,with.insurance,white
2018HU0862391,5,1,51085,3,30_39,f,civilian.employed,same.house,i.0.9999,us.born,married,no.schooling,without.disability,not.working,with.insurance,white
2018HU0862391,5,1,51175,3,50_59,f,not.in.labor.force,same.house,i.75000.99999,us.born,married,no.schooling,without.disability,not.working,with.insurance,white
2018HU0863977,5,1,51040,3,30_39,m,civilian.employed,same.house,i.50000.64999,us.born,never,no.schooling,without.disability,private.profit,with.insurance,white
2018HU0863977,5,1,1301,3,40_49,m,not.in.labor.force,same.house,i.0.9999,us.born,divorced,no.schooling,without.disability,private.no.profit,with.insurance,asian
2018HU0866368,5,1,51154,3,0_9,m,not.in.labor.force,same.house,i.75000.99999,us.born,married,no.schooling,with.disability,self.employed.no.corp,with.insurance,white
2018HU0866368,5,1,51154,3,0_9,m,civilian.employed,diff.us.house,i.0.9999,us.born,married,no.schooling,without.disability,private.profit,with.insurance,white
2018HU0872375,5,1,51215,3,50_59,f,not.in.labor.force,same.house,i.25000.34999,us.born,widowed,no.schooling,without.disability,private.profit,with.insurance,white
2018HU0872375,5,1,51097,3,50_59,f,civilian.employed,same.house,i.0.9999,not.citizen,never,no.schooling,without.disability,not.working,with.insurance,asian
2018HU0872375,5,1,59303,3,0_9,m,not.in.labor.force,same.house,i.75000.99999,us.born,married,no.schooling,without.disability,not.working,with.insurance,two.
2018HU0872586,5,1,51096,3,60_69,m,not.in.labor.force,same.house,i.0.9999,abroad.born,never,no.schooling,without.disability,federal,with.insurance,white
2018HU0872586,5,1,1302,3,10_19,f,civilian.employed,same.house,i.65000.74999,us.born,divorced,no.schooling,without.disability,not.working,with.insurance,white
2018HU0872586,5,1,51235,3,30_39,f,civilian.employed,same.house,i.75000.99999,naturalization,never,no.schooling,without.disability,private.profit,with.insurance,white
2018HU0874183,5,1,51040,3,40_49,f,civilian.employed,same.house,i.0.9999,us.born,never,no.schooling,without.disability,private.no.profit,with.insurance,white
2018HU0875531,5,1,51040,3,70_79,m,not.in.labor.force,same.house,i.75000.99999,us.born,never,no.schooling,without.disability,self.employed.corp,with.insurance,white
2018HU0875531,5,1,51090,3,40_49,f,not.in.labor.force,same.house,i.75000.99999,abroad.born,never,no.schooling,without.disability,private.profit,with.insurance,white
2018HU0875531,5,1,51105,3,0_9,f,civilian.employed,same.house,i.0.9999,us.born,married,no.schooling,without.disability,local,with.insurance,white
2018HU0875531,5,1,51044,3,30_39,m,not.in.labor.force,same.house,i.0.9999,us.born,married,no.schooling,without.disability,not.working,with.insurance,asian
2018HU0875531,5,1,51040,3,40_49,f,civilian.employed,same.house,i.10000.14999,us.born,separated,no.schooling,without.disability,not.working,without.insurance,white
2018HU0876846,5,1,51155,3,60_69,f,civilian.employed,diff.us.house,i.0.9999,us.born,married,no.schooling,without.disability,private.no.profit,with.insurance,white
2018HU0885275,5,1,51045,3,0_9,m,civilian.employed,diff.us.house,i.0.9999,us.born,divorced,no.schooling,without.disability,federal,with.insurance,white
2018HU0885391,5,1,59305,3,50_59,f,civilian.employed,same.house,i.0.9999,us.born,married,no.schooling,without.disability,local,with.insurance,white
2018HU0885468,5,1,51090,3,60_69,m,not.in.labor.force,same.house,i.75000.99999,us.born,separated,no.schooling,without.disability,private.profit,with.insurance,white
2018HU0885468,5,1,51215,3,0_9,f,not.in.labor.force,diff.us.house,i.75000.99999,us.born,married,no.schooling,without.disability,self.employed.corp,with.insurance,white
2018HU0887383,5,1,51115,3,70_79,f,civilian.employed,same.house,i.65000.74999,not.citizen,married,no.schooling,without.disability,not.working,with.insurance,white
2018HU0887383,5,1,51097,3,0_9,f,not.in.labor.force,diff.us.house,i.65000.74999,not.citizen,never,no.schooling,without.disability,not.working,with.insurance,black
2018HU0887383,5,1,4102,3,60_69,m,civilian.employed,same.house,i.75000.99999,us.born,never,no.schooling,without.disability,private.profit,with.insurance,two.
2018HU0887383,5,1,51105,3,80_89,m,civilian.employed,diff.us.house,i.65000.74999,us.born,married,public,without.disability,not.working,with.insurance,white
2018HU0888175,5,1,51135,3,80_89,f,not.in.labor.force,same.house,i.50000.64999,us.born,never,no.schooling,without.disability,private.profit,with.insurance,white
2018HU0888175,5,1,51135,3,40_49,m,civilian.employed,same.house,i.0.9999,us.born,widowed,no.schooling,without.disability,not.working,with.insurance,white
2018HU0888175,5,1,51105,3,10_19,f,not.in.labor.force,same.house,i.0.9999,us.born,married,no.schooling,without.disability,federal,with.insurance,white
2018HU0888175,5,1,51105,3,40_49,m,not.in.labor.force,same.house,i.75000.99999,us.born,married,no.schooling,without.disability,not.working,with.insurance,white
2018HU0889753,5,1,51154,3,40_49,f,civilian.employed,same.house,i.0.9999,us.born,never,no.schooling,without.disability,not.working,with.insurance,white
2018HU0889753,5,1,51095,3,60_69,m,not.in.labor.force,same.house,i.0.9999,not.citizen,married,no.schooling,without.disability,not.working,with.insurance,white
2018HU0896449,5,1,51105,3,60_69,f,civilian.employed,same.house,i.50000.64999,us.born,married,no.schooling,without.disability,not.working,with.insurance,white
2018HU0896449,5,1,51105,3,40_49,m,civilian.employed,same.house,i.75000.99999,us.born,never,no.schooling,without.disability,private.profit,with.insurance,white
2018HU0896815,5,1,51154,3,40_49,m,civilian.employed,same.house,i.75000.99999,us.born,divorced,no.schooling,without.disability,private.profit,with.insurance,white
2018HU0896815,5,1,51080,3,0_9,f,civilian.employed,same.house,i.0.9999,us.born,married,no.schooling,without.disability,not.working,with.insurance,white
2018HU0896815,5,1,59303,3,50_59,f,civilian.employed,same.house,i.25000.34999,us.born,married,no.schooling,without.disability,not.working,with.insurance,white
2018HU0896815,5,1,51080,3,20_29,m,not.in.labor.force,same.house,i.0.9999,us.born,never,no.schooling,without.disability,private.no.profit,with.insurance,white
2018HU0898877,5,1,59303,3,30_39,f,civilian.employed,same.house,i.50000.64999,abroad.born,married,no.schooling,with.disability,private.profit,with.insurance,white
2018HU0898877,5,1,51090,3,70_79,f,not.in.labor.force,same.house,i.0.9999,us.born,divorced,no.schooling,without.disability,not.working,with.insurance,white
2018HU0898877,5,1,51045,3,60_69,f,civilian.employed,same.house,i.0.9999,not.citizen,divorced,no.schooling,without.disability,not.working,with.insurance,white
2018HU0898877,5,1,51097,3,50_59,f,civilian.employed,same.house,i.0.9999,us.born,married,no.schooling,without.disability,not.working,with.insurance,white
2018HU0902417,5,1,51154,3,60_69,f,civilian.employed,abroad.house,i.0.9999,us.born,divorced,public,with.disability,federal,with.insurance,white
2018HU0902417,5,1,51120,3,10_19,f,civilian.employed,same.house,i.0.9999,us.born,divorced,public,without.disability,local,with.insurance,white
2018HU0902417,5,1,51154,3,60_69,m,civilian.employed,same.house,i.0.9999,us.born,widowed,no.schooling,without.disability,not.working,with.insurance,white
2018HU0903825,5,1,55002,3,60_69,f,civilian.employed,same.house,i.0.9999,us.born,married,no.schooling,without.disability,private.profit,with.insurance,white
2018HU0903825,5,1,51215,3,30_39,f,civilian.employed,same.house,i.0.9999,us.born,never,no.schooling,without.disability,private.profit,with.insurance,white
2018HU0905009,5,1,51154,3,60_69,f,not.in.labor.force,same.house,i.75000.99999,us.born,divorced,no.schooling,without.disability,not.working,with.insurance,white
2018HU0906638,5,1,51105,3,50_59,m,not.in.labor.force,same.house,i.0.9999,us.born,never,no.schooling,without.disability,not.working,with.insurance,white
2018HU0908745,5,1,51155,3,30_39,f,civilian.employed,same.house,i.0.9999,us.born,married,no.schooling,without.disability,private.profit,with.insurance,white
2018HU0908745,5,1,51095,3,70_79,m,unemployed,same.house,i.75000.99999,us.born,married,no.schooling,without.disability,not.working,with.insurance,white
2018HU0909700,5,1,51154,3,60_69,f,not.in.labor.force,same.house,i.35000.49999,naturalization,divorced,no.schooling,without.disability,private.no.profit,with.insurance,white
2018HU0909700,5,1,51154,3,30_39,f,not.in.labor.force,same.house,i.50000.64999,us.born,married,no.schooling,without.disability,not.working,with.insurance,white
2018HU0914193,5,1,51045,3,50_59,f,civilian.employed,same.house,i.75000.99999,us.born,never,no.schooling,without.disability,self.employed.corp,with.insurance,white
2018HU0916075,5,1,51115,3,10_19,m,civilian.employed,same.house,i.65000.74999,us.born,never,no.schooling,without.disability,self.employed.no.corp,with.insurance,other
2018HU0916075,5,1,51090,3,60_69,m,civilian.employed,same.house,i.0.9999,us.born,never,no.schooling,without.disability,not.working,with.insurance,white
2018HU0917245,5,1,55002,3,40_49,f,not.in.labor.force,same.house,i.35000.49999,not.citizen,never,no.schooling,without.disability,not.working,with.insurance,white
2018HU0917245,5,1,51135,3,20_29,f,civilian.employed,same.house,i.0.9999,us.born,never,no.schooling,without.disability,federal,with.insurance,asian
2018HU0917245,5,1,51020,3,30_39,f,civilian.employed,same.house,i.75000.99999,us.born,never,no.schooling,with.disability,federal,with.insurance,white
2018HU0919418,5,1,51084,3,20_29,m,civilian.employed,same.house,i.0.9999,us.born,married,no.schooling,without.disability,not.working,with.insurance,asian
2018HU0919418,5,1,51206,3,20_29,f,not.in.labor.force,same.house,i.0.9999,not.citizen,widowed,no.schooling,without.disability,private.profit,with.insurance,white
2018HU0921194,5,1,51020,3,70_79,m,civilian.employed,same.house,i.0.9999,us.born,separated,no.schooling,without.disability,not.working,with.insurance,white
2018HU0921194,5,1,51110,3,10_19,f,civilian.employed,same.house,i.75000.99999,abroad.born,never,no.schooling,without.disability,federal,with.insurance,white
2018HU0921194,5,1,55002,3,0_9,m,civilian.employed,diff.us.house,i.75000.99999,us.born,never,no.schooling,without.disability,not.working,with.insurance,white
2018HU0921194,5,1,51096,3,20_29,f,not.in.labor.force,same.house,i.75000.99999,us.born,never,no.schooling,without.disability,private.profit,with.insurance,asian
2018HU0922436,5,1,4103,3,0_9,f,civilian.employed,diff.us.house,i.50000.64999,us.born,divorced,no.schooling,without.disability,not.working,without.insurance,white
2018HU0922436,5,1,51235,3,50_59,f,civilian.employed,same.house,i.75000.99999,us.born,married,no.schooling,without.disability,not.working,with.insurance,white
2018HU0922436,5,1,51010,3,80_89,m,civilian.employed,same.house,i.0.9999,us.born,widowed,public,without.disability,not.working,with.insurance,white
2018HU0922436,5,1,4103,3,60_69,m,civilian.employed,same.house,i.35000.49999,us.born,married,no.schooling,with.disability,not.working,with.insurance,white
2018HU0925641,5,1,51175,3,40_49,m,civilian.employed,same.house,i.25000.34999,us.born,never,no.schooling,without.disability,private.profit,with.insurance,asian
2018HU0935471,5,1,51215,3,60_69,f,civilian.employed,same.house,i.0.9999,us.born,married,no.schooling,without.disability,private.profit,with.insurance,asian
2018HU0935471,5,1,51096,3,30_39,m,civilian.employed,same.house,i.75000.99999,us.born,divorced,public,with.disability,not.working,with.insurance,asian
2018HU0937606,5,1,51080,3,30_39,m,not.in.labor.force,same.house,i.0.9999,us.born,widowed,no.schooling,without.disability,private.profit,with.insurance,white
2018HU0937606,5,1,51105,3,60_69,m,not.in.labor.force,same.house,i.75000.99999,us.born,never,no.schooling,without.disability,private.profit,with.insurance,white
2018HU0937606,5,1,51125,3,20_29,f,not.in.labor.force,same.house,i.0.9999,us.born,never,no.schooling,without.disability,private.profit,with.insurance,white
2018HU0942773,5,1,51097,3,30_39,m,civilian.employed,same.house,i.75000.99999,us.born,married,no.schooling,without.disability,private.profit,with.insurance,asian
2018HU0942773,5,1,51020,3,20_29,f,civilian.employed,same.house,i.0.9999,us.born,widowed,public,without.disability,not.working,with.insurance,white
2018HU0942773,5,1,51125,3,40_49,f,civilian.employed,same.house,i.0.9999,abroad.born,divorced,public,with.disability,federal,with.insurance,two.
2018HU0943839,5,1,51167,3,40_49,m,civilian.employed,same.house,i.75000.99999,us.born,married,no.schooling,without.disability,not.working,with.insurance,asian
2018HU0946734,5,1,51186,3,60_69,f,civilian.employed,same.house,i.75000.99999,us.born,never,no.schooling,without.disability,private.profit,with.insurance,white
2018HU0946734,5,1,51164,3,40_49,m,not.in.labor.force,same.house,i.35000.49999,us.born,never,no.schooling,without.disability,not.working,with.insurance,asian
2018HU0949105,5,1,51040,3,70_79,m,civilian.employed,same.house,i.50000.64999,not.citizen,never,no.schooling,without.disability,private.profit,with.insurance,white
2018HU0949602,5,1,51020,3,70_79,f,civilian.employed,same.house,i.75000.99999,us.born,married,no.schooling,without.disability,not.working,with.insurance,white
2018HU0952249,5,1,51084,3,60_69,f,not.in.labor.force,same.house,i.0.9999,us.born,married,no.schooling,without.disability,private.profit,with.insurance,white
2018HU0954719,5,1,51255,3,50_59,m,civilian.employed,same.house,i.75000.99999,us.born,divorced,no.schooling,without.disability,self.employed.no.corp,with.insurance,white
2018HU0954719,5,1,51097,3,30_39,m,civilian.employed,same.house,i.75000.99999,naturalization,married,no.schooling,without.disability,not.working,with.insurance,white
2018HU0954719,5,1,51097,3,80_89,m,civilian.employed,same.house,i.0.9999,us.born,never,no.schooling,without.disability,private.profit,with.insurance,white
2018HU0954719,5,1,51135,3,60_69,f,civilian.employed,same.house,i.0.9999,us.born,married,no.schooling,without.disability,private.profit,with.insurance,white
2018HU0956410,5,1,51084,3,30_39,m,civilian.employed,same.house,i.75000.99999,us.born,married,no.schooling,without.disability,not.working,with.insurance,black
2018HU0956410,5,1,51087,3,0_9,f,civilian.employed,same.house,i.65000.74999,us.born,married,no.schooling,without.disability,private.profit,with.insurance,asian
2018HU0964306,5,1,51105,3,20_29,f,civilian.employed,same.house,i.75000.99999,us.born,never,no.schooling,without.disability,not.working,with.insurance,white
2018HU0964306,5,1,51040,3,50_59,f,civilian.employed,diff.us.house,i.75000.99999,us.born,married,no.schooling,without.disability,not.working,with.insurance,asian
2018HU0965904,5,1,51154,3,60_69,f,not.in.labor.force,same.house,i.0.9999,us.born,widowed,no.schooling,without.disability,private.no.profit,with.insurance,white
2018HU0965904,5,1,51110,3,70_79,f,civilian.employed,same.house,i.0.9999,us.born,divorced,no.schooling,without.disability,not.working,with.insurance,white
2018HU0969506,5,1,51044,3,60_69,m,civilian.employed,abroad.house,i.0.9999,us.born,divorced,no.schooling,without.disability,private.profit,with.insurance,white
2018HU0969506,5,1,51164,3,80_89,m,civilian.employed,diff.us.house,i.0.9999,naturalization,never,public,without.disability,private.no.profit,with.insurance,white
2018HU0972333,5,1,55002,3,30_39,m,civilian.employed,same.house,i.0.9999,us.born,married,no.schooling,with.disability,private.profit,with.insurance,white
2018HU0972333,5,1,51105,3,0_9,f,civilian.employed,same.house,i.0.9999,us.born,never,no.schooling,without.disability,private.no.profit,with.insurance,white
2018HU0972333,5,1,4101,3,60_69,m,civilian.employed,same.house,i.0.9999,us.born,married,no.schooling,without.disability,private.profit,with.insurance,other
2018HU0972333,5,1,51044,3,0_9,f,not.in.labor.force,same.house,i.75000.99999,naturalization,divorced,no.schooling,without.disability,federal,with.insurance,white
2018HU0972882,5,1,51010,3,30_39,m,civilian.employed,same.house,i.75000.99999,us.born,divorced,private,without.disability,not.working,with.insurance,white
2018HU0973446,5,1,59301,3,30_39,m,civilian.employed,same.house,i.0.9999,us.born,never,no.schooling,without.disability,not.working,with.insurance,white
2018HU0973446,5,1,51080,3,70_79,f,civilian.employed,same.house,i.75000.99999,us.born,married,no.schooling,without.disability,not.working,with.insurance,white
2018HU0976803,5,1,59308,3,60_69,f,not.in.labor.force,same.house,i.75000.99999,us.born,married,no.schooling,without.disability,private.profit,with.insurance,white
2018HU0976803,5,1,51115,3,80_89,f,not.in.labor.force,same.house,i.0.9999,us.born,never,no.schooling,without.disability,private.profit,with.insurance,asian
2018HU0981288,5,1,51096,3,60_69,m,civilian.employed,same.house,i.0.9999,us.born,never,no.schooling,without.disability,not.working,with.insurance,white
2018HU0981288,5,1,51040,3,60_69,f,civilian.employed,same.house,i.0.9999,abroad.born,married,no.schooling,without.disability,self.employed.no.corp,with.insurance,white
2018HU0984264,5,1,51125,3,40_49,f,not.in.labor.force,same.house,i.75000.99999,us.born,never,no.schooling,without.disability,self.employed.no.corp,with.insurance,asian
2018HU0984264,5,1,51110,3,20_29,m,civilian.employed,same.house,i.0.9999,us.born,never,no.schooling,without.disability,federal,with.insurance,asian
2018HU0984264,5,1,51154,3,50_59,m,not.in.labor.force,diff.us.house,i.0.9999,us.born,married,no.schooling,with.disability,not.working,with.insurance,white
2018HU0989188,5,1,51154,3,40_49,m,not.in.labor.force,same.house,i.75000.99999,us.born,never,no.schooling,without.disability,not.working,with.insurance,asian
2018HU0989188,5,1,4103,3,0_9,f,civilian.employed,same.house,i.0.9999,us.born,married,no.schooling,without.disability,local,with.insurance,white
2018HU0991917,5,1,51097,3,20_29,m,not.in.labor.force,same.house,i.0.9999,us.born,divorced,no.schooling,without.disability,private.profit,with.insurance,white
2018HU0991917,5,1,51010,3,40_49,f,not.in.labor.force,same.house,i.75000.99999,us.born,married,no.schooling,without.disability,not.working,with.insurance,white
2018HU0991917,5,1,51084,3,60_69,f,not.in.labor.force,same.house,i.0.9999,us.born,never,no.schooling,without.disability,self.employed.no.corp,with.insurance,white
2018HU1001310,5,1,51010,3,60_69,m,not.in.labor.force,same.house,i.75000.99999,us.born,divorced,no.schooling,without.disability,local,with.insurance,white
2018HU1006014,5,1,51096,3,30_39,f,not.in.labor.force,same.house,i.65000.74999,not.citizen,never,no.schooling,without.disability,self.employed.no.corp,with.insurance,white
2018HU1006014,5,1,51095,3,50_59,m,civilian.employed,same.house,i.0.9999,us.born,never,no.schooling,without.disability,not.working,with.insurance,white
2018HU1006712,5,1,51096,3,50_59,m,not.in.labor.force,same.house,i.75000.99999,us.born,never,no.schooling,without.disability,not.working,with.insurance,white
2018HU1007063,5,1,51105,3,20_29,m,civilian.employed,same.house,i.0.9999,us.born,married,no.schooling,without.disability,private.profit,with.insurance,white
2018HU1011639,5,1,51206,3,50_59,m,not.in.labor.force,diff.us.house,i.65000.74999,us.born,married,no.schooling,without.disability,not.working,with.insurance,white
2018HU1011639,5,1,51175,3,0_9,m,civilian.employed,same.house,i.0.9999,us.born,married,no.schooling,without.disability,local,with.insurance,white
2018HU1011639,5,1,51154,3,20_29,f,civilian.employed,same.house,i.0.9999,us.born,married,no.schooling,without.disability,federal,without.insurance,white
2018HU1012158,5,1,51080,3,20_29,m,not.in.labor.force,same.house,i.0.9999,us.born,married,no.schooling,without.disability,private.profit,with.insurance,white
2018HU1012158,5,1,51095,3,60_69,f,civilian.employed,same.house,i.75000.99999,us.born,separated,private,without.disability,not.working,with.insurance,white
2018HU1012158,5,1,1301,3,70_79,f,civilian.employed,same.house,i.50000.64999,us.born,never,no.schooling,with.disability,private.profit,with.insurance,asian
2018HU1018191,5,1,51225,3,70_79,m,civilian.employed,diff.us.house,i.0.9999,abroad.born,married,private,without.disability,not.working,with.insurance,black
2018HU1018191,5,1,51010,3,20_29,f,civilian.employed,same.house,i.0.9999,us.born,never,no.schooling,without.disability,not.working,with.insurance,white
2018HU1018191,5,1,1301,3,70_79,m,civilian.employed,same.house,i.0.9999,us.born,separated,no.schooling,with.disability,not.working,with.insurance,white
2018HU1019384,5,1,51020,3,50_59,f,civilian.employed,same.house,i.0.9999,us.born,never,no.schooling,without.disability,not.working,with.insurance,white
2018HU1026629,5,1,51125,3,40_49,f,civilian.employed,same.house,i.0.9999,us.born,married,no.schooling,without.disability,private.profit,with.insurance,white
2018HU1029700,5,1,51105,3,60_69,f,not.in.labor.force,same.house,i.0.9999,us.born,divorced,no.schooling,without.disability,private.profit,with.insurance,white
2018HU1029700,5,1,51110,3,60_69,m,civilian.employed,same.house,i.75000.99999,us.born,separated,no.schooling,without.disability,not.working,with.insurance,white
2018HU1029700,5,1,51090,3,60_69,f,not.in.labor.force,same.house,i.75000.99999,us.born,never,no.schooling,without.disability,not.working,with.insurance,white
2018HU1036545,5,1,51097,3,40_49,f,civilian.employed,diff.us.house,i.0.9999,us.born,never,private,without.disability,not.working,with.insurance,white
2018HU1036634,5,1,59303,3,40_49,m,not.in.labor.force,same.house,i.0.9999,us.born,married,no.schooling,without.disability,self.employed.corp,with.insurance,white
2018HU1037247,5,1,51235,3,20_29,f,not.in.labor.force,same.house,i.75000.99999,us.born,widowed,no.schooling,without.disability,self.employed.no.corp,with.insurance,white
2018HU1037247,5,1,51154,3,70_79,f,civilian.employed,same.house,i.65000.74999,naturalization,never,no.schooling,without.disability,private.profit,with.insurance,two.
2018HU1037247,5,1,51040,3,20_29,f,civilian.employed,same.house,i.0.9999,us.born,married,no.schooling,with.disability,private.profit,with.insurance,white
2018HU1037247,5,1,1302,3,80_89,f,civilian.employed,same.house,i.25000.34999,us.born,married,no.schooling,without.disability,private.profit,with.insurance,white
2018HU1037247,5,1,51165,3,50_59,f,civilian.employed,same.house,i.50000.64999,us.born,married,no.schooling,without.disability,self.employed.corp,with.insurance,white
2018HU1037405,5,1,51105,3,60_69,f,not.in.labor.force,same.house,i.0.9999,not.citizen,married,no.schooling,without.disability,private.profit,with.insurance,white
2018HU1037405,5,1,51155,3,80_89,f,civilian.employed,same.house,i.0.9999,naturalization,never,no.schooling,without.disability,not.working,with.insurance,asian
2018HU1038463,5,1,55002,3,20_29,f,civilian.employed,same.house,i.75000.99999,us.born,married,no.schooling,without.disability,private.profit,with.insurance,white
2018HU1038463,5,1,51110,3,20_29,m,civilian.employed,same.house,i.0.9999,us.born,married,no.schooling,without.disability,private.profit,with.insurance,white
2018HU1038463,5,1,51110,3,40_49,f,not.in.labor.force,same.house,i.50000.64999,us.born,divorced,no.schooling,without.disability,private.profit,with.insurance,white
2018HU1038463,5,1,51097,3,50_59,m,civilian.employed,same.house,i.0.9999,us.born,married,no.schooling,without.disability,not.working,with.insurance,white
2018HU1038463,5,1,55002,3,50_59,m,civilian.employed,diff.us.house,i.75000.99999,us.born,never,no.schooling,without.disability,not.working,with.insurance,white
2018HU1038463,5,1,51135,3,50_59,m,civilian.employed,same.house,i.65000.74999,us.born,separated,public,without.disability,federal,with.insurance,white
2018HU1040418,5,1,51095,3,40_49,f,not.in.labor.force,same.house,i.0.9999,us.born,never,public,without.disability,private.profit,with.insurance,asian
2018HU1040418,5,1,51175,3,30_39,m,unemployed,same.house,i.50000.64999,us.born,married,no.schooling,without.disability,not.working,with.insurance,white
2018HU1040418,5,1,51154,3,50_59,m,not.in.labor.force,same.house,i.0.9999,us.born,divorced,no.schooling,without.disability,state,with.insurance,white
2018HU1040418,5,1,51175,3,20_29,f,civilian.employed,diff.us.house,i.0.9999,us.born,divorced,no.schooling,without.disability,not.working,with.insurance,white
2018HU1040882,5,1,51010,3,30_39,m,not.in.labor.force,same.house,i.0.9999,us.born,married,no.schooling,without.disability,private.profit,with.insurance,white
2018HU1040882,5,1,51040,3,10_19,f,civilian.employed,same.house,i.75000.99999,naturalization,married,no.schooling,without.disability,private.profit,with.insurance,white
2018HU1041502,5,1,51090,3,20_29,m,civilian.employed,same.house,i.75000.99999,us.born,married,no.schooling,without.disability,private.profit,with.insurance,white
2018HU1041502,5,1,59305,3,60_69,f,unemployed,same.house,i.0.9999,us.born,never,public,without.disability,private.profit,with.insurance,asian
2018HU1043135,5,1,51010,3,30_39,f,not.in.labor.force,diff.us.house,i.0.9999,not.citizen,married,no.schooling,without.disability,private.no.profit,with.insurance,white
2018HU1046684,5,1,51090,3,20_29,m,not.in.labor.force,diff.us.house,i.50000.64999,us.born,never,no.schooling,without.disability,private.profit,with.insurance,white
2018HU1046684,5,1,51080,3,60_69,m,not.in.labor.force,same.house,i.50000.64999,us.born,never,public,without.disability,not.working,with.insurance,asian
2018HU1050141,5,1,51154,3,50_59,f,not.in.labor.force,same.house,i.0.9999,naturalization,never,no.schooling,without.disability,private.profit,with.insurance,two.
2018HU1050141,5,1,51089,3,10_19,m,civilian.employed,same.house,i.50000.64999,us.born,married,no.schooling,without.disability,self.employed.no.corp,with.insurance,asian
2018HU1051816,5,1,51010,3,70_79,m,not.in.labor.force,same.house,i.0.9999,us.born,never,no.schooling,without.disability,not.working,with.insurance,white
2018HU1051816,5,1,51165,3,50_59,f,not.in.labor.force,same.house,i.0.9999,us.born,never,private,without.disability,private.profit,with.insurance,white
2018HU1052535,5,1,51010,3,70_79,m,civilian.employed,same.house,i.0.9999,us.born,widowed,public,without.disability,not.working,with.insurance,white
2018HU1054635,5,1,51154,3,20_29,m,civilian.employed,same.house,i.50000.64999,us.born,never,no.schooling,without.disability,private.profit,with.insurance,white
2018HU1054635,5,1,51135,3,20_29,m,civilian.employed,same.house,i.0.9999,us.born,married,no.schooling,without.disability,private.profit,with.insurance,white
2018HU1054635,5,1,51154,3,30_39,m,not.in.labor.force,same.house,i.0.9999,us.born,never,private,without.disability,not.working,with.insurance,white
2018HU1054635,5,1,51215,3,20_29,f,not.in.labor.force,same.house,i.0.9999,us.born,never,no.schooling,without.disability,private.profit,with.insurance,asian
2018HU1062649,5,1,51020,3,50_59,f,not.in.labor.force,same.house,i.0.9999,us.born,never,no.schooling,with.disability,federal,with.insurance,white
2018HU1062906,5,1,51110,3,40_49,m,civilian.employed,same.house,i.75000.99999,us.born,never,private,without.disability,private.profit,with.insurance,white
2018HU1062906,5,1,51087,3,60_69,f,not.in.labor.force,same.house,i.75000.99999,us.born,married,no.schooling,without.disability,self.employed.corp,with.insurance,white
2018HU1062906,5,1,51135,3,60_69,m,civilian.employed,diff.us.house,i.0.9999,us.born,married,no.schooling,without.disability,self.employed.corp,with.insurance,white
2018HU1063375,5,1,51235,3,50_59,f,civilian.employed,diff.us.house,i.0.9999,us.born,never,no.schooling,without.disability,not.working,with.insurance,two.
2018HU1063375,5,1,51125,3,50_59,f,civilian.employed,same.house,i.0.9999,us.born,married,no.schooling,without.disability,federal,with.insurance,white
2018HU1063375,5,1,51135,3,50_59,m,civilian.employed,diff.us.house,i.25000.34999,us.born,never,no.schooling,without.disability,private.profit,with.insurance,white
2018HU1070279,5,1,51135,3,20_29,m,not.in.labor.force,same.house,i.75000.99999,us.born,never,public,without.disability,not.working,with.insurance,white
2018HU1071019,5,1,51090,3,20_29,f,civilian.employed,same.house,i.0.9999,us.born,never,no.schooling,without.disability,not.working,with.insurance,two.
2018HU1071019,5,1,51096,3,40_49,f,civilian.employed,same.house,i.35000.49999,us.born,divorced,no.schooling,without.disability,local,with.insurance,white
2018HU1071019,5,1,51154,3,60_69,m,not.in.labor.force,same.house,i.65000.74999,us.born,divorced,no.schooling,without.disability,federal,with.insurance,white
2018HU1071019,5,1,51105,3,50_59,f,civilian.employed,same.house,i.0.9999,not.citizen,divorced,no.schooling,without.disability,federal,with.insurance,asian
2018HU1071019,5,1,51090,3,10_19,m,civilian.employed,same.house,i.75000.99999,us.born,married,no.schooling,without.disability,private.profit,with.insurance,white
2018HU1075405,5,1,51110,3,50_59,f,not.in.labor.force,diff.us.house,i.0.9999,us.born,married,no.schooling,with.disability,not.working,with.insurance,black
2018HU1076448,5,1,51135,3,50_59,f,civilian.employed,diff.us.house,i.75000.99999,us.born,separated,no.schooling,without.disability,private.profit,with.insurance,asian
2018HU1076448,5,1,51155,3,0_9,f,not.in.labor.force,same.house,i.75000.99999,us.born,married,no.schooling,without.disability,not.working,with.insurance,white
2018HU1078478,5,1,51135,3,50_59,f,not.in.labor.force,same.house,i.75000.99999,us.born,married,no.schooling,without.disability,not.working,with.insurance,white
2018HU1078478,5,1,51105,3,80_89,f,not.in.labor.force,same.house,i.75000.99999,us.born,never,no.schooling,without.disability,private.profit,with.insurance,asian
2018HU1083115,5,1,51215,3,0_9,m,not.in.labor.force,same.house,i.0.9999,us.born,married,no.schooling,without.disability,not.working,with.insurance,white
2018HU1083115,5,1,51235,3,0_9,f,civilian.employed,same.house,i.0.9999,us.born,never,no.schooling,without.disability,private.profit,with.insurance,white
2018HU1085049,5,1,51020,3,30_39,f,civilian.employed,same.house,i.65000.74999,us.born,divorced,private,without.disability,local,with.insurance,asian
2018HU1085049,5,1,51040,3,20_29,f,civilian.employed,same.house,i.75000.99999,abroad.born,married,no.schooling,without.disability,not.working,with.insurance,white
2018HU1085789,5,1,51206,3,40_49,f,civilian.employed,same.house,i.0.9999,us.born,married,no.schooling,without.disability,not.working,with.insurance,white
2018HU1085789,5,1,51044,3,10_19,f,not.in.labor.force,same.house,i.50000.64999,us.born,married,no.schooling,without.disability,not.working,with.insurance,white
2018HU1089972,5,1,51044,3,20_29,f,not.in.labor.force,same.house,i.0.9999,us.born,divorced,private,with.disability,private.no.profit,with.insurance,white
2018HU1089972,5,1,51040,3,50_59,f,civilian.employed,same.house,i.0.9999,us.born,widowed,no.schooling,without.disability,not.working,with.insurance,white
2018HU1094020,5,1,51105,3,50_59,m,civilian.employed,same.house,i.0.9999,us.born,never,no.schooling,without.disability,not.working,with.insurance,white
2018HU1095934,5,1,51080,3,0_9,f,civilian.employed,same.house,i.0.9999,us.born,married,no.schooling,without.disability,private.profit,with.insurance,white
2018HU1095934,5,1,51224,3,70_79,f,not.in.labor.force,same.house,i.0.9999,us.born,married,no.schooling,without.disability,private.profit,with.insurance,white
2018HU1097066,5,1,51186,3,10_19,f,not.in.labor.force,diff.us.house,i.0.9999,us.born,never,public,without.disability,private.profit,with.insurance,asian
2018HU1097066,5,1,51090,3,0_9,m,civilian.employed,diff.us.house,i.0.9999,us.born,never,no.schooling,without.disability,not.working,with.insurance,two.
2018HU1102877,5,1,51145,3,0_9,f,civilian.employed,same.house,i.0.9999,us.born,married,no.schooling,without.disability,private.no.profit,with.insurance,asian
2018HU1102877,5,1,59301,3,30_39,m,not.in.labor.force,same.house,i.75000.99999,us.born,widowed,no.schooling,without.disability,private.no.profit,with.insurance,white
2018HU1108364,5,1,51167,3,60_69,f,civilian.employed,same.house,i.75000.99999,us.born,never,no.schooling,without.disability,self.employed.corp,with.insurance,white
2018HU1110272,5,1,51186,3,40_49,m,civilian.employed,same.house,i.0.9999,us.born,married,no.schooling,without.disability,not.working,with.insurance,white
2018HU1110272,5,1,51206,3,20_29,f,civilian.employed,same.house,i.0.9999,naturalization,married,no.schooling,without.disability,private.profit,with.insurance,asian
2018HU1110272,5,1,51040,3,0_9,f,civilian.employed,same.house,i.75000.99999,not.citizen,married,public,with.disability,not.working,with.insurance,white
2018HU1110272,5,1,51206,3,20_29,m,civilian.employed,same.house,i.75000.99999,not.citizen,divorced,private,without.disability,self.employed.no.corp,with.insurance,white
2018HU1110272,5,1,51096,3,50_59,f,not.in.labor.force,diff.us.house,i.0.9999,us.born,never,no.schooling,without.disability,private.profit,with.insurance,white
2018HU1110272,5,1,51097,3,0_9,f,civilian.employed,diff.us.house,i.65000.74999,us.born,married,no.schooling,without.disability,not.working,with.insurance,asian
2018HU1111348,5,1,10703,3,0_9,m,not.in.labor.force,same.house,i.65000.74999,naturalization,never,no.schooling,without.disability,self.employed.no.corp,with.insurance,white
2018HU1117441,5,1,51125,3,60_69,f,civilian.employed,same.house,i.0.9999,us.born,divorced,no.schooling,without.disability,private.profit,with.insurance,white
2018HU1117441,5,1,51090,3,40_49,f,civilian.employed,same.house,i.0.9999,naturalization,divorced,no.schooling,without.disability,not.working,with.insurance,white
2018HU1119142,5,1,55002,3,60_69,f,civilian.employed,same.house,i.75000.99999,us.born,married,no.schooling,without.disability,private.no.profit,with.insurance,white
2018HU1119142,5,1,51154,3,50_59,m,not.in.labor.force,same.house,i.65000.74999,naturalization,never,no.schooling,with.disability,private.profit,with.insurance,white
2018HU1119142,5,1,55002,3,60_69,m,not.in.labor.force,same.house,i.0.9999,naturalization,never,no.schooling,without.disability,private.profit,with.insurance,asian
2018HU1119142,5,1,51135,3,30_39,f,not.in.labor.force,same.house,i.75000.99999,us.born,married,private,with.disability,not.working,with.insurance,asian
2018HU1119142,5,1,59303,3,40_49,f,civilian.employed,same.house,i.0.9999,us.born,widowed,no.schooling,without.disability,not.working,with.insurance,white
2018HU1119142,5,1,51215,3,40_49,m,civilian.employed,same.house,i.75000.99999,us.born,never,no.schooling,without.disability,private.profit,with.insurance,white
2018HU1122979,5,1,51135,3,40_49,m,not.in.labor.force,same.house,i.75000.99999,naturalization,divorced,no.schooling,with.disability,not.working,with.insurance,white
2018HU1122979,5,1,51110,3,60_69,m,civilian.employed,same.house,i.75000.99999,us.born,married,no.schooling,without.disability,private.profit,with.insurance,white
2018HU1127344,5,1,51235,3,50_59,f,civilian.employed,same.house,i.0.9999,us.born,never,no.schooling,without.disability,not.working,with.insurance,white
2018HU1127344,5,1,51206,3,60_69,m,civilian.employed,same.house,i.75000.99999,us.born,married,no.schooling,without.disability,not.working,with.insurance,white
2018HU1128007,5,1,51206,3,40_49,f,civilian.employed,same.house,i.65000.74999,us.born,married,no.schooling,without.disability,not.working,with.insurance,white
2018HU1128007,5,1,51154,3,0_9,f,civilian.employed,same.house,i.65000.74999,abroad.born,married,no.schooling,without.disability,private.profit,with.insurance,white
2018HU1128007,5,1,51096,3,40_49,f,civilian.employed,same.house,i.0.9999,naturalization,never,no.schooling,with.disability,private.profit,with.insurance,asian
2018HU1128007,5,1,51175,3,60_69,f,civilian.employed,diff.us.house,i.65000.74999,us.born,never,no.schooling,without.disability,not.working,with.insurance,asian
2018HU1128007,5,1,51020,3,70_79,m,civilian.employed,same.house,i.0.9999,naturalization,married,no.schooling,without.disability,federal,with.insurance,white
2018HU1132222,5,1,51175,3,30_39,m,civilian.employed,same.house,i.0.9999,us.born,married,public,without.disability,not.working,with.insurance,two.
2018HU1133404,5,1,51020,3,60_69,m,not.in.labor.force,abroad.house,i.0.9999,us.born,never,no.schooling,without.disability,self.employed.no.corp,with.insurance,white
2018HU1134441,5,1,51235,3,10_19,m,not.in.labor.force,same.house,i.0.9999,us.born,divorced,public,without.disability,private.profit,with.insurance,white
2018HU1134441,5,1,51125,3,0_9,m,civilian.employed,diff.us.house,i.65000.74999,us.born,divorced,no.schooling,without.disability,not.working,with.insurance,white
2018HU1134441,5,1,51040,3,50_59,f,not.in.labor.force,diff.us.house,i.50000.64999,us.born,widowed,no.schooling,without.disability,private.profit,with.insurance,white
2018HU1134590,5,1,51020,3,40_49,f,not.in.labor.force,abroad.house,i.0.9999,us.born,married,no.schooling,without.disability,not.working,with.insurance,white
2018HU1134590,5,1,59309,3,20_29,f,civilian.employed,same.house,i.75000.99999,naturalization,married,no.schooling,without.disability,not.working,with.insurance,white
2018HU1135116,5,1,51105,3,50_59,f,civilian.employed,same.house,i.25000.34999,us.born,divorced,no.schooling,without.disability,not.working,with.insurance,white
2018HU1135116,5,1,51045,3,30_39,f,not.in.labor.force,same.house,i.0.9999,us.born,divorced,no.schooling,without.disability,private.no.profit,with.insurance,white
2018HU1135764,5,1,51096,3,40_49,m,not.in.labor.force,same.house,i.0.9999,us.born,married,no.schooling,without.disability,not.working,with.insurance,white
2018HU1135764,5,1,51235,3,30_39,m,civilian.employed,same.house,i.50000.64999,us.born,married,public,without.disability,not.working,with.insurance,asian
2018HU1137904,5,1,51215,3,50_59,m,civilian.employed,same.house,i.75000.99999,us.born,divorced,no.schooling,with.disability,not.working,with.insurance,white
2018HU1139878,5,1,51155,3,70_79,m,civilian.employed,same.house,i.75000.99999,us.born,married,no.schooling,without.disability,not.working,with.insurance,white
2018HU1140118,5,1,51154,3,30_39,f,civilian.employed,same.house,i.0.9999,not.citizen,widowed,no.schooling,without.disability,private.profit,with.insurance,white
2018HU1140118,5,1,51090,3,50_59,f,civilian.employed,diff.us.house,i.65000.74999,us.born,never,no.schooling,without.disability,private.profit,with.insurance,white
2018HU1140118,5,1,51045,3,30_39,m,civilian.employed,diff.us.house,i.0.9999,us.born,married,no.schooling,without.disability,not.working,with.insurance,white
2018HU1140572,5,1,51010,3,20_29,m,not.in.labor.force,same.house,i.0.9999,us.born,never,no.schooling,without.disability,not.working,with.insurance,two.
2018HU1140572,5,1,51097,3,50_59,f,civilian.employed,abroad.house,i.25000.34999,not.citizen,never,no.schooling,without.disability,federal,without.insurance,white
2018HU1143132,5,1,51125,3,50_59,m,civilian.employed,same.house,i.50000.64999,us.born,never,no.schooling,without.disability,self.employed.no.corp,with.insurance,white
2018HU1143132,5,1,51110,3,50_59,f,not.in.labor.force,same.house,i.75000.99999,us.born,married,no.schooling,without.disability,private.profit,with.insurance,white
2018HU1145746,5,1,51125,3,50_59,f,not.in.labor.force,same.house,i.0.9999,us.born,never,no.schooling,without.disability,private.no.profit,with.insurance,white
2018HU1145746,5,1,51105,3,50_59,f,civilian.employed,same.house,i.75000.99999,us.born,married,no.schooling,without.disability,private.profit,with.insurance,white
2018HU1150616,5,1,51164,3,40_49,f,civilian.employed,same.house,i.0.9999,us.born,never,no.schooling,without.disability,self.employed.corp,with.insurance,white
2018HU1152032,5,1,51120,3,0_9,f,not.in.labor.force,diff.us.house,i.75000.99999,naturalization,married,no.schooling,without.disability,not.working,with.insurance,white
2018HU1152032,5,1,51096,3,50_59,m,not.in.labor.force,same.house,i.0.9999,us.born,divorced,no.schooling,without.disability,private.profit,with.insurance,white
2018HU1152032,5,1,55002,3,50_59,m,not.in.labor.force,same.house,i.0.9999,us.born,never,no.schooling,without.disability,not.working,with.insurance,white
2018HU1152039,5,1,51135,3,10_19,f,civilian.employed,same.house,i.75000.99999,us.born,never,private,without.disability,private.profit,with.insurance,white
2018HU1152039,5,1,51096,3,30_39,m,civilian.employed,same.house,i.75000.99999,us.born,never,no.schooling,without.disability,not.working,with.insurance,white
2018HU1152039,5,1,51090,3,40_49,f,not.in.labor.force,same.house,i.0.9999,us.born,married,no.schooling,without.disability,private.profit,with.insurance,black
2018HU1152039,5,1,51135,3,50_59,f,civilian.employed,same.house,i.0.9999,us.born,never,no.schooling,without.disability,not.working,with.insurance,white
2018HU1152550,5,1,1302,3,20_29,f,not.in.labor.force,same.house,i.0.9999,naturalization,married,no.schooling,without.disability,private.profit,with.insurance,white
2018HU1156162,5,1,51235,3,40_49,f,civilian.employed,same.house,i.65000.74999,us.born,divorced,no.schooling,without.disability,self.employed.no.corp,with.insurance,two.
2018HU1156162,5,1,51045,3,50_59,f,civilian.employed,same.house,i.75000.99999,us.born,married,no.schooling,without.disability,private.no.profit,with.insurance,white
2018HU1156162,5,1,59303,3,40_49,f,not.in.labor.force,same.house,i.75000.99999,abroad.born,married,no.schooling,without.disability,private.profit,with.insurance,white
2018HU1156162,5,1,51010,3,50_59,m,not.in.labor.force,same.house,i.0.9999,us.born,never,no.schooling,without.disability,private.profit,with.insurance,white
2018HU1156376,5,1,51020,3,80_89,f,not.in.labor.force,same.house,i.75000.99999,us.born,widowed,no.schooling,without.disability,not.working,with.insurance,white
2018HU1156376,5,1,51175,3,40_49,f,civilian.employed,same.house,i.50000.64999,us.born,never,no.schooling,without.disability,private.profit,with.insurance,white
2018HU1156376,5,1,51105,3,30_39,m,civilian.employed,same.house,i.0.9999,us.born,married,no.schooling,without.disability,not.working,with.insurance,white
2018HU1156376,5,1,51235,3,50_59,f,not.in.labor.force,same.house,i.0.9999,us.born,never,no.schooling,without.disability,not.working,with.insurance,white
2018HU1157592,5,1,51105,3,60_69,m,civilian.employed,same.house,i.0.9999,naturalization,married,no.schooling,without.disability,not.working,with.insurance,white
2018HU1157592,5,1,51175,3,70_79,f,civilian.employed,same.house,i.0.9999,us.born,married,private,without.disability,not.working,with.insurance,white
2018HU1158566,5,1,51045,3,50_59,m,civilian.employed,same.house,i.75000.99999,us.born,never,no.schooling,without.disability,private.profit,with.insurance,white
2018HU1158566,5,1,51090,3,60_69,f,not.in.labor.force,same.house,i.0.9999,us.born,married,no.schooling,without.disability,private.profit,without.insurance,white
2018HU1158566,5,1,51040,3,60_69,m,civilian.employed,same.house,i.0.9999,us.born,separated,no.schooling,without.disability,private.profit,with.insurance,white
2018HU1160446,5,1,1302,3,30_39,f,not.in.labor.force,same.house,i.0.9999,abroad.born,married,no.schooling,with.disability,private.no.profit,with.insurance,white
2018HU1160446,5,1,51097,3,40_49,m,not.in.labor.force,same.house,i.0.9999,us.born,never,no.schooling,without.disability,not.working,with.insurance,white
2018HU1162416,5,1,51186,3,0_9,f,civilian.employed,same.house,i.0.9999,us.born,married,no.schooling,without.disability,private.profit,with.insurance,white
2018HU1162416,5,1,51215,3,40_49,f,not.in.labor.force,same.house,i.0.9999,us.born,separated,no.schooling,without.disability,private.profit,with.insurance,white
2018HU1162580,5,1,51154,3,60_69,f,not.in.labor.force,diff.us.house,i.0.9999,us.born,married,no.schooling,without.disability,not.working,with.insurance,white
2018HU1162580,5,1,51186,3,50_59,m,not.in.labor.force,same.house,i.0.9999,us.born,never,no.schooling,without.disability,not.working,with.insurance,white
2018HU1162792,5,1,51110,3,0_9,f,civilian.employed,same.house,i.75000.99999,naturalization,never,no.schooling,without.disability,not.working,with.insurance,white
2018HU1162792,5,1,1302,3,60_69,f,not.in.labor.force,same.house,i.75000.99999,us.born,married,no.schooling,without.disability,federal,with.insurance,white
2018HU1162792,5,1,51215,3,20_29,f,not.in.labor.force,diff.us.house,i.75000.99999,us.born,married,no.schooling,without.disability,federal,with.insurance,white
2018HU1163825,5,1,4102,3,20_29,m,civilian.employed,same.house,i.25000.34999,us.born,divorced,no.schooling,without.disability,not.working,with.insurance,asian
2018HU1163825,5,1,10702,3,20_29,m,not.in.labor.force,same.house,i.75000.99999,us.born,married,no.schooling,without.disability,private.profit,with.insurance,white
2018HU1163825,5,1,51044,3,30_39,m,civilian.employed,diff.us.house,i.0.9999,us.born,married,no.schooling,without.disability,not.working,with.insurance,white
2018HU1163825,5,1,51125,3,50_59,m,civilian.employed,same.house,i.75000.99999,us.born,married,no.schooling,without.disability,private.profit,with.insurance,white
2018HU1167526,5,1,59303,3,50_59,f,civilian.employed,same.house,i.0.9999,us.born,divorced,no.schooling,with.disability,private.no.profit,with.insurance,asian
2018HU1167526,5,1,51040,3,60_69,f,not.in.labor.force,same.house,i.75000.99999,not.citizen,divorced,no.schooling,without.disability,not.working,with.insurance,white
2018HU1167526,5,1,51120,3,40_49,f,civilian.employed,diff.us.house,i.0.9999,us.born,married,no.schooling,without.disability,self.employed.no.corp,with.insurance,white
2018HU1167526,5,1,51105,3,40_49,f,civilian.employed,same.house,i.15000.24999,us.born,married,no.schooling,without.disability,self.employed.no.corp,with.insurance,white
2018HU1167526,5,1,55002,3,60_69,m,civilian.employed,diff.us.house,i.0.9999,naturalization,never,no.schooling,without.disability,private.profit,with.insurance,white
2018HU1172672,5,1,51145,3,40_49,f,not.in.labor.force,same.house,i.75000.99999,us.born,married,no.schooling,without.disability,private.profit,with.insurance,white
2018HU1172672,5,1,51105,3,80_89,f,civilian.employed,diff.us.house,i.0.9999,us.born,widowed,no.schooling,without.disability,private.profit,with.insurance,two.
2018HU1172672,5,1,51090,3,30_39,f,not.in.labor.force,same.house,i.0.9999,naturalization,married,no.schooling,without.disability,not.working,with.insurance,white
2018HU1172672,5,1,51105,3,40_49,f,civilian.employed,same.house,i.0.9999,us.born,married,no.schooling,without.disability,private.profit,with.insurance,white
2018HU1172672,5,1,51225,3,20_29,f,civilian.employed,same.house,i.75000.99999,us.born,never,no.schooling,without.disability,private.profit,with.insurance,asian
2018HU1176498,5,1,51246,3,40_49,f,civilian.employed,same.house,i.50000.64999,naturalization,never,no.schooling,without.disability,private.profit,with.insurance,white
2018HU1178019,5,1,51087,3,60_69,m,not.in.labor.force,same.house,i.75000.99999,us.born,never,no.schooling,without.disability,private.profit,with.insurance,white
2018HU1178019,5,1,51135,3,0_9,f,civilian.employed,same.house,i.0.9999,us.born,married,no.schooling,without.disability,federal,with.insurance,white
2018HU1178019,5,1,51167,3,20_29,m,civilian.employed,same.house,i.50000.64999,us.born,married,no.schooling,without.disability,federal,with.insurance,white
2018HU1178019,5,1,51089,3,30_39,f,civilian.employed,same.house,i.75000.99999,us.born,married,no.schooling,without.disability,not.working,with.insurance,white
2018HU1178266,5,1,1302,3,0_9,m,civilian.employed,diff.us.house,i.0.9999,us.born,never,no.schooling,with.disability,private.profit,without.insurance,asian
2018HU1178266,5,1,51105,3,30_39,f,not.in.labor.force,same.house,i.75000.99999,us.born,never,no.schooling,without.disability,private.profit,with.insurance,white
2018HU1178266,5,1,51154,3,50_59,f,civilian.employed,same.house,i.75000.99999,us.born,separated,public,without.disability,private.profit,with.insurance,white
2018HU1178266,5,1,51020,3,10_19,f,civilian.employed,same.house,i.0.9999,us.born,divorced,no.schooling,without.disability,not.working,with.insurance,white
2018HU1182841,5,1,51105,3,40_49,f,not.in.labor.force,abroad.house,i.65000.74999,naturalization,never,no.schooling,without.disability,private.profit,with.insurance,white
2018HU1182841,5,1,51105,3,50_59,m,civilian.employed,same.house,i.75000.99999,us.born,married,no.schooling,without.disability,private.no.profit,with.insurance,white
2018HU1187913,5,1,51044,3,60_69,f,civilian.employed,same.house,i.75000.99999,us.born,married,no.schooling,without.disability,self.employed.corp,with.insurance,white
2018HU1187913,5,1,51080,3,40_49,f,civilian.employed,same.house,i.0.9999,not.citizen,married,no.schooling,without.disability,private.profit,with.insurance,white
2018HU1187913,5,1,51090,3,50_59,f,civilian.employed,same.house,i.50000.64999,us.born,never,no.schooling,without.disability,not.working,with.insurance,white
2018HU1190294,5,1,51080,3,50_59,f,civilian.employed,same.house,i.50000.64999,us.born,never,no.schooling,without.disability,private.profit,with.insurance,white
2018HU1190294,5,1,51044,3,50_59,m,not.in.labor.force,same.house,i.0.9999,us.born,divorced,no.schooling,without.disability,not.working,with.insurance,white
2018HU1191101,5,1,51225,3,0_9,f,not.in.labor.force,same.house,i.0.9999,us.born,married,public,without.disability,federal,with.insurance,white
2018HU1191101,5,1,51135,3,30_39,f,not.in.labor.force,diff.us.house,i.50000.64999,us.born,never,no.schooling,without.disability,private.profit,with.insurance,two.
2018HU1191101,5,1,59303,3,0_9,m,civilian.employed,same.house,i.0.9999,not.citizen,never,no.schooling,without.disability,private.profit,with.insurance,white
2018HU1192607,5,1,51245,3,20_29,f,not.in.labor.force,abroad.house,i.0.9999,us.born,never,no.schooling,without.disability,not.working,with.insurance,asian
2018HU1192607,5,1,51154,3,50_59,f,civilian.employed,same.house,i.0.9999,us.born,never,no.schooling,without.disability,private.profit,with.insurance,white
2018HU1192607,5,1,51154,3,20_29,f,civilian.employed,same.house,i.0.9999,us.born,never,no.schooling,without.disability,private.profit,with.insurance,white
2018HU1192607,5,1,51010,3,60_69,f,civilian.employed,diff.us.house,i.75000.99999,us.born,divorced,no.schooling,without.disability,not.working,with.insurance,white
2018HU1193568,5,1,51175,3,50_59,m,not.in.labor.force,same.house,i.0.9999,us.born,divorced,no.schooling,without.disability,not.working,with.insurance,white
2018HU1193934,5,1,51206,3,40_49,f,not.in.labor.force,same.house,i.65000.74999,us.born,separated,no.schooling,without.disability,private.profit,with.insurance,white
2018HU1194174,5,1,51110,3,30_39,f,not.in.labor.force,same.house,i.75000.99999,us.born,divorced,no.schooling,without.disability,not.working,with.insurance,white
2018HU1194174,5,1,51096,3,20_29,f,civilian.employed,same.house,i.0.9999,us.born,married,no.schooling,without.disability,private.profit,with.insurance,asian
2018HU1194174,5,1,51040,3,70_79,f,not.in.labor.force,diff.us.house,i.75000.99999,naturalization,married,no.schooling,with.disability,not.working,with.insurance,white
2018HU1195215,5,1,51045,3,50_59,m,civilian.employed,same.house,i.0.9999,us.born,never,private,without.disability,private.profit,with.insurance,white
2018HU1195215,5,1,51135,3,50_59,f,civilian.employed,same.house,i.65000.74999,us.born,never,no.schooling,without.disability,not.working,with.insurance,asian
2018HU1195215,5,1,51045,3,20_29,f,civilian.employed,same.house,i.0.9999,us.born,widowed,public,without.disability,not.working,with.insurance,white
2018HU1195215,5,1,10703,3,20_29,m,not.in.labor.force,same.house,i.75000.99999,us.born,divorced,no.schooling,without.disability,not.working,with.insurance,two.
2018HU1197846,5,1,51020,3,80_89,f,not.in.labor.force,same.house,i.75000.99999,us.born,never,no.schooling,without.disability,not.working,with.insurance,asian
2018HU1197846,5,1,51090,3,50_59,m,civilian.employed,same.house,i.0.9999,not.citizen,never,private,without.disability,not.working,with.insurance,asian
2018HU1197846,5,1,51206,3,40_49,f,civilian.employed,same.house,i.75000.99999,us.born,married,no.schooling,without.disability,not.working,with.insurance,two.
2018HU1197846,5,1,51090,3,30_39,f,not.in.labor.force,same.house,i.0.9999,us.born,never,no.schooling,without.disability,not.working,with.insurance,white
2018HU1197846,5,1,51080,3,30_39,f,civilian.employed,same.house,i.25000.34999,naturalization,married,no.schooling,without.disability,not.working,with.insurance,white
2018HU1200623,5,1,51090,3,0_9,f,civilian.employed,same.house,i.65000.74999,us.born,divorced,no.schooling,without.disability,private.profit,with.insurance,white
2018HU1204720,5,1,51215,3,30_39,f,not.in.labor.force,same.house,i.75000.99999,not.citizen,divorced,no.schooling,without.disability,not.working,with.insurance,white
2018HU1204720,5,1,51186,3,30_39,f,civilian.employed,diff.us.house,i.0.9999,us.born,divorced,no.schooling,without.disability,federal,with.insurance,white
2018HU1204720,5,1,10703,3,40_49,f,civilian.employed,same.house,i.50000.64999,us.born,never,no.schooling,without.disability,not.working,with.insurance,white
2018HU1205017,5,1,51044,3,50_59,m,civilian.employed,same.house,i.75000.99999,abroad.born,separated,no.schooling,without.disability,not.working,with.insurance,white
2018HU1205017,5,1,51045,3,20_29,f,civilian.employed,same.house,i.0.9999,not.citizen,never,no.schooling,without.disability,not.working,with.insurance,white
2018HU1205017,5,1,59303,3,30_39,m,civilian.employed,diff.us.house,i.75000.99999,us.born,married,no.schooling,without.disability,local,with.insurance,white
2018HU1205017,5,1,59305,3,50_59,f,civilian.employed,same.house,i.65000.74999,us.born,never,public,without.disability,not.working,with.insurance,white
2018HU1205017,5,1,51175,3,50_59,m,civilian.employed,same.house,i.50000.64999,us.born,married,no.schooling,without.disability,private.profit,with.insurance,white
2018HU1205017,5,1,51155,3,50_59,f,civilian.employed,diff.us.house,i.75000.99999,us.born,married,no.schooling,without.disability,private.profit,with.insurance,white
2018HU1206635,5,1,51010,3,60_69,f,not.in.labor.force,same.house,i.0.9999,us.born,never,no.schooling,without.disability,not.working,with.insurance,white
2018HU1206635,5,1,51087,3,50_59,f,not.in.labor.force,same.house,i.75000.99999,us.born,divorced,no.schooling,without.disability,not.working,with.insurance,white
2018HU1206953,5,1,51090,3,10_19,f,not.in.labor.force,same.house,i.0.9999,us.born,never,no.schooling,without.disability,federal,with.insurance,white
2018HU1206953,5,1,51215,3,20_29,f,not.in.labor.force,same.house,i.0.9999,us.born,never,no.schooling,without.disability,not.working,with.insurance,two.
2018HU1207251,5,1,51105,3,30_39,f,civilian.employed,same.house,i.75000.99999,us.born,married,no.schooling,without.disability,federal,with.insurance,white
2018HU1207251,5,1,51010,3,10_19,f,civilian.employed,same.house,i.0.9999,us.born,never,no.schooling,with.disability,private.profit,with.insurance,white
2018HU1212382,5,1,51010,3,20_29,m,civilian.employed,same.house,i.0.9999,us.born,married,no.schooling,without.disability,not.working,without.insurance,white
2018HU1212382,5,1,51044,3,40_49,f,not.in.labor.force,same.house,i.0.9999,us.born,married,no.schooling,without.disability,private.no.profit,with.insurance,white
2018HU1214122,5,1,51010,3,20_29,f,not.in.labor.force,same.house,i.65000.74999,us.born,never,no.schooling,without.disability,not.working,with.insurance,white
2018HU1218376,5,1,51097,3,50_59,m,civilian.employed,diff.us.house,i.0.9999,us.born,never,no.schooling,without.disability,not.working,with.insurance,white
2018HU1223164,5,1,51110,3,30_39,f,not.in.labor.force,diff.us.house,i.50000.64999,us.born,never,public,without.disability,not.working,with.insurance,white
2018HU1223164,5,1,51096,3,60_69,m,civilian.employed,same.house,i.50000.64999,us.born,married,no.schooling,without.disability,not.working,with.insurance,white
2018HU1223992,5,1,51010,3,60_69,m,not.in.labor.force,same.house,i.75000.99999,us.born,married,no.schooling,without.disability,private.no.profit,with.insurance,white
2018HU1223992,5,1,51110,3,10_19,f,civilian.employed,same.house,i.0.9999,us.born,never,no.schooling,with.disability,private.profit,with.insurance,white
2018HU1223992,5,1,51040,3,70_79,f,not.in.labor.force,same.house,i.65000.74999,us.born,separated,no.schooling,without.disability,not.working,with.insurance,white
2018HU1223992,5,1,51044,3,40_49,m,civilian.employed,same.house,i.75000.99999,naturalization,never,no.schooling,without.disability,not.working,with.insurance,white
2018HU1224102,5,1,51097,3,60_69,f,civilian.employed,same.house,i.50000.64999,us.born,married,no.schooling,without.disability,federal,with.insurance,white
2018HU1224665,5,1,51115,3,50_59,m,civilian.employed,same.house,i.0.9999,us.born,married,no.schooling,without.disability,not.working,with.insurance,white
2018HU1228028,5,1,51186,3,20_29,m,civilian.employed,same.house,i.0.9999,naturalization,married,public,without.disability,private.profit,with.insurance,white
2018HU1228028,5,1,51097,3,60_69,m,not.in.labor.force,same.house,i.0.9999,us.born,married,public,without.disability,not.working,with.insurance,white
2018HU1228028,5,1,51090,3,60_69,f,civilian.employed,diff.us.house,i.50000.64999,not.citizen,married,no.schooling,without.disability,private.profit,with.insurance,white
2018HU1228028,5,1,51125,3,40_49,f,not.in.labor.force,same.house,i.50000.64999,us.born,never,no.schooling,without.disability,private.profit,with.insurance,white
2018HU1235979,5,1,51154,3,20_29,m,not.in.labor.force,same.house,i.50000.64999,not.citizen,widowed,no.schooling,without.disability,not.working,with.insurance,white
2018HU1235979,5,1,59303,3,0_9,m,civilian.employed,diff.us.house,i.0.9999,not.citizen,divorced,no.schooling,without.disability,private.profit,with.insurance,asian
2018HU1235979,5,1,51235,3,10_19,f,civilian.employed,diff.us.house,i.0.9999,us.born,married,no.schooling,without.disability,private.profit,with.insurance,white
2018HU1235979,5,1,51090,3,60_69,m,civilian.employed,same.house,i.0.9999,not.citizen,married,no.schooling,without.disability,self.employed.no.corp,with.insurance,white
2018HU1236413,5,1,51085,3,60_69,f,unemployed,same.house,i.0.9999,us.born,divorced,no.schooling,without.disability,self.employed.no.corp,with.insurance,asian
2018HU1236413,5,1,51155,3,30_39,f,civilian.employed,same.house,i.50000.64999,naturalization,never,private,without.disability,not.working,with.insurance,white
2018HU1236738,5,1,51125,3,50_59,f,not.in.labor.force,same.house,i.50000.64999,us.born,never,no.schooling,without.disability,federal,with.insurance,white
2018HU1236738,5,1,51096,3,50_59,m,not.in.labor.force,same.house,i.50000.64999,not.citizen,married,no.schooling,without.disability,private.profit,with.insurance,white
2018HU1236738,5,1,51135,3,40_49,f,civilian.employed,same.house,i.50000.64999,us.born,divorced,private,without.disability,self.employed.no.corp,with.insurance,white
2018HU1236738,5,1,51120,3,10_19,f,civilian.employed,same.house,i.75000.99999,us.born,never,no.schooling,without.disability,self.employed.corp,with.insurance,white
2018HU1236738,5,1,4103,3,40_49,f,civilian.employed,abroad.house,i.0.9999,us.born,never,private,with.disability,not.working,with.insurance,white
2018HU1237767,5,1,51080,3,70_79,f,not.in.labor.force,same.house,i.75000.99999,us.born,married,private,without.disability,self.employed.corp,with.insurance,white
2018HU1241270,5,1,51135,3,50_59,f,not.in.labor.force,diff.us.house,i.75000.99999,us.born,divorced,no.schooling,without.disability,federal,with.insurance,white
2018HU1241270,5,1,51135,3,10_19,m,civilian.employed,same.house,i.75000.99999,us.born,married,no.schooling,without.disability,private.profit,with.insurance,white
2018HU1241270,5,1,51045,3,0_9,f,not.in.labor.force,diff.us.house,i.75000.99999,us.born,married,no.schooling,without.disability,not.working,with.insurance,white
2018HU1241270,5,1,51175,3,50_59,f,not.in.labor.force,diff.us.house,i.50000.64999,us.born,never,no.schooling,without.disability,private.profit,with.insurance,white
2018HU1244305,5,1,51206,3,30_39,m,not.in.labor.force,diff.us.house,i.0.9999,us.born,married,no.schooling,without.disability,not.working,with.insurance,white
2018HU1244305,5,1,51090,3,50_59,m,not.in.labor.force,same.house,i.0.9999,not.citizen,separated,no.schooling,without.disability,private.profit,with.insurance,white
2018HU1244305,5,1,51020,3,50_59,f,civilian.employed,diff.us.house,i.0.9999,us.born,married,no.schooling,without.disability,private.profit,with.insurance,white
2018HU1244305,5,1,51090,3,20_29,f,civilian.employed,same.house,i.50000.64999,us.born,divorced,no.schooling,without.disability,self.employed.no.corp,with.insurance,white
2018HU1244305,5,1,51090,3,30_39,m,not.in.labor.force,same.house,i.0.9999,naturalization,never,no.schooling,without.disability,private.no.profit,with.insurance,white
2018HU1244305,5,1,59303,3,50_59,f,civilian.employed,diff.us.house,i.65000.74999,naturalization,married,no.schooling,without.disability,self.employed.corp,with.insurance,white
2018HU1247894,5,1,51135,3,60_69,f,civilian.employed,same.house,i.75000.99999,us.born,never,no.schooling,without.disability,not.working,with.insurance,white
2018HU1247894,5,1,51245,3,60_69,f,civilian.employed,diff.us.house,i.0.9999,us.born,married,no.schooling,without.disability,self.employed.no.corp,with.insurance,white
2018HU1248378,5,1,51044,3,50_59,m,civilian.employed,same.house,i.35000.49999,not.citizen,married,no.schooling,with.disability,not.working,with.insurance,white
2018HU1248995,5,1,51175,3,40_49,f,not.in.labor.force,same.house,i.0.9999,us.born,married,no.schooling,without.disability,private.profit,without.insurance,white
2018HU1248995,5,1,51186,3,20_29,f,civilian.employed,same.house,i.0.9999,us.born,married,no.schooling,without.disability,private.profit,with.insurance,two.
2018HU1248995,5,1,55002,3,50_59,f,civilian.employed,diff.us.house,i.65000.74999,us.born,separated,no.schooling,without.disability,private.profit,with.insurance,asian
2018HU1248995,5,1,51010,3,40_49,f,civilian.employed,same.house,i.0.9999,us.born,divorced,no.schooling,without.disability,local,with.insurance,white
2018HU1251103,5,1,51154,3,70_79,f,not.in.labor.force,same.house,i.0.9999,us.born,married,no.schooling,without.disability,not.working,with.insurance,white
2018HU1251103,5,1,51154,3,10_19,m,not.in.labor.force,same.house,i.0.9999,naturalization,divorced,no.schooling,without.disability,local,with.insurance,white
2018HU1252353,5,1,51125,3,40_49,m,unemployed,same.house,i.75000.99999,us.born,married,public,without.disability,federal,with.insurance,white
2018HU1252353,5,1,51080,3,0_9,f,not.in.labor.force,same.house,i.0.9999,us.born,divorced,no.schooling,without.disability,not.working,with.insurance,white
2018HU1252353,5,1,51206,3,30_39,m,not.in.labor.force,same.house,i.0.9999,us.born,married,no.schooling,without.disability,not.working,with.insurance,white
2018HU1252353,5,1,55002,3,30_39,f,civilian.employed,same.house,i.0.9999,us.born,divorced,public,without.disability,private.profit,with.insurance,white
2018HU1252353,5,1,51020,3,50_59,m,not.in.labor.force,same.house,i.0.9999,naturalization,married,no.schooling,with.disability,private.profit,with.insurance,white
2018HU1253959,5,1,51125,3,0_9,f,civilian.employed,same.house,i.0.9999,not.citizen,married,no.schooling,without.disability,private.profit,with.insurance,white
2018HU1253959,5,1,51087,3,10_19,m,civilian.employed,same.house,i.75000.99999,abroad.born,never,no.schooling,without.disability,federal,with.insurance,asian
2018HU1255706,5,1,51084,3,30_39,f,civilian.employed,same.house,i.0.9999,us.born,never,no.schooling,without.disability,not.working,with.insurance,asian
2018HU1255706,5,1,51154,3,10_19,f,civilian.employed,same.house,i.75000.99999,us.born,never,no.schooling,without.disability,not.working,with.insurance,white
2018HU1255706,5,1,51145,3,20_29,f,civilian.employed,same.house,i.0.9999,us.born,married,private,without.disability,federal,with.insurance,white
2018HU1255920,5,1,51080,3,50_59,f,not.in.labor.force,same.house,i.0.9999,us.born,never,no.schooling,without.disability,not.working,with.insurance,white
2018HU1255920,5,1,51090,3,50_59,m,not.in.labor.force,same.house,i.50000.64999,us.born,never,no.schooling,without.disability,not.working,with.insurance,white
2018HU1255920,5,1,51010,3,30_39,m,civilian.employed,same.house,i.0.9999,us.born,widowed,no.schooling,without.disability,not.working,with.insurance,white
2018HU1255920,5,1,51246,3,30_39,m,not.in.labor.force,same.house,i.65000.74999,us.born,never,no.schooling,without.disability,self.employed.corp,with.insurance,asian
2018HU1258338,5,1,51154,3,70_79,m,civilian.employed,same.house,i.0.9999,us.born,married,public,without.disability,private.profit,with.insurance,white
2018HU1260165,5,1,51167,3,40_49,f,civilian.employed,same.house,i.50000.64999,us.born,married,no.schooling,with.disability,not.working,with.insurance,white
2018HU1264081,5,1,51080,3,30_39,m,not.in.labor.force,same.house,i.0.9999,us.born,married,no.schooling,without.disability,private.profit,with.insurance,white
2018HU1264799,5,1,4102,3,0_9,f,not.in.labor.force,same.house,i.75000.99999,not.citizen,married,no.schooling,without.disability,private.profit,without.insurance,white
2018HU1264799,5,1,51090,3,0_9,f,not.in.labor.force,diff.us.house,i.0.9999,us.born,never,no.schooling,without.disability,federal,with.insurance,white
2018HU1264799,5,1,51020,3,20_29,f,civilian.employed,same.house,i.75000.99999,us.born,divorced,public,with.disability,not.working,with.insurance,two.
2018HU1264799,5,1,4103,3,60_69,m,civilian.employed,same.house,i.75000.99999,us.born,married,public,without.disability,not.working,with.insurance,white
2018HU1266708,5,1,51235,3,60_69,m,unemployed,same.house,i.0.9999,us.born,never,no.schooling,without.disability,private.profit,with.insurance,asian
2018HU1266708,5,1,51045,3,60_69,f,civilian.employed,same.house,i.0.9999,us.born,divorced,no.schooling,without.disability,not.working,with.insurance,white
2018HU1266708,5,1,51135,3,70_79,m,not.in.labor.force,same.house,i.0.9999,naturalization,married,no.schooling,without.disability,not.working,with.insurance,white
2018HU1266708,5,1,51155,3,0_9,f,civilian.employed,same.house,i.75000.99999,us.born,never,no.schooling,without.disability,private.profit,with.insurance,white
2018HU1267122,5,1,51010,3,50_59,f,not.in.labor.force,same.house,i.75000.99999,us.born,married,no.schooling,without.disability,self.employed.no.corp,with.insurance,two.
2018HU1270918,5,1,51096,3,20_29,m,civilian.employed,same.house,i.0.9999,us.born,married,public,without.disability,private.profit,with.insurance,asian
2018HU1272202,5,1,59303,3,0_9,f,civilian.employed,same.house,i.0.9999,us.born,married,no.schooling,without.disability,private.profit,with.insurance,white
2018HU1276129,5,1,51225,3,50_59,m,civilian.employed,same.house,i.75000.99999,us.born,divorced,no.schooling,without.disability,private.profit,without.insurance,asian
2018HU1276129,5,1,51105,3,40_49,f,not.in.labor.force,diff.us.house,i.0.9999,us.born,divorced,no.schooling,without.disability,not.working,with.insurance,asian
2018HU1277676,5,1,51044,3,40_49,m,not.in.labor.force,same.house,i.0.9999,not.citizen,never,no.schooling,without.disability,not.working,with.insurance,white
2018HU1282205,5,1,51255,3,60_69,m,civilian.employed,same.house,i.0.9999,naturalization,never,no.schooling,without.disability,private.profit,with.insurance,white
2018HU1282205,5,1,51135,3,60_69,f,civilian.employed,same.house,i.75000.99999,us.born,never,no.schooling,without.disability,private.profit,with.insurance,two.
2018HU1282205,5,1,51105,3,30_39,f,civilian.employed,same.house,i.0.9999,us.born,divorced,private,without.disability,private.profit,with.insurance,white
2018HU1285272,5,1,51045,3,60_69,f,civilian.employed,same.house,i.0.9999,us.born,married,no.schooling,without.disability,not.working,with.insurance,white
2018HU1285272,5,1,1301,3,80_89,m,civilian.employed,same.house,i.0.9999,us.born,married,no.schooling,with.disability,not.working,with.insurance,white
2018HU1285272,5,1,51154,3,30_39,f,civilian.employed,same.house,i.50000.64999,us.born,married,no.schooling,without.disability,not.working,with.insurance,black
2018HU1285272,5,1,51090,3,40_49,f,not.in.labor.force,same.house,i.0.9999,us.born,married,public,without.disability,private.profit,with.insurance,white
2018HU1285272,5,1,51097,3,60_69,f,civilian.employed,same.house,i.0.9999,us.born,never,private,without.disability,not.working,with.insurance,white
2018HU1285272,5,1,51155,3,60_69,m,civilian.employed,same.house,i.0.9999,us.born,married,no.schooling,with.disability,private.profit,with.insurance,white
2018HU1285272,5,1,51095,3,0_9,m,civilian.employed,same.house,i.0.9999,us.born,divorced,no.schooling,with.disability,not.working,with.insurance,asian
2018HU1287090,5,1,51045,3,50_59,f,not.in.labor.force,same.house,i.35000.49999,us.born,married,no.schooling,without.disability,not.working,with.insurance,asian
2018HU1287090,5,1,51255,3,20_29,f,not.in.labor.force,same.house,i.75000.99999,us.born,divorced,no.schooling,without.disability,not.working,with.insurance,white
2018HU1287090,5,1,51186,3,0_9,m,civilian.employed,same.house,i.0.9999,us.born,never,no.schooling,without.disability,private.profit,with.insurance,two.
2018HU1287090,5,1,51080,3,70_79,m,civilian.employed,same.house,i.75000.99999,us.born,divorced,public,without.disability,private.no.profit,with.insurance,white
2018HU1290093,5,1,51097,3,60_69,f,unemployed,same.house,i.50000.64999,us.born,married,public,without.disability,not.working,with.insurance,other
2018HU1290093,5,1,4103,3,60_69,f,civilian.employed,diff.us.house,i.50000.64999,us.born,widowed,no.schooling,without.disability,private.profit,with.insurance,white
2018HU1296093,5,1,51135,3,30_39,f,civilian.employed,same.house,i.15000.24999,us.born,married,no.schooling,without.disability,private.no.profit,with.insurance,white
2018HU1296093,5,1,51110,3,50_59,m,civilian.employed,diff.us.house,i.65000.74999,us.born,never,no.schooling,without.disability,local,with.insurance,white
2018HU1296093,5,1,51110,3,40_49,m,not.in.labor.force,same.house,i.0.9999,naturalization,married,no.schooling,without.disability,private.profit,with.insurance,white
2018HU1296093,5,1,51044,3,60_69,f,civilian.employed,same.house,i.0.9999,us.born,widowed,no.schooling,without.disability,not.working,with.insurance,white
2018HU1296093,5,1,51020,3,40_49,f,not.in.labor.force,same.house,i.0.9999,us.born,widowed,no.schooling,without.disability,not.working,with.insurance,white
2018HU1296875,5,1,51040,3,60_69,f,not.in.labor.force,same.house,i.0.9999,us.born,never,no.schooling,without.disability,private.profit,with.insurance,white
2018HU1296875,5,1,51186,3,40_49,f,civilian.employed,same.house,i.0.9999,us.born,divorced,no.schooling,without.disability,not.working,with.insurance,two.
2018HU1300874,5,1,51040,3,10_19,f,not.in.labor.force,same.house,i.0.9999,naturalization,never,no.schooling,without.disability,not.working,with.insurance,white
2018HU1300874,5,1,51115,3,40_49,m,not.in.labor.force,same.house,i.0.9999,us.born,married,no.schooling,without.disability,private.profit,with.insurance,black
2018HU1301494,5,1,51095,3,40_49,f,not.in.labor.force,same.house,i.75000.99999,us.born,never,public,without.disability,private.no.profit,with.insurance,white
2018HU1301494,5,1,51096,3,40_49,f,civilian.employed,same.house,i.0.9999,abroad.born,married,no.schooling,without.disability,not.working,with.insurance,white
2018HU1301494,5,1,51154,3,50_59,m,not.in.labor.force,same.house,i.75000.99999,us.born,widowed,no.schooling,without.disability,private.profit,with.insurance,two.
2018HU1301594,5,1,51167,3,70_79,m,not.in.labor.force,same.house,i.0.9999,us.born,married,no.schooling,without.disability,self.employed.no.corp,with.insurance,white
2018HU1301594,5,1,51235,3,40_49,m,civilian.employed,same.house,i.75000.99999,us.born,married,no.schooling,without.disability,federal,with.insurance,white
2018HU1301836,5,1,51206,3,50_59,f,civilian.employed,same.house,i.75000.99999,naturalization,never,no.schooling,without.disability,not.working,with.insurance,white
2018HU1301836,5,1,51090,3,60_69,f,civilian.employed,same.house,i.75000.99999,us.born,never,no.schooling,with.disability,private.profit,with.insurance,white
2018HU1309053,5,1,1301,3,60_69,f,not.in.labor.force,same.house,i.75000.99999,us.born,separated,no.schooling,without.disability,local,with.insurance,asian
2018HU1309053,5,1,51110,3,70_79,m,not.in.labor.force,same.house,i.50000.64999,naturalization,married,no.schooling,without.disability,not.working,with.insurance,white
2018HU1309053,5,1,51040,3,40_49,m,not.in.labor.force,same.house,i.0.9999,us.born,married,no.schooling,without.disability,not.working,with.insurance,asian
2018HU1309053,5,1,51095,3,40_49,m,civilian.employed,same.house,i.0.9999,us.born,married,no.schooling,without.disability,private.profit,with.insurance,black
2018HU1309053,5,1,51090,3,60_69,f,not.in.labor.force,same.house,i.75000.99999,us.born,never,public,with.disability,private.no.profit,with.insurance,asian
2018HU1309053,5,1,51110,3,60_69,m,civilian.employed,same.house,i.0.9999,us.born,married,no.schooling,without.disability,not.working,with.insurance,white
2018HU1315314,5,1,4103,3,10_19,m,civilian.employed,same.house,i.0.9999,us.born,never,no.schooling,without.disability,not.working,with.insurance,white
2018HU1315314,5,1,51045,3,10_19,m,not.in.labor.force,same.house,i.65000.74999,us.born,never,no.schooling,without.disability,private.profit,with.insurance,asian
2018HU1315314,5,1,51090,3,0_9,f,civilian.employed,same.house,i.75000.99999,us.born,widowed,no.schooling,with.disability,private.no.profit,with.insurance,white
2018HU1315877,5,1,51045,3,50_59,f,not.in.labor.force,diff.us.house,i.0.9999,naturalization,widowed,no.schooling,without.disability,local,with.insurance,white
2018HU1315877,5,1,51154,3,50_59,m,civilian.employed,same.house,i.0.9999,us.born,married,no.schooling,without.disability,federal,with.insurance,white
2018HU1317363,5,1,51090,3,40_49,m,unemployed,same.house,i.0.9999,not.citizen,married,no.schooling,without.disability,local,with.insurance,white
2018HU1320215,5,1,51096,3,20_29,m,civilian.employed,same.house,i.50000.64999,us.born,divorced,no.schooling,without.disability,not.working,with.insurance,white
2018HU1320215,5,1,51120,3,80_89,f,civilian.employed,abroad.house,i.65000.74999,us.born,never,no.schooling,without.disability,not.working,with.insurance,two.
2018HU1320215,5,1,51110,3,60_69,m,not.in.labor.force,same.house,i.65000.74999,us.born,married,no.schooling,without.disability,private.profit,with.insurance,white
2018HU1320215,5,1,51097,3,30_39,f,civilian.employed,diff.us.house,i.0.9999,us.born,married,no.schooling,without.disability,self.employed.no.corp,with.insurance,white
2018HU1320215,5,1,51235,3,50_59,f,civilian.employed,same.house,i.0.9999,us.born,divorced,public,without.disability,private.no.profit,with.insurance,white
2018HU1320215,5,1,51044,3,60_69,f,civilian.employed,same.house,i.0.9999,us.born,married,no.schooling,without.disability,private.profit,with.insurance,white
2018HU1320215,5,1,59306,3,60_69,f,civilian.employed,diff.us.house,i.75000.99999,us.born,married,no.schooling,with.disability,not.working,with.insurance,white
2018HU1320742,5,1,51090,3,0_9,m,civilian.employed,same.house,i.0.9999,us.born,married,no.schooling,without.disability,private.profit,with.insurance,white
2018HU1321510,5,1,55002,3,50_59,f,civilian.employed,same.house,i.50000.64999,us.born,divorced,no.schooling,without.disability,private.profit,with.insurance,white
2018HU1321510,5,1,51154,3,20_29,m,not.in.labor.force,same.house,i.0.9999,puerto.rico.born,divorced,no.schooling,without.disability,not.working,with.insurance,asian
2018HU1325092,5,1,51154,3,50_59,f,civilian.employed,same.house,i.0.9999,us.born,married,no.schooling,without.disability,not.working,with.insurance,white
2018HU1325092,5,1,51096,3,50_59,f,not.in.labor.force,same.house,i.0.9999,us.born,divorced,no.schooling,without.disability,private.no.profit,with.insurance,white
2018HU1325092,5,1,51246,3,80_89,m,not.in.labor.force,same.house,i.0.9999,not.citizen,married,no.schooling,with.disability,not.working,with.insurance,white
2018HU1325134,5,1,51175,3,50_59,m,not.in.labor.force,same.house,i.75000.99999,us.born,never,no.schooling,without.disability,self.employed.corp,with.insurance,white
2018HU1325134,5,1,51089,3,20_29,m,not.in.labor.force,same.house,i.50000.64999,naturalization,widowed,no.schooling,without.disability,not.working,with.insurance,asian
2018HU1325134,5,1,51020,3,70_79,f,not.in.labor.force,diff.us.house,i.75000.99999,us.born,never,no.schooling,without.disability,not.working,with.insurance,white
2018HU1325134,5,1,51186,3,60_69,m,not.in.labor.force,same.house,i.0.9999,us.born,separated,no.schooling,without.disability,not.working,with.insurance,two.
2018HU1325134,5,1,51115,3,30_39,f,not.in.labor.force,same.house,i.0.9999,us.born,never,no.schooling,without.disability,not.working,with.insurance,white
2018HU1326604,5,1,4101,3,30_39,f,civilian.employed,diff.us.house,i.0.9999,us.born,never,no.schooling,without.disability,federal,with.insurance,white
2018HU1326604,5,1,51235,3,40_49,m,not.in.labor.force,same.house,i.0.9999,us.born,widowed,no.schooling,without.disability,private.profit,with.insurance,white
2018HU1326604,5,1,51020,3,10_19,f,civilian.employed,same.house,i.0.9999,us.born,never,no.schooling,without.disability,private.profit,with.insurance,white
2018HU1329574,5,1,51235,3,30_39,m,civilian.employed,same.house,i.35000.49999,us.born,divorced,no.schooling,without.disability,not.working,with.insurance,white
2018HU1330618,5,1,51175,3,40_49,m,unemployed,same.house,i.0.9999,us.born,married,no.schooling,without.disability,not.working,with.insurance,asian
2018HU1330618,5,1,51145,3,60_69,f,civilian.employed,same.house,i.0.9999,us.born,widowed,no.schooling,without.disability,not.working,with.insurance,white
2018HU1330618,5,1,59303,3,30_39,m,not.in.labor.force,same.house,i.0.9999,us.born,never,no.schooling,without.disability,not.working,with.insurance,white
2018HU1330618,5,1,51105,3,60_69,m,not.in.labor.force,same.house,i.75000.99999,us.born,never,no.schooling,without.disability,state,with.insurance,white
2018HU1333431,5,1,51040,3,30_39,m,not.in.labor.force,same.house,i.0.9999,us.born,married,no.schooling,without.disability,private.profit,with.insurance,white
2018HU1333431,5,1,51045,3,60_69,f,not.in.labor.force,same.house,i.0.9999,us.born,divorced,no.schooling,without.disability,private.profit,with.insurance,white
2018HU1334250,5,1,51040,3,60_69,f,civilian.employed,diff.us.house,i.75000.99999,us.born,divorced,no.schooling,without.disability,private.profit,with.insurance,white
2018HU1334250,5,1,59308,3,10_19,f,civilian.employed,same.house,i.0.9999,us.born,married,no.schooling,without.disability,private.profit,with.insurance,asian
2018HU1334415,5,1,51096,3,20_29,m,civilian.employed,same.house,i.0.9999,us.born,never,no.schooling,without.disability,private.profit,with.insurance,white
2018HU1335317,5,1,51040,3,20_29,f,not.in.labor.force,same.house,i.0.9999,us.born,married,no.schooling,without.disability,private.profit,with.insurance,white
2018HU1336114,5,1,51010,3,60_69,f,civilian.employed,same.house,i.0.9999,not.citizen,married,public,without.disability,not.working,with.insurance,white
2018HU1336114,5,1,51215,3,70_79,f,civilian.employed,same.house,i.0.9999,us.born,divorced,private,without.disability,private.profit,with.insurance,white
2018HU1336114,5,1,51167,3,20_29,m,civilian.employed,same.house,i.50000.64999,us.born,never,no.schooling,without.disability,federal,with.insurance,white
2018HU1336114,5,1,4102,3,0_9,m,civilian.employed,same.house,i.75000.99999,us.born,married,private,without.disability,not.working,with.insurance,asian
2018HU1336793,5,1,51110,3,10_19,m,civilian.employed,same.house,i.75000.99999,us.born,never,no.schooling,without.disability,private.no.profit,with.insurance,white
2018HU1336793,5,1,51224,3,60_69,f,civilian.employed,same.house,i.75000.99999,us.born,married,no.schooling,without.disability,not.working,with.insurance,asian
2018HU1336899,5,1,51020,3,50_59,f,civilian.employed,same.house,i.0.9999,us.born,married,no.schooling,without.disability,federal,with.insurance,white
2018HU1336899,5,1,51175,3,60_69,f,civilian.employed,same.house,i.0.9999,not.citizen,married,no.schooling,without.disability,private.no.profit,with.insurance,white
2018HU1336899,5,1,55001,3,60_69,f,not.in.labor.force,same.house,i.50000.64999,not.citizen,never,no.schooling,without.disability,private.profit,with.insurance,white
2018HU1336899,5,1,51090,3,0_9,m,civilian.employed,diff.us.house,i.0.9999,us.born,never,no.schooling,without.disability,federal,with.insurance,white
2018HU1337267,5,1,51040,3,0_9,f,civilian.employed,same.house,i.0.9999,us.born,never,no.schooling,without.disability,private.profit,with.insurance,white
2018HU1337267,5,1,51010,3,40_49,m,civilian.employed,same.house,i.0.9999,us.born,married,no.schooling,without.disability,private.profit,with.insurance,white
2018HU1340391,5,1,4101,3,0_9,f,civilian.employed,same.house,i.0.9999,us.born,never,no.schooling,without.disability,not.working,with.insurance,white
2018HU1342198,5,1,51090,3,50_59,f,civilian.employed,same.house,i.75000.99999,us.born,widowed,no.schooling,without.disability,private.profit,with.insurance,white
2018HU1342198,5,1,51175,3,40_49,m,not.in.labor.force,same.house,i.50000.64999,us.born,widowed,no.schooling,without.disability,private.profit,with.insurance,white
2018HU1343440,5,1,51154,3,0_9,f,civilian.employed,same.house,i.50000.64999,us.born,never,public,without.disability,federal,with.insurance,white
2018HU1343440,5,1,51096,3,70_79,f,civilian.employed,same.house,i.50000.64999,us.born,never,no.schooling,without.disability,private.profit,with.insurance,white
2018HU1350708,5,1,51135,3,20_29,f,not.in.labor.force,same.house,i.75000.99999,us.born,married,no.schooling,without.disability,self.employed.corp,with.insurance,white
2018HU1350708,5,1,51235,3,40_49,m,civilian.employed,same.house,i.0.9999,us.born,married,no.schooling,without.disability,local,with.insurance,two.
2018HU1350708,5,1,51045,3,0_9,f,unemployed,same.house,i.75000.99999,naturalization,married,no.schooling,without.disability,self.employed.no.corp,with.insurance,white
2018HU1350708,5,1,51245,3,60_69,m,civilian.employed,same.house,i.0.9999,us.born,divorced,no.schooling,without.disability,private.profit,with.insurance,white
2018HU1350708,5,1,51125,3,40_49,f,not.in.labor.force,same.house,i.0.9999,us.born,never,no.schooling,without.disability,not.working,with.insurance,white
2018HU1350708,5,1,51105,3,40_49,f,civilian.employed,same.house,i.0.9999,us.born,never,no.schooling,without.disability,private.profit,with.insurance,white
2018HU1352455,5,1,51154,3,30_39,m,not.in.labor.force,same.house,i.75000.99999,us.born,widowed,no.schooling,without.disability,not.working,with.insurance,black
2018HU1355470,5,1,51215,3,50_59,f,not.in.labor.force,diff.us.house,i.75000.99999,us.born,married,no.schooling,without.disability,private.profit,with.insurance,white
2018HU1356056,5,1,51115,3,20_29,f,civilian.employed,same.house,i.75000.99999,us.born,married,no.schooling,without.disability,federal,with.insurance,white
2018HU1362191,5,1,51040,3,60_69,f,civilian.employed,diff.us.house,i.0.9999,us.born,never,no.schooling,without.disability,federal,with.insurance,white
2018HU1362191,5,1,51206,3,0_9,f,civilian.employed,same.house,i.75000.99999,us.born,divorced,no.schooling,without.disability,not.working,with.insurance,white
2018HU1362191,5,1,51154,3,40_49,f,not.in.labor.force,same.house,i.0.9999,us.born,married,no.schooling,without.disability,private.no.profit,with.insurance,two.
2018HU1367325,5,1,51096,3,0_9,f,civilian.employed,same.house,i.75000.99999,us.born,married,no.schooling,without.disability,not.working,with.insurance,white
2018HU1372349,5,1,51215,3,40_49,f,civilian.employed,same.house,i.0.9999,us.born,divorced,no.schooling,without.disability,not.working,with.insurance,white
2018HU1372349,5,1,51110,3,0_9,f,civilian.employed,same.house,i.0.9999,us.born,married,no.schooling,without.disability,private.profit,with.insurance,white
2018HU1372780,5,1,51154,3,40_49,f,civilian.employed,same.house,i.0.9999,us.born,never,no.schooling,without.disability,private.profit,with.insurance,two.
2018HU1372780,5,1,51186,3,40_49,m,not.in.labor.force,same.house,i.75000.99999,us.born,never,no.schooling,without.disability,self.employed.corp,with.insurance,white
2018HU1375230,5,1,51110,3,30_39,m,not.in.labor.force,same.house,i.50000.64999,us.born,widowed,no.schooling,without.disability,federal,with.insurance,asian
2018HU1375651,5,1,51040,3,0_9,m,not.in.labor.force,same.house,i.75000.99999,us.born,married,public,without.disability,not.working,with.insurance,white
2018HU1375651,5,1,51145,3,60_69,f,civilian.employed,diff.us.house,i.0.9999,us.born,married,no.schooling,without.disability,private.profit,with.insurance,black
2018HU1375651,5,1,51010,3,30_39,f,civilian.employed,diff.us.house,i.0.9999,us.born,never,no.schooling,without.disability,private.profit,with.insurance,white
2018HU1375651,5,1,55001,3,50_59,f,not.in.labor.force,same.house,i.65000.74999,us.born,separated,private,without.disability,self.employed.no.corp,with.insurance,black
2018HU1375651,5,1,51206,3,60_69,m,not.in.labor.force,diff.us.house,i.75000.99999,us.born,widowed,no.schooling,without.disability,self.employed.corp,with.insurance,two.
2018HU1376305,5,1,51125,3,20_29,m,not.in.labor.force,same.house,i.65000.74999,us.born,married,public,without.disability,private.profit,with.insurance,white
2018HU1379600,5,1,51010,3,30_39,f,civilian.employed,same.house,i.0.9999,us.born,never,no.schooling,without.disability,local,with.insurance,white
2018HU1379600,5,1,51145,3,20_29,m,civilian.employed,same.house,i.35000.49999,us.born,married,no.schooling,without.disability,federal,with.insurance,white
2018HU1379600,5,1,51135,3,70_79,f,civilian.employed,same.house,i.0.9999,us.born,married,no.schooling,without.disability,not.working,with.insurance,white
2018HU1379600,5,1,51089,3,40_49,m,not.in.labor.force,same.house,i.50000.64999,us.born,married,no.schooling,without.disability,private.profit,with.insurance,white
2018HU1381109,5,1,51085,3,60_69,m,civilian.employed,same.house,i.25000.34999,us.born,married,no.schooling,without.disability,not.working,with.insurance,white
2018HU1386976,5,1,51044,3,60_69,f,civilian.employed,abroad.house,i.0.9999,us.born,never,no.schooling,without.disability,private.profit,with.insurance,white
2018HU1386976,5,1,51040,3,0_9,f,not.in.labor.force,same.house,i.65000.74999,us.born,never,no.schooling,without.disability,private.profit,with.insurance,asian
2018HU1386976,5,1,51044,3,40_49,f,civilian.employed,same.house,i.0.9999,abroad.born,widowed,no.schooling,without.disability,private.profit,with.insurance,white
2018HU1386976,5,1,51080,3,70_79,f,civilian.employed,same.house,i.0.9999,us.born,never,no.schooling,without.disability,not.working,with.insurance,white
2018HU1386976,5,1,51040,3,30_39,f,civilian.employed,same.house,i.75000.99999,us.born,divorced,no.schooling,without.disability,not.working,with.insurance,white
2018HU1386976,5,1,55002,3,50_59,m,civilian.employed,same.house,i.0.9999,abroad.born,married,no.schooling,without.disability,not.working,with.insurance,white
2018HU1389084,5,1,51096,3,0_9,m,not.in.labor.force,same.house,i.75000.99999,us.born,divorced,no.schooling,without.disability,private.no.profit,with.insurance,white
2018HU1392404,5,1,51044,3,40_49,f,civilian.employed,same.house,i.0.9999,puerto.rico.born,never,private,without.disability,not.working,with.insurance,white
2018HU1392404,5,1,51084,3,80_89,m,civilian.employed,same.house,i.0.9999,us.born,never,no.schooling,without.disability,not.working,with.insurance,white
2018HU1392957,5,1,51167,3,10_19,f,civilian.employed,same.house,i.25000.34999,us.born,widowed,no.schooling,without.disability,federal,with.insurance,white
2018HU1392957,5,1,51105,3,0_9,f,not.in.labor.force,same.house,i.0.9999,abroad.born,married,public,without.disability,not.working,with.insurance,white
2018HU1392957,5,1,51110,3,60_69,f,not.in.labor.force,same.house,i.0.9999,not.citizen,married,no.schooling,without.disability,not.working,with.insurance,white
2018HU1396803,5,1,51135,3,60_69,m,civilian.employed,same.house,i.0.9999,us.born,divorced,no.schooling,without.disability,not.working,with.insurance,white
2018HU1396803,5,1,51235,3,50_59,f,not.in.labor.force,same.house,i.0.9999,us.born,never,no.schooling,without.disability,private.profit,with.insurance,white
2018HU1399525,5,1,51020,3,60_69,f,not.in.labor.force,same.house,i.0.9999,not.citizen,never,no.schooling,without.disability,not.working,with.insurance,asian
2018HU1399525,5,1,51125,3,40_49,f,not.in.labor.force,same.house,i.0.9999,us.born,married,no.schooling,without.disability,not.working,with.insurance,white
2018GQ0025072,5,1,51010,3,50_59,m,not.in.labor.force,same.house,i.50000.64999,us.born,divorced,private,without.disability,federal,with.insurance,white
2018GQ0055587,5,1,51040,3,10_19,f,not.in.labor.force,same.house,i.0.9999,us.born,married,no.schooling,without.disability,private.profit,with.insurance,white
2018GQ0056478,5,1,51255,3,20_29,m,not.in.labor.force,same.house,i.0.9999,abroad.born,never,no.schooling,without.disability,not.working,with.insurance,white
2018GQ0068252,5,1,51155,3,30_39,m,not.in.labor.force,abroad.house,i.0.9999,naturalization,never,public,without.disability,private.profit,with.insurance,asian
2018GQ0072074,5,1,51245,3,20_29,f,civilian.employed,abroad.house,i.0.9999,us.born,married,no.schooling,without.disability,not.working,with.insurance,asian
2018GQ0085501,5,1,55002,3,40_49,m,civilian.employed,same.house,i.0.9999,us.born,never,no.schooling,without.disability,federal,with.insurance,white
2018GQ0125326,5,1,59303,3,40_49,m,not.in.labor.force,same.house,i.75000.99999,us.born,married,no.schooling,without.disability,not.working,with.insurance,white
2018GQ0129890,5,1,51040,3,50_59,m,not.in.labor.force,same.house,i.0.9999,us.born,married,no.schooling,without.disability,private.profit,with.insurance,white
2018GQ0138902,5,1,51110,3,0_9,m,civilian.employed,same.house,i.75000.99999,us.born,never,no.schooling,without.disability,federal,with.insurance,white
2018GQ0153536,5,1,51206,3,40_49,f,civilian.employed,diff.us.house,i.0.9999,us.born,never,no.schooling,without.disability,self.employed.corp,with.insurance,white
2018HU0004484,5,1,51154,3,50_59,f,not.in.labor.force,diff.us.house,i.75000.99999,us.born,married,no.schooling,without.disability,federal,with.insurance,white
2018HU0004484,5,1,51154,3,30_39,f,civilian.employed,same.house,i.0.9999,us.born,widowed,no.schooling,without.disability,local,with.insurance,white
2018HU0007646,5,1,51225,3,60_69,m,not.in.labor.force,same.house,i.75000.99999,us.born,married,no.schooling,without.disability,federal,without.insurance,asian
2018HU0007646,5,1,51110,3,20_29,m,civilian.employed,same.house,i.0.9999,us.born,never,no.schooling,without.disability,private.profit,with.insurance,asian
2018HU0010487,5,1,51215,3,80_89,f,civilian.employed,same.house,i.0.9999,us.born,married,no.schooling,without.disability,not.working,with.insurance,white
2018HU0013722,5,1,51155,3,0_9,f,not.in.labor.force,diff.us.house,i.0.9999,us.born,never,no.schooling,without.disability,private.profit,with.insurance,white
2018HU0013722,5,1,51154,3,30_39,m,unemployed,same.house,i.0.9999,us.born,separated,no.schooling,without.disability,federal,with.insurance,white
2018HU0014143,5,1,55001,3,50_59,f,civilian.employed,same.house,i.0.9999,not.citizen,married,no.schooling,without.disability,not.working,with.insurance,white
2018HU0014143,5,1,51090,3,0_9,f,not.in.labor.force,same.house,i.75000.99999,naturalization,never,no.schooling,without.disability,private.profit,with.insurance,white
2018HU0014143,5,1,51089,3,60_69,f,not.in.labor.force,same.house,i.0.9999,not.citizen,divorced,no.schooling,without.disability,private.profit,with.insurance,white
2018HU0014143,5,1,51045,3,40_49,m,not.in.labor.force,same.house,i.75000.99999,naturalization,married,public,without.disability,local,with.insurance,white
2018HU0014143,5,1,51105,3,20_29,f,civilian.employed,same.house,i.0.9999,naturalization,never,public,without.disability,not.working,with.insurance,asian
2018HU0014143,5,1,51155,3,0_9,m,civilian.employed,same.house,i.35000.49999,us.born,never,no.schooling,without.disability,not.working,with.insurance,white
2018HU0015613,5,1,51080,3,60_69,m,not.in.labor.force,diff.us.house,i.0.9999,us.born,married,no.schooling,without.disability,private.profit,with.insurance,white
2018HU0015624,5,1,59302,3,20_29,f,civilian.employed,same.house,i.0.9999,us.born,married,private,without.disability,private.profit,with.insurance,asian
2018HU0015624,5,1,51045,3,50_59,f,civilian.employed,diff.us.house,i.0.9999,us.born,never,no.schooling,without.disability,local,with.insurance,white
2018HU0015624,5,1,51115,3,60_69,m,civilian.employed,same.house,i.0.9999,us.born,married,no.schooling,without.disability,federal,with.insurance,white
2018HU0017675,5,1,51244,3,50_59,f,civilian.employed,same.house,i.75000.99999,us.born,married,no.schooling,without.disability,private.no.profit,with.insurance,white
2018HU0017675,5,1,51154,3,20_29,m,not.in.labor.force,same.house,i.0.9999,us.born,never,no.schooling,without.disability,self.employed.no.corp,with.insurance,asian
2018HU0018795,5,1,51164,3,40_49,m,civilian.employed,same.house,i.75000.99999,us.born,separated,public,without.disability,not.working,with.insurance,white
2018HU0021188,5,1,51020,3,20_29,m,not.in.labor.force,diff.us.house,i.65000.74999,us.born,never,no.schooling,without.disability,self.employed.no.corp,with.insurance,white
2018HU0021188,5,1,51045,3,50_59,f,not.in.labor.force,same.house,i.0.9999,abroad.born,married,private,without.disability,not.working,with.insurance,white
2018HU0021188,5,1,51010,3,20_29,f,civilian.employed,same.house,i.75000.99999,us.born,never,no.schooling,without.disability,private.no.profit,with.insurance,white
2018HU0021188,5,1,51096,3,0_9,f,not.in.labor.force,same.house,i.50000.64999,us.born,married,no.schooling,without.disability,private.profit,with.insurance,white
2018HU0021982,5,1,51145,3,50_59,f,civilian.employed,same.house,i.65000.74999,us.born,married,no.schooling,without.disability,self.employed.no.corp,with.insurance,white
2018HU0021982,5,1,51145,3,70_79,f,civilian.employed,same.house,i.75000.99999,us.born,married,no.schooling,without.disability,not.working,with.insurance,white
2018HU0021982,5,1,51105,3,60_69,m,civilian.employed,diff.us.house,i.75000.99999,us.born,never,no.schooling,without.disability,federal,with.insurance,asian
2018HU0022320,5,1,55002,3,0_9,f,civilian.employed,same.house,i.0.9999,us.born,never,no.schooling,without.disability,not.working,with.insurance,white
2018HU0022320,5,1,51080,3,50_59,f,civilian.employed,same.house,i.0.9999,us.born,divorced,no.schooling,without.disability,not.working,with.insurance,black
2018HU0022320,5,1,51096,3,30_39,f,civilian.employed,same.house,i.0.9999,us.born,separated,no.schooling,without.disability,not.working,with.insurance,white
2018HU0025156,5,1,51045,3,10_19,m,not.in.labor.force,same.house,i.0.9999,us.born,married,no.schooling,without.disability,private.profit,with.insurance,white
2018HU0025156,5,1,51155,3,30_39,f,civilian.employed,same.house,i.0.9999,us.born,married,no.schooling,without.disability,self.employed.no.corp,with.insurance,white
2018HU0025156,5,1,51040,3,50_59,m,civilian.employed,same.house,i.0.9999,us.born,married,no.schooling,without.disability,not.working,with.insurance,white
2018HU0025156,5,1,59302,3,50_59,f,not.in.labor.force,same.house,i.65000.74999,us.born,divorced,public,without.disability,not.working,with.insurance,white
2018HU0027344,5,1,51155,3,70_79,f,civilian.employed,same.house,i.75000.99999,us.born,never,no.schooling,without.disability,not.working,with.insurance,two.
2018HU0027344,5,1,51155,3,30_39,f,not.in.labor.force,same.house,i.65000.74999,us.born,married,no.schooling,without.disability,not.working,with.insurance,two.
2018HU0031191,5,1,51110,3,30_39,f,civilian.employed,same.house,i.0.9999,us.born,never,no.schooling,without.disability,not.working,with.insurance,two.
2018HU0033912,5,1,59303,3,20_29,f,civilian.employed,same.house,i.50000.64999,us.born,married,no.schooling,without.disability,not.working,with.insurance,white
2018HU0033912,5,1,51045,3,60_69,m,civilian.employed,same.house,i.0.9999,naturalization,never,public,without.disability,not.working,with.insurance,asian
2018HU0033912,5,1,51045,3,50_59,f,not.in.labor.force,diff.us.house,i.75000.99999,us.born,married,no.schooling,without.disability,private.profit,with.insurance,asian
2018HU0034881,5,1,51090,3,0_9,f,not.in.labor.force,same.house,i.75000.99999,us.born,never,no.schooling,without.disability,private.profit,with.insurance,white
2018HU0034881,5,1,51154,3,50_59,f,civilian.employed,same.house,i.0.9999,naturalization,married,no.schooling,without.disability,not.working,with.insurance,asian
2018HU0037359,5,1,51154,3,60_69,m,civilian.employed,same.house,i.0.9999,us.born,married,no.schooling,without.disability,not.working,with.insurance,two.
2018HU0037359,5,1,51045,3,30_39,m,civilian.employed,same.house,i.75000.99999,naturalization,married,no.schooling,without.disability,local,with.insurance,asian
2018HU0037359,5,1,51096,3,30_39,m,civilian.employed,same.house,i.0.9999,us.born,widowed,no.schooling,without.disability,private.profit,with.insurance,white
2018HU0039296,5,1,51206,3,50_59,m,civilian.employed,same.house,i.0.9999,us.born,divorced,no.schooling,without.disability,not.working,without.insurance,white
2018HU0039296,5,1,55002,3,50_59,f,civilian.employed,same.house,i.0.9999,us.born,never,no.schooling,with.disability,private.profit,with.insurance,white
2018HU0039458,5,1,51135,3,60_69,m,not.in.labor.force,same.house,i.0.9999,us.born,married,no.schooling,without.disability,private.profit,with.insurance,white
2018HU0039458,5,1,51090,3,50_59,f,civilian.employed,same.house,i.0.9999,not.citizen,married,no.schooling,without.disability,private.profit,with.insurance,white
2018HU0040732,5,1,51096,3,70_79,m,civilian.employed,same.house,i.0.9999,us.born,married,public,without.disability,self.employed.no.corp,with.insurance,asian
2018HU0040732,5,1,51105,3,50_59,m,civilian.employed,same.house,i.0.9999,us.born,divorced,no.schooling,without.disability,federal,with.insurance,white
2018HU0040732,5,1,51245,3,30_39,m,civilian.employed,same.house,i.65000.74999,naturalization,married,no.schooling,without.disability,federal,with.insurance,white
2018HU0045924,5,1,51090,3,10_19,f,civilian.employed,same.house,i.0.9999,us.born,separated,private,without.disability,not.working,with.insurance,white
2018HU0045924,5,1,59303,3,0_9,f,civilian.employed,same.house,i.0.9999,us.born,never,no.schooling,without.disability,not.working,without.insurance,white
2018HU0050360,5,1,51089,3,50_59,f,civilian.employed,same.house,i.0.9999,us.born,never,no.schooling,with.disability,not.working,with.insurance,white
2018HU0050360,5,1,51096,3,50_59,f,civilian.employed,diff.us.house,i.75000.99999,us.born,never,no.schooling,without.disability,private.profit,with.insurance,white
2018HU0050360,5,1,51235,3,10_19,f,civilian.employed,same.house,i.75000.99999,us.born,never,no.schooling,without.disability,private.profit,with.insurance,white
2018HU0050360,5,1,55002,3,40_49,f,civilian.employed,same.house,i.0.9999,us.born,separated,no.schooling,without.disability,federal,with.insurance,white
2018HU0051450,5,1,51040,3,20_29,m,civilian.employed,same.house,i.0.9999,us.born,widowed,public,without.disability,private.profit,with.insurance,white
2018HU0051450,5,1,51090,3,50_59,f,civilian.employed,same.house,i.75000.99999,not.citizen,divorced,no.schooling,without.disability,not.working,with.insurance,white
2018HU0051450,5,1,51224,3,0_9,m,civilian.employed,same.house,i.0.9999,us.born,never,no.schooling,without.disability,federal,with.insurance,white
2018HU0052185,5,1,51105,3,50_59,f,not.in.labor.force,same.house,i.0.9999,us.born,never,no.schooling,without.disability,private.profit,with.insurance,white
2018HU0052185,5,1,51090,3,70_79,m,civilian.employed,same.house,i.0.9999,us.born,married,no.schooling,without.disability,not.working,with.insurance,white
2018HU0054587,5,1,51097,3,0_9,f,civilian.employed,same.house,i.35000.49999,naturalization,married,no.schooling,without.disability,not.working,with.insurance,white
2018HU0054587,5,1,51115,3,0_9,f,civilian.employed,same.house,i.0.9999,us.born,divorced,no.schooling,without.disability,local,with.insurance,white
2018HU0054587,5,1,51175,3,40_49,f,civilian.employed,same.house,i.75000.99999,naturalization,married,public,without.disability,local,with.insurance,asian
2018HU0057650,5,1,51135,3,20_29,m,not.in.labor.force,same.house,i.75000.99999,us.born,married,no.schooling,without.disability,private.profit,with.insurance,white
2018HU0057650,5,1,51154,3,50_59,f,civilian.employed,same.house,i.65000.74999,naturalization,married,no.schooling,without.disability,self.employed.no.corp,with.insurance,white
2018HU0057650,5,1,51105,3,40_49,f,civilian.employed,same.house,i.0.9999,us.born,widowed,no.schooling,without.disability,not.working,with.insurance,white
2018HU0057650,5,1,51095,3,10_19,m,civilian.employed,same.house,i.0.9999,us.born,separated,no.schooling,without.disability,not.working,with.insurance,white
2018HU0058453,5,1,51084,3,60_69,m,not.in.labor.force,diff.us.house,i.0.9999,us.born,never,no.schooling,without.disability,private.profit,with.insurance,asian
2018HU0058453,5,1,51215,3,0_9,f,not.in.labor.force,same.house,i.0.9999,us.born,married,no.schooling,without.disability,not.working,with.insurance,asian
2018HU0058453,5,1,59303,3,10_19,f,unemployed,same.house,i.0.9999,us.born,divorced,no.schooling,without.disability,federal,with.insurance,white
2018HU0058453,5,1,51135,3,30_39,m,civilian.employed,same.house,i.0.9999,us.born,never,no.schooling,without.disability,private.no.profit,with.insurance,white
2018HU0062256,5,1,51206,3,70_79,f,not.in.labor.force,same.house,i.0.9999,us.born,never,no.schooling,without.disability,self.employed.no.corp,with.insurance,white
2018HU0062256,5,1,51110,3,60_69,m,not.in.labor.force,same.house,i.75000.99999,us.born,married,no.schooling,without.disability,private.profit,with.insurance,black
2018HU0062256,5,1,51125,3,80_89,f,not.in.labor.force,same.house,i.0.9999,us.born,married,no.schooling,without.disability,private.profit,with.insurance,white
2018HU0062256,5,1,51080,3,50_59,f,civilian.employed,same.house,i.75000.99999,us.born,divorced,no.schooling,without.disability,not.working,with.insurance,white
2018HU0066229,5,1,51135,3,50_59,f,civilian.employed,same.house,i.0.9999,us.born,married,no.schooling,without.disability,federal,with.insurance,white
2018HU0066629,5,1,51090,3,20_29,m,not.in.labor.force,same.house,i.25000.34999,us.born,married,no.schooling,without.disability,federal,with.insurance,white
2018HU0066629,5,1,51096,3,50_59,f,civilian.employed,same.house,i.50000.64999,us.born,never,no.schooling,without.disability,private.profit,with.insurance,white
2018HU0069142,5,1,59303,3,0_9,f,not.in.labor.force,same.house,i.50000.64999,us.born,married,no.schooling,without.disability,private.profit,with.insurance,white
2018HU0070502,5,1,4102,3,60_69,m,not.in.labor.force,diff.us.house,i.50000.64999,us.born,married,no.schooling,with.disability,not.working,with.insurance,white
2018HU0070502,5,1,51154,3,40_49,f,civilian.employed,diff.us.house,i.0.9999,us.born,widowed,public,without.disability,not.working,with.insurance,white
2018HU0070502,5,1,51164,3,50_59,f,civilian.employed,diff.us.house,i.0.9999,us.born,never,no.schooling,without.disability,not.working,with.insurance,white
2018HU0071861,5,1,51084,3,70_79,f,not.in.labor.force,same.house,i.0.9999,naturalization,married,no.schooling,without.disability,private.profit,with.insurance,white
2018HU0071861,5,1,51154,3,20_29,f,civilian.employed,same.house,i.0.9999,not.citizen,married,no.schooling,with.disability,not.working,without.insurance,white
2018HU0072229,5,1,51244,3,70_79,f,civilian.employed,same.house,i.50000.64999,us.born,married,no.schooling,without.disability,not.working,with.insurance,white
2018HU0072229,5,1,51080,3,50_59,m,civilian.employed,same.house,i.75000.99999,us.born,never,no.schooling,without.disability,local,with.insurance,two.
2018HU0072229,5,1,51090,3,70_79,f,civilian.employed,diff.us.house,i.75000.99999,us.born,never,no.schooling,without.disability,private.profit,with.insurance,white
2018HU0072229,5,1,51040,3,0_9,m,not.in.labor.force,same.house,i.75000.99999,us.born,divorced,no.schooling,without.disability,not.working,with.insurance,white
2018HU0075888,5,1,51105,3,10_19,f,civilian.employed,same.house,i.0.9999,us.born,married,no.schooling,with.disability,not.working,with.insurance,white
2018HU0075888,5,1,51135,3,20_29,f,civilian.employed,same.house,i.0.9999,us.born,separated,no.schooling,without.disability,not.working,with.insurance,white
2018HU0076564,5,1,51080,3,50_59,f,civilian.employed,diff.us.house,i.75000.99999,us.born,never,no.schooling,without.disability,not.working,with.insurance,white
2018HU0076564,5,1,51186,3,70_79,f,civilian.employed,same.house,i.0.9999,us.born,never,no.schooling,without.disability,private.no.profit,with.insurance,white
2018HU0077191,5,1,51135,3,60_69,m,not.in.labor.force,same.house,i.75000.99999,naturalization,married,no.schooling,with.disability,private.profit,with.insurance,white
2018HU0084373,5,1,51155,3,50_59,f,civilian.employed,same.house,i.50000.64999,us.born,never,no.schooling,without.disability,not.working,with.insurance,white
2018HU0084373,5,1,59303,3,20_29,m,civilian.employed,same.house,i.0.9999,us.born,divorced,no.schooling,without.disability,federal,with.insurance,asian
2018HU0085745,5,1,51154,3,10_19,m,unemployed,same.house,i.0.9999,us.born,never,no.schooling,without.disability,not.working,without.insurance,white
2018HU0088369,5,1,51020,3,40_49,f,civilian.employed,same.house,i.0.9999,us.born,never,no.schooling,without.disability,local,with.insurance,white
2018HU0090823,5,1,55002,3,50_59,m,not.in.labor.force,same.house,i.0.9999,naturalization,never,no.schooling,without.disability,not.working,with.insurance,asian
2018HU0090823,5,1,51235,3,60_69,f,civilian.employed,same.house,i.50000.64999,not.citizen,separated,private,without.disability,not.working,with.insurance,white
2018HU0090823,5,1,51245,3,20_29,m,not.in.labor.force,same.house,i.50000.64999,not.citizen,married,no.schooling,with.disability,self.employed.no.corp,with.insurance,asian
2018HU0090823,5,1,55002,3,60_69,m,civilian.employed,same.house,i.0.9999,us.born,married,no.schooling,without.disability,not.working,with.insurance,white
2018HU0090823,5,1,51235,3,60_69,f,civilian.employed,same.house,i.75000.99999,us.born,never,no.schooling,without.disability,private.profit,with.insurance,white
2018HU0090823,5,1,51040,3,0_9,f,not.in.labor.force,same.house,i.75000.99999,naturalization,married,no.schooling,without.disability,private.profit,with.insurance,white
2018HU0090823,5,1,51090,3,80_89,m,not.in.labor.force,same.house,i.0.9999,naturalization,married,no.schooling,without.disability,private.no.profit,with.insurance,white
2018HU0092556,5,1,51145,3,70_79,m,civilian.employed,same.house,i.75000.99999,not.citizen,married,no.schooling,with.disability,not.working,with.insurance,white
2018HU0092556,5,1,51206,3,60_69,f,unemployed,same.house,i.0.9999,us.born,married,no.schooling,without.disability,self.employed.no.corp,with.insurance,white
2018HU0097760,5,1,51010,3,50_59,m,civilian.employed,same.house,i.0.9999,us.born,never,no.schooling,without.disability,private.profit,with.insurance,white
2018HU0097760,5,1,51255,3,20_29,m,civilian.employed,same.house,i.0.9999,us.born,never,no.schooling,without.disability,self.employed.no.corp,with.insurance,white
2018HU0097760,5,1,51186,3,50_59,f,not.in.labor.force,same.house,i.25000.34999,not.citizen,never,public,without.disability,private.profit,with.insurance,black
2018HU0104491,5,1,59303,3,60_69,f,not.in.labor.force,same.house,i.50000.64999,us.born,never,no.schooling,without.disability,private.profit,with.insurance,white
2018HU0104491,5,1,51186,3,60_69,f,civilian.employed,diff.us.house,i.75000.99999,us.born,never,no.schooling,without.disability,private.profit,with.insurance,white
2018HU0104491,5,1,51125,3,40_49,f,civilian.employed,same.house,i.0.9999,us.born,married,no.schooling,without.disability,self.employed.no.corp,with.insurance,white
2018HU0104491,5,1,51167,3,30_39,f,civilian.employed,same.house,i.0.9999,us.born,never,no.schooling,without.disability,local,with.insurance,white
2018HU0104491,5,1,51105,3,60_69,m,unemployed,same.house,i.0.9999,us.born,married,public,without.disability,not.working,with.insurance,two.
2018HU0107363,5,1,51135,3,60_69,f,not.in.labor.force,same.house,i.0.9999,us.born,never,no.schooling,with.disability,federal,with.insurance,white
2018HU0107778,5,1,51080,3,60_69,f,civilian.employed,diff.us.house,i.0.9999,us.born,never,no.schooling,without.disability,private.no.profit,with.insurance,white
2018HU0107778,5,1,51105,3,20_29,f,not.in.labor.force,same.house,i.0.9999,us.born,married,public,without.disability,federal,with.insurance,white
2018HU0109299,5,1,51225,3,60_69,f,civilian.employed,same.house,i.0.9999,us.born,married,no.schooling,without.disability,not.working,with.insurance,white
2018HU0109299,5,1,51080,3,70_79,m,civilian.employed,same.house,i.0.9999,us.born,married,no.schooling,without.disability,not.working,with.insurance,white
2018HU0109299,5,1,51175,3,60_69,f,not.in.labor.force,same.house,i.0.9999,us.born,married,no.schooling,without.disability,not.working,with.insurance,white
2018HU0109299,5,1,51224,3,40_49,f,not.in.labor.force,same.house,i.0.9999,us.born,married,no.schooling,without.disability,not.working,with.insurance,white
2018HU0116045,5,1,51235,3,0_9,f,not.in.labor.force,same.house,i.65000.74999,not.citizen,never,no.schooling,without.disability,private.profit,with.insurance,white
2018HU0116045,5,1,51115,3,20_29,m,civilian.employed,same.house,i.0.9999,us.born,never,no.schooling,without.disability,state,with.insurance,white
2018HU0116045,5,1,51167,3,40_49,f,civilian.employed,same.house,i.75000.99999,us.born,never,no.schooling,without.disability,private.profit,with.insurance,white
2018HU0120859,5,1,51105,3,60_69,m,civilian.employed,same.house,i.0.9999,us.born,divorced,no.schooling,with.disability,not.working,with.insurance,black
2018HU0120859,5,1,51044,3,70_79,f,civilian.employed,same.house,i.0.9999,not.citizen,never,no.schooling,without.disability,private.profit,with.insurance,white
2018HU0121779,5,1,51135,3,50_59,f,civilian.employed,same.house,i.75000.99999,not.citizen,married,no.schooling,without.disability,private.profit,with.insurance,white
2018HU0121779,5,1,51186,3,20_29,f,not.in.labor.force,same.house,i.75000.99999,us.born,married,no.schooling,without.disability,federal,with.insurance,white
2018HU0125778,5,1,51096,3,50_59,f,not.in.labor.force,same.house,i.0.9999,abroad.born,never,no.schooling,without.disability,not.working,with.insurance,white
2018HU0125778,5,1,51105,3,40_49,f,civilian.employed,same.house,i.0.9999,us.born,divorced,no.schooling,without.disability,self.employed.no.corp,with.insurance,asian
2018HU0125778,5,1,51090,3,40_49,f,civilian.employed,same.house,i.75000.99999,us.born,never,no.schooling,without.disability,private.profit,with.insurance,white
2018HU0125778,5,1,51010,3,60_69,f,not.in.labor.force,same.house,i.0.9999,us.born,married,no.schooling,without.disability,self.employed.no.corp,with.insurance,white
2018HU0126086,5,1,55001,3,50_59,f,not.in.labor.force,same.house,i.75000.99999,us.born,never,no.schooling,without.disability,not.working,with.insurance,white
2018HU0126086,5,1,51010,3,60_69,f,not.in.labor.force,same.house,i.50000.64999,us.born,divorced,no.schooling,without.disability,private.profit,with.insurance,white
2018HU0126086,5,1,51115,3,0_9,m,not.in.labor.force,same.house,i.0.9999,us.born,never,public,without.disability,local,with.insurance,white
2018HU0126086,5,1,51010,3,50_59,m,not.in.labor.force,same.house,i.50000.64999,us.born,never,no.schooling,without.disability,private.profit,with.insurance,white
2018HU0130525,5,1,59301,3,40_49,m,not.in.labor.force,same.house,i.75000.99999,naturalization,never,no.schooling,with.disability,not.working,with.insurance,white
2018HU0136876,5,1,51045,3,40_49,f,not.in.labor.force,same.house,i.75000.99999,naturalization,married,no.schooling,without.disability,not.working,with.insurance,white
2018HU0136876,5,1,51154,3,50_59,f,civilian.employed,same.house,i.0.9999,us.born,separated,no.schooling,with.disability,federal,with.insurance,white
2018HU0136876,5,1,51087,3,20_29,f,civilian.employed,same.house,i.0.9999,us.born,married,no.schooling,without.disability,not.working,with.insurance,white
2018HU0136876,5,1,51255,3,50_59,m,civilian.employed,same.house,i.75000.99999,us.born,never,public,without.disability,not.working,with.insurance,white
2018HU0138113,5,1,51080,3,30_39,f,civilian.employed,same.house,i.75000.99999,us.born,married,no.schooling,without.disability,not.working,with.insurance,white
2018HU0138113,5,1,51084,3,50_59,m,civilian.employed,same.house,i.75000.99999,us.born,married,no.schooling,without.disability,self.employed.corp,with.insurance,white
2018HU0138113,5,1,51090,3,50_59,f,unemployed,same.house,i.0.9999,not.citizen,married,no.schooling,without.disability,private.profit,with.insurance,white
2018HU0138113,5,1,51080,3,70_79,m,not.in.labor.force,same.house,i.0.9999,us.born,married,no.schooling,without.disability,not.working,with.insurance,asian
2018HU0138816,5,1,51246,3,20_29,m,civilian.employed,same.house,i.0.9999,us.born,married,no.schooling,without.disability,private.profit,with.insurance,white
2018HU0138816,5,1,51154,3,20_29,m,not.in.labor.force,same.house,i.75000.99999,us.born,married,no.schooling,without.disability,private.profit,with.insurance,white
2018HU0139083,5,1,51235,3,60_69,m,not.in.labor.force,same.house,i.0.9999,us.born,never,no.schooling,with.disability,not.working,with.insurance,white
2018HU0139083,5,1,51154,3,50_59,m,civilian.employed,same.house,i.65000.74999,us.born,married,no.schooling,without.disability,federal,with.insurance,white
2018HU0139083,5,1,51010,3,0_9,m,civilian.employed,same.house,i.75000.99999,us.born,married,public,without.disability,not.working,with.insurance,asian
2018HU0141158,5,1,51135,3,30_39,m,civilian.employed,same.house,i.0.9999,us.born,married,no.schooling,without.disability,not.working,with.insurance,white
2018HU0141158,5,1,4102,3,60_69,f,not.in.labor.force,same.house,i.75000.99999,not.citizen,married,no.schooling,without.disability,private.profit,with.insurance,white
2018HU0141158,5,1,51155,3,50_59,m,civilian.employed,same.house,i.0.9999,us.born,divorced,no.schooling,without.disability,private.profit,with.insurance,black
2018HU0143758,5,1,51020,3,30_39,m,civilian.employed,diff.us.house,i.75000.99999,naturalization,never,no.schooling,without.disability,not.working,with.insurance,white
2018HU0143758,5,1,51105,3,40_49,m,not.in.labor.force,same.house,i.0.9999,abroad.born,never,public,without.disability,not.working,with.insurance,white
2018HU0143758,5,1,51096,3,60_69,m,civilian.employed,same.house,i.25000.34999,naturalization,married,no.schooling,without.disability,self.employed.corp,with.insurance,asian
2018HU0151871,5,1,51080,3,0_9,f,not.in.labor.force,same.house,i.0.9999,us.born,married,no.schooling,without.disability,private.profit,with.insurance,white
2018HU0151871,5,1,51110,3,40_49,m,not.in.labor.force,same.house,i.0.9999,us.born,divorced,no.schooling,without.disability,private.profit,with.insurance,white
2018HU0153037,5,1,51096,3,10_19,m,civilian.employed,same.house,i.0.9999,us.born,never,public,without.disability,not.working,with.insurance,white
2018HU0153037,5,1,51235,3,0_9,m,civilian.employed,same.house,i.75000.99999,us.born,married,no.schooling,without.disability,private.no.profit,with.insurance,white
2018HU0153037,5,1,51235,3,30_39,m,civilian.employed,same.house,i.10000.14999,us.born,married,no.schooling,without.disability,private.profit,with.insurance,two.
2018HU0154688,5,1,51044,3,30_39,f,not.in.labor.force,same.house,i.25000.34999,us.born,divorced,no.schooling,without.disability,private.profit,with.insurance,white
2018HU0154688,5,1,51096,3,50_59,f,civilian.employed,same.house,i.50000.64999,us.born,married,no.schooling,without.disability,not.working,with.insurance,black
2018HU0160131,5,1,51080,3,20_29,f,civilian.employed,same.house,i.75000.99999,us.born,married,no.schooling,with.disability,private.profit,without.insurance,white
2018HU0160361,5,1,51045,3,70_79,m,not.in.labor.force,same.house,i.75000.99999,abroad.born,never,no.schooling,without.disability,private.profit,with.insurance,white
2018HU0160361,5,1,59308,3,60_69,m,not.in.labor.force,same.house,i.25000.34999,us.born,married,no.schooling,without.disability,not.working,with.insurance,white
2018HU0161077,5,1,51135,3,50_59,m,not.in.labor.force,same.house,i.50000.64999,us.born,married,no.schooling,without.disability,private.profit,with.insurance,white
2018HU0161077,5,1,51235,3,0_9,m,civilian.employed,same.house,i.65000.74999,us.born,married,no.schooling,without.disability,private.profit,with.insurance,asian
2018HU0161077,5,1,51096,3,0_9,f,civilian.employed,diff.us.house,i.75000.99999,us.born,never,no.schooling,without.disability,not.working,with.insurance,white
2018HU0161077,5,1,59303,3,50_59,m,civilian.employed,same.house,i.75000.99999,us.born,divorced,no.schooling,without.disability,private.profit,with.insurance,white
2018HU0165760,5,1,51105,3,50_59,f,civilian.employed,same.house,i.0.9999,us.born,married,no.schooling,without.disability,federal,with.insurance,asian
2018HU0165760,5,1,51110,3,30_39,f,civilian.employed,same.house,i.65000.74999,us.born,widowed,no.schooling,without.disability,not.working,with.insurance,white
2018HU0165760,5,1,51044,3,70_79,f,civilian.employed,same.house,i.0.9999,us.born,married,no.schooling,without.disability,private.profit,with.insurance,white
2018HU0169414,5,1,51090,3,20_29,m,not.in.labor.force,same.house,i.25000.34999,us.born,married,public,without.disability,private.no.profit,with.insurance,white
2018HU0170644,5,1,51115,3,70_79,m,civilian.employed,same.house,i.0.9999,us.born,married,no.schooling,with.disability,self.employed.no.corp,with.insurance,two.
2018HU0170644,5,1,51089,3,70_79,m,not.in.labor.force,diff.us.house,i.0.9999,us.born,married,no.schooling,without.disability,federal,with.insurance,white
2018HU0175394,5,1,59303,3,60_69,f,not.in.labor.force,same.house,i.0.9999,us.born,divorced,no.schooling,without.disability,private.profit,with.insurance,white
2018HU0176727,5,1,51096,3,30_39,m,not.in.labor.force,same.house,i.0.9999,us.born,divorced,no.schooling,without.disability,not.working,with.insurance,asian
2018HU0176727,5,1,51206,3,80_89,f,civilian.employed,diff.us.house,i.0.9999,us.born,never,no.schooling,without.disability,federal,with.insurance,white
2018HU0176727,5,1,51096,3,30_39,f,civilian.employed,same.house,i.75000.99999,us.born,divorced,no.schooling,without.disability,private.profit,with.insurance,white
2018HU0176727,5,1,51105,3,20_29,f,not.in.labor.force,same.house,i.0.9999,us.born,married,no.schooling,without.disability,local,with.insurance,asian
2018HU0177090,5,1,51097,3,60_69,f,not.in.labor.force,same.house,i.0.9999,us.born,never,no.schooling,without.disability,not.working,with.insurance,white
2018HU0177090,5,1,51225,3,30_39,m,civilian.employed,diff.us.house,i.0.9999,abroad.born,married,no.schooling,without.disability,not.working,with.insurance,white
2018HU0177090,5,1,51246,3,70_79,m,civilian.employed,same.house,i.0.9999,us.born,never,no.schooling,without.disability,private.profit,with.insurance,white
2018HU0178012,5,1,51096,3,0_9,f,not.in.labor.force,same.house,i.75000.99999,us.born,never,public,without.disability,local,with.insurance,white
2018HU0178012,5,1,51105,3,70_79,m,not.in.labor.force,same.house,i.0.9999,us.born,married,no.schooling,without.disability,not.working,with.insurance,white
2018HU0179323,5,1,51175,3,80_89,f,unemployed,diff.us.house,i.0.9999,us.born,never,no.schooling,without.disability,self.employed.corp,with.insurance,white
2018HU0179323,5,1,51154,3,20_29,m,civilian.employed,same.house,i.25000.34999,us.born,married,no.schooling,without.disability,private.profit,with.insurance,asian
2018HU0179323,5,1,51167,3,60_69,f,civilian.employed,diff.us.house,i.75000.99999,us.born,never,no.schooling,without.disability,private.profit,with.insurance,asian
2018HU0179323,5,1,51020,3,80_89,f,civilian.employed,diff.us.house,i.0.9999,us.born,never,no.schooling,without.disability,self.employed.corp,with.insurance,white
2018HU0181521,5,1,51175,3,40_49,f,civilian.employed,abroad.house,i.0.9999,us.born,never,no.schooling,without.disability,private.profit,with.insurance,white
2018HU0181521,5,1,51096,3,20_29,m,civilian.employed,diff.us.house,i.35000.49999,us.born,married,no.schooling,without.disability,private.profit,with.insurance,black
2018HU0181521,5,1,51115,3,60_69,m,not.in.labor.force,same.house,i.0.9999,not.citizen,widowed,no.schooling,without.disability,self.employed.corp,with.insurance,two.
2018HU0181521,5,1,51020,3,70_79,f,civilian.employed,same.house,i.75000.99999,us.born,never,no.schooling,without.disability,private.profit,with.insurance,white
2018HU0183091,5,1,51135,3,60_69,f,civilian.employed,diff.us.house,i.75000.99999,abroad.born,married,no.schooling,without.disability,not.working,with.insurance,white
2018HU0183091,5,1,51010,3,30_39,m,not.in.labor.force,same.house,i.0.9999,us.born,never,no.schooling,with.disability,private.no.profit,with.insurance,white
2018HU0183091,5,1,51020,3,50_59,f,civilian.employed,same.house,i.50000.64999,us.born,married,no.schooling,without.disability,self.employed.no.corp,with.insurance,white
2018HU0187609,5,1,10701,3,60_69,f,not.in.labor.force,same.house,i.0.9999,abroad.born,never,public,without.disability,private.profit,with.insurance,white
2018HU0187609,5,1,59304,3,20_29,f,civilian.employed,same.house,i.75000.99999,us.born,married,no.schooling,without.disability,self.employed.no.corp,with.insurance,white
2018HU0187609,5,1,51115,3,30_39,m,not.in.labor.force,same.house,i.75000.99999,us.born,married,no.schooling,without.disability,private.profit,with.insurance,white
2018HU0187778,5,1,51105,3,40_49,f,civilian.employed,same.house,i.50000.64999,us.born,married,no.schooling,without.disability,private.profit,with.insurance,white
2018HU0187778,5,1,51096,3,20_29,m,civilian.employed,same.house,i.0.9999,us.born,never,no.schooling,without.disability,private.profit,with.insurance,white
2018HU0187778,5,1,51154,3,10_19,m,civilian.employed,same.house,i.75000.99999,us.born,never,no.schooling,without.disability,private.no.profit,with.insurance,white
2018HU0188492,5,1,51087,3,20_29,f,not.in.labor.force,same.house,i.75000.99999,us.born,married,no.schooling,without.disability,not.working,with.insurance,white
2018HU0188492,5,1,51135,3,0_9,m,civilian.employed,same.house,i.0.9999,us.born,married,no.schooling,without.disability,not.working,with.insurance,white
2018HU0189690,5,1,51010,3,20_29,f,civilian.employed,same.house,i.0.9999,us.born,never,no.schooling,without.disability,private.profit,with.insurance,white
2018HU0189690,5,1,51225,3,20_29,m,civilian.employed,same.house,i.50000.64999,us.born,married,no.schooling,without.disability,not.working,with.insurance,white
2018HU0189690,5,1,51154,3,20_29,m,not.in.labor.force,same.house,i.75000.99999,us.born,married,no.schooling,without.disability,not.working,with.insurance,white
2018HU0191557,5,1,51154,3,60_69,f,not.in.labor.force,same.house,i.75000.99999,us.born,never,no.schooling,without.disability,not.working,with.insurance,white
2018HU0191557,5,1,51215,3,40_49,m,civilian.employed,abroad.house,i.0.9999,us.born,widowed,no.schooling,without.disability,private.profit,with.insurance,two.
2018HU0191557,5,1,51154,3,30_39,f,not.in.labor.force,same.house,i.0.9999,us.born,married,private,without.disability,local,with.insurance,white
2018HU0193753,5,1,51175,3,20_29,f,civilian.employed,same.house,i.0.9999,us.born,married,no.schooling,with.disability,not.working,with.insurance,white
2018HU0193753,5,1,51044,3,20_29,m,civilian.employed,same.house,i.0.9999,us.born,never,public,without.disability,self.employed.no.corp,with.insurance,white
2018HU0193753,5,1,51235,3,60_69,m,not.in.labor.force,same.house,i.0.9999,us.born,married,no.schooling,without.disability,private.profit,with.insurance,white
2018HU0193753,5,1,51105,3,20_29,f,civilian.employed,same.house,i.0.9999,us.born,married,no.schooling,without.disability,private.profit,with.insurance,white
2018HU0193753,5,1,51020,3,30_39,f,civilian.employed,same.house,i.0.9999,us.born,married,public,without.disability,not.working,with.insurance,white
2018HU0201352,5,1,51084,3,20_29,f,not.in.labor.force,same.house,i.0.9999,us.born,divorced,no.schooling,without.disability,federal,with.insurance,white
2018HU0201352,5,1,51120,3,50_59,m,not.in.labor.force,same.house,i.0.9999,abroad.born,divorced,no.schooling,without.disability,private.profit,with.insurance,white
2018HU0201352,5,1,51080,3,60_69,m,not.in.labor.force,same.house,i.0.9999,us.born,never,no.schooling,without.disability,not.working,with.insurance,white
2018HU0203997,5,1,51154,3,20_29,m,civilian.employed,same.house,i.75000.99999,us.born,never,no.schooling,without.disability,private.profit,with.insurance,white
2018HU0203997,5,1,51040,3,50_59,f,civilian.employed,same.house,i.0.9999,us.born,never,no.schooling,without.disability,private.profit,with.insurance,white
2018HU0204789,5,1,51084,3,50_59,f,civilian.employed,same.house,i.0.9999,us.born,married,no.schooling,without.disability,not.working,with.insurance,white
2018HU0204789,5,1,51040,3,50_59,f,not.in.labor.force,same.house,i.0.9999,us.born,never,no.schooling,without.disability,private.profit,with.insurance,white
2018HU0204789,5,1,51096,3,50_59,f,civilian.employed,diff.us.house,i.75000.99999,us.born,never,no.schooling,without.disability,private.profit,with.insurance,two.
2018HU0220253,5,1,51010,3,50_59,m,not.in.labor.force,diff.us.house,i.75000.99999,us.born,married,no.schooling,without.disability,private.profit,with.insurance,white
2018HU0224239,5,1,51090,3,70_79,m,not.in.labor.force,same.house,i.0.9999,not.citizen,never,no.schooling,without.disability,not.working,with.insurance,white
2018HU0226473,5,1,51154,3,50_59,f,civilian.employed,same.house,i.0.9999,us.born,never,private,without.disability,private.profit,with.insurance,white
2018HU0226473,5,1,51044,3,60_69,m,civilian.employed,same.house,i.75000.99999,us.born,never,no.schooling,without.disability,self.employed.no.corp,without.insurance,asian
2018HU0226473,5,1,55001,3,40_49,f,civilian.employed,same.house,i.50000.64999,naturalization,never,no.schooling,without.disability,not.working,with.insurance,white
2018HU0226473,5,1,51154,3,60_69,m,not.in.labor.force,same.house,i.0.9999,us.born,never,no.schooling,without.disability,not.working,with.insurance,white
2018HU0226473,5,1,51089,3,20_29,f,civilian.employed,same.house,i.0.9999,us.born,divorced,public,without.disability,self.employed.corp,with.insurance,white
2018HU0226853,5,1,51084,3,40_49,m,civilian.employed,same.house,i.0.9999,naturalization,married,no.schooling,without.disability,private.profit,with.insurance,white
2018HU0228841,5,1,51040,3,60_69,f,not.in.labor.force,same.house,i.75000.99999,us.born,never,no.schooling,without.disability,self.employed.corp,with.insurance,white
2018HU0233446,5,1,51246,3,0_9,f,not.in.labor.force,same.house,i.0.9999,us.born,divorced,no.schooling,without.disability,private.profit,with.insurance,white
2018HU0233635,5,1,51154,3,50_59,f,civilian.employed,same.house,i.75000.99999,us.born,married,no.schooling,without.disability,private.no.profit,with.insurance,white
2018HU0238364,5,1,51246,3,30_39,m,civilian.employed,same.house,i.75000.99999,us.born,married,no.schooling,without.disability,private.profit,with.insurance,white
2018HU0238364,5,1,51165,3,0_9,f,civilian.employed,same.house,i.75000.99999,us.born,never,no.schooling,without.disability,self.employed.no.corp,with.insurance,white
2018HU0238364,5,1,51105,3,60_69,m,civilian.employed,same.house,i.0.9999,us.born,married,no.schooling,without.disability,private.no.profit,with.insurance,white
2018HU0238364,5,1,51045,3,0_9,f,civilian.employed,same.house,i.75000.99999,us.born,married,no.schooling,with.disability,not.working,with.insurance,asian
2018HU0238364,5,1,51206,3,50_59,f,civilian.employed,same.house,i.75000.99999,us.born,never,public,without.disability,self.employed.no.corp,with.insurance,white
2018HU0239453,5,1,51080,3,80_89,m,civilian.employed,same.house,i.0.9999,us.born,never,no.schooling,without.disability,private.profit,with.insurance,white
2018HU0239453,5,1,51224,3,20_29,f,civilian.employed,same.house,i.0.9999,us.born,married,no.schooling,without.disability,not.working,with.insurance,white
2018HU0239453,5,1,51045,3,0_9,f,not.in.labor.force,same.house,i.0.9999,us.born,never,no.schooling,without.disability,not.working,with.insurance,white
2018HU0239453,5,1,51097,3,30_39,m,civilian.employed,same.house,i.75000.99999,us.born,never,no.schooling,without.disability,not.working,with.insurance,white
2018HU0241824,5,1,51080,3,70_79,f,civilian.employed,same.house,i.0.9999,us.born,married,no.schooling,without.disability,private.profit,with.insurance,white
2018HU0246251,5,1,51224,3,70_79,f,not.in.labor.force,same.house,i.50000.64999,us.born,married,no.schooling,without.disability,federal,with.insurance,black
2018HU0246251,5,1,51040,3,50_59,m,unemployed,same.house,i.0.9999,us.born,divorced,no.schooling,without.disability,not.working,with.insurance,two.
2018HU0246952,5,1,51154,3,50_59,m,civilian.employed,same.house,i.0.9999,us.born,married,no.schooling,without.disability,private.profit,with.insurance,white
2018HU0246952,5,1,51206,3,20_29,f,civilian.employed,same.house,i.0.9999,us.born,never,no.schooling,with.disability,local,with.insurance,white
2018HU0247863,5,1,51135,3,30_39,m,civilian.employed,same.house,i.0.9999,us.born,married,public,without.disability,not.working,with.insurance,white
2018HU0247863,5,1,51010,3,70_79,m,not.in.labor.force,same.house,i.0.9999,us.born,widowed,public,without.disability,federal,with.insurance,white
2018HU0247863,5,1,51040,3,60_69,f,not.in.labor.force,same.house,i.0.9999,us.born,never,no.schooling,without.disability,private.profit,with.insurance,white
2018HU0247863,5,1,51186,3,0_9,f,civilian.employed,same.house,i.75000.99999,us.born,separated,no.schooling,without.disability,not.working,with.insurance,white
2018HU0248387,5,1,51135,3,40_49,f,not.in.labor.force,same.house,i.0.9999,us.born,divorced,no.schooling,without.disability,not.working,with.insurance,two.
2018HU0248387,5,1,51080,3,0_9,f,not.in.labor.force,same.house,i.25000.34999,us.born,married,no.schooling,without.disability,federal,with.insurance,white
2018HU0249978,5,1,51154,3,0_9,f,civilian.employed,same.house,i.0.9999,us.born,never,no.schooling,with.disability,not.working,with.insurance,asian
2018HU0249978,5,1,51087,3,40_49,f,civilian.employed,diff.us.house,i.0.9999,not.citizen,divorced,private,without.disability,self.employed.corp,with.insurance,white
2018HU0249978,5,1,51045,3,60_69,f,civilian.employed,same.house,i.0.9999,us.born,never,no.schooling,without.disability,not.working,with.insurance,white
2018HU0249978,5,1,51235,3,40_49,m,not.in.labor.force,same.house,i.65000.74999,us.born,never,no.schooling,without.disability,federal,with.insurance,white
2018HU0251037,5,1,51215,3,0_9,f,not.in.labor.force,same.house,i.0.9999,us.born,married,no.schooling,without.disability,not.working,with.insurance,white
2018HU0251037,5,1,51105,3,50_59,f,civilian.employed,diff.us.house,i.0.9999,us.born,married,no.schooling,without.disability,private.profit,with.insurance,white
2018HU0251037,5,1,51090,3,30_39,f,civilian.employed,same.house,i.75000.99999,us.born,married,public,without.disability,not.working,with.insurance,white
2018HU0251037,5,1,51206,3,0_9,f,civilian.employed,diff.us.house,i.0.9999,us.born,divorced,public,without.disability,local,with.insurance,white
2018HU0251804,5,1,51135,3,50_59,f,not.in.labor.force,same.house,i.0.9999,us.born,married,no.schooling,without.disability,not.working,with.insurance,asian
2018HU0251804,5,1,51045,3,40_49,f,civilian.employed,same.house,i.0.9999,not.citizen,divorced,no.schooling,with.disability,private.profit,with.insurance,white
2018HU0252425,5,1,51206,3,0_9,m,civilian.employed,abroad.house,i.0.9999,us.born,never,no.schooling,without.disability,private.profit,with.insurance,white
2018HU0258266,5,1,51095,3,70_79,m,civilian.employed,same.house,i.75000.99999,us.born,divorced,no.schooling,with.disability,federal,with.insurance,white
2018HU0258365,5,1,51105,3,50_59,f,civilian.employed,same.house,i.75000.99999,us.born,never,public,without.disability,not.working,with.insurance,white
2018HU0258365,5,1,51125,3,10_19,f,civilian.employed,same.house,i.0.9999,us.born,married,no.schooling,without.disability,private.no.profit,with.insurance,white
2018HU0258365,5,1,51097,3,30_39,f,not.in.labor.force,same.house,i.0.9999,us.born,married,no.schooling,without.disability,federal,with.insurance,white
2018HU0259573,5,1,51096,3,50_59,m,not.in.labor.force,same.house,i.0.9999,us.born,widowed,no.schooling,without.disability,private.profit,without.insurance,asian
2018HU0259574,5,1,51087,3,20_29,f,civilian.employed,same.house,i.0.9999,not.citizen,divorced,no.schooling,without.disability,private.profit,with.insurance,white
2018HU0259574,5,1,51175,3,50_59,f,civilian.employed,same.house,i.50000.64999,us.born,never,no.schooling,with.disability,self.employed.corp,with.insurance,asian
2018HU0259574,5,1,51175,3,60_69,m,civilian.employed,diff.us.house,i.65000.74999,us.born,married,no.schooling,without.disability,not.working,with.insurance,white
2018HU0265584,5,1,51040,3,20_29,f,civilian.employed,same.house,i.75000.99999,us.born,never,no.schooling,without.disability,not.working,with.insurance,white
2018HU0265584,5,1,51105,3,0_9,f,not.in.labor.force,same.house,i.50000.64999,us.born,married,no.schooling,without.disability,not.working,with.insurance,asian
2018HU0265584,5,1,51186,3,20_29,f,civilian.employed,same.house,i.75000.99999,us.born,divorced,public,without.disability,private.profit,with.insurance,white
2018HU0265584,5,1,51110,3,20_29,f,not.in.labor.force,same.house,i.0.9999,us.born,divorced,private,without.disability,self.employed.no.corp,with.insurance,asian
2018HU0265584,5,1,51110,3,60_69,m,civilian.employed,same.house,i.0.9999,us.born,married,no.schooling,without.disability,federal,with.insurance,asian
2018HU0265584,5,1,51105,3,20_29,m,civilian.employed,same.house,i.0.9999,not.citizen,divorced,no.schooling,with.disability,not.working,with.insurance,two.
2018HU0267070,5,1,51154,3,70_79,f,civilian.employed,same.house,i.50000.64999,us.born,never,public,without.disability,self.employed.corp,with.insurance,white
2018HU0267070,5,1,51154,3,70_79,m,not.in.labor.force,diff.us.house,i.0.9999,naturalization,never,no.schooling,without.disability,private.profit,with.insurance,white
2018HU0267070,5,1,51010,3,30_39,f,civilian.employed,diff.us.house,i.75000.99999,us.born,married,no.schooling,without.disability,not.working,with.insurance,white
2018HU0267070,5,1,51105,3,60_69,f,not.in.labor.force,diff.us.house,i.50000.64999,us.born,married,no.schooling,without.disability,not.working,with.insurance,white
2018HU0269323,5,1,51154,3,0_9,f,not.in.labor.force,same.house,i.75000.99999,us.born,married,no.schooling,without.disability,not.working,with.insurance,white
2018HU0269323,5,1,59303,3,30_39,f,civilian.employed,same.house,i.0.9999,us.born,divorced,no.schooling,without.disability,local,with.insurance,white
2018HU0269323,5,1,4103,3,0_9,m,civilian.employed,same.house,i.0.9999,us.born,married,no.schooling,without.disability,local,with.insurance,white
2018HU0269323,5,1,51096,3,60_69,f,not.in.labor.force,same.house,i.0.9999,us.born,married,no.schooling,without.disability,local,with.insurance,white
2018HU0270439,5,1,51215,3,20_29,f,civilian.employed,same.house,i.0.9999,us.born,married,no.schooling,without.disability,private.profit,with.insurance,white
2018HU0270439,5,1,51089,3,40_49,f,civilian.employed,same.house,i.75000.99999,us.born,married,no.schooling,without.disability,not.working,with.insurance,white
2018HU0270439,5,1,51010,3,10_19,m,not.in.labor.force,diff.us.house,i.0.9999,not.citizen,never,no.schooling,without.disability,federal,with.insurance,white
2018HU0270439,5,1,51110,3,30_39,f,civilian.employed,same.house,i.0.9999,us.born,married,no.schooling,without.disability,self.employed.no.corp,with.insurance,white
2018HU0270439,5,1,51044,3,20_29,f,civilian.employed,same.house,i.0.9999,not.citizen,widowed,private,without.disability,private.profit,with.insurance,white
2018HU0270790,5,1,51045,3,50_59,m,not.in.labor.force,same.house,i.75000.99999,us.born,married,no.schooling,with.disability,private.profit,with.insurance,white
2018HU0270790,5,1,51115,3,30_39,f,civilian.employed,same.house,i.0.9999,us.born,divorced,public,without.disability,private.profit,with.insurance,white
2018HU0275657,5,1,51040,3,60_69,f,not.in.labor.force,same.house,i.0.9999,us.born,never,no.schooling,without.disability,not.working,with.insurance,white
2018HU0275657,5,1,51125,3,60_69,m,civilian.employed,same.house,i.75000.99999,us.born,never,no.schooling,with.disability,private.profit,with.insurance,white
2018HU0275657,5,1,51096,3,60_69,f,not.in.labor.force,same.house,i.0.9999,us.born,never,no.schooling,without.disability,self.employed.no.corp,with.insurance,white
2018HU0275657,5,1,51120,3,10_19,m,civilian.employed,diff.us.house,i.0.9999,us.born,married,no.schooling,without.disability,not.working,with.insurance,white
2018HU0278479,5,1,51080,3,30_39,m,not.in.labor.force,same.house,i.65000.74999,us.born,never,no.schooling,without.disability,private.no.profit,with.insurance,white
2018HU0278479,5,1,51090,3,80_89,f,civilian.employed,same.house,i.75000.99999,us.born,separated,no.schooling,without.disability,not.working,with.insurance,white
2018HU0279285,5,1,51040,3,60_69,f,unemployed,diff.us.house,i.50000.64999,naturalization,married,no.schooling,without.disability,not.working,with.insurance,white
2018HU0279285,5,1,51135,3,60_69,m,not.in.labor.force,diff.us.house,i.75000.99999,us.born,divorced,no.schooling,without.disability,not.working,with.insurance,white
2018HU0280417,5,1,51206,3,20_29,f,civilian.employed,diff.us.house,i.65000.74999,us.born,divorced,no.schooling,without.disability,private.profit,with.insurance,white
2018HU0284388,5,1,59303,3,30_39,f,civilian.employed,same.house,i.0.9999,naturalization,married,no.schooling,without.disability,private.profit,with.insurance,asian
2018HU0284775,5,1,51105,3,10_19,m,not.in.labor.force,same.house,i.0.9999,us.born,married,no.schooling,without.disability,private.profit,without.insurance,white
2018HU0297213,5,1,51135,3,30_39,m,not.in.labor.force,diff.us.house,i.0.9999,us.born,married,no.schooling,without.disability,not.working,with.insurance,white
2018HU0297213,5,1,51080,3,30_39,f,not.in.labor.force,same.house,i.0.9999,us.born,divorced,no.schooling,without.disability,not.working,with.insurance,asian
2018HU0300540,5,1,51175,3,50_59,f,not.in.labor.force,same.house,i.0.9999,us.born,married,no.schooling,without.disability,private.profit,with.insurance,two.
2018HU0300540,5,1,51135,3,20_29,f,civilian.employed,same.house,i.0.9999,us.born,divorced,no.schooling,without.disability,private.profit,with.insurance,white
2018HU0301157,5,1,51105,3,60_69,m,not.in.labor.force,diff.us.house,i.0.9999,us.born,never,no.schooling,without.disability,private.profit,with.insurance,white
2018HU0301157,5,1,51235,3,60_69,f,civilian.employed,diff.us.house,i.75000.99999,us.born,never,no.schooling,without.disability,private.profit,with.insurance,white
2018HU0301488,5,1,51154,3,70_79,f,not.in.labor.force,same.house,i.0.9999,us.born,married,no.schooling,without.disability,not.working,with.insurance,white
2018HU0302009,5,1,59303,3,30_39,f,civilian.employed,diff.us.house,i.0.9999,not.citizen,married,no.schooling,without.disability,not.working,without.insurance,white
2018HU0310134,5,1,59303,3,30_39,m,civilian.employed,same.house,i.75000.99999,us.born,widowed,public,with.disability,federal,with.insurance,white
2018HU0310356,5,1,51040,3,10_19,f,civilian.employed,same.house,i.0.9999,us.born,divorced,public,without.disability,federal,with.insurance,white
2018HU0312449,5,1,51045,3,60_69,f,unemployed,diff.us.house,i.35000.49999,us.born,never,public,without.disability,private.profit,with.insurance,white
2018HU0312449,5,1,51090,3,60_69,f,civilian.employed,same.house,i.0.9999,us.born,never,no.schooling,without.disability,private.profit,with.insurance,white
2018HU0312449,5,1,51090,3,60_69,m,not.in.labor.force,same.house,i.65000.74999,us.born,never,no.schooling,without.disability,not.working,with.insurance,white
2018HU0312449,5,1,51110,3,80_89,f,civilian.employed,diff.us.house,i.75000.99999,us.born,never,no.schooling,without.disability,private.profit,with.insurance,other
2018HU0312449,5,1,51135,3,20_29,m,civilian.employed,same.house,i.75000.99999,us.born,never,no.schooling,without.disability,not.working,with.insurance,two.
2018HU0314840,5,1,51120,3,70_79,f,not.in.labor.force,same.house,i.0.9999,us.born,never,no.schooling,without.disability,private.profit,with.insurance,asian
2018HU0314840,5,1,51154,3,70_79,f,civilian.employed,same.house,i.0.9999,us.born,married,no.schooling,with.disability,federal,with.insurance,two.
2018HU0329517,5,1,51154,3,40_49,m,not.in.labor.force,same.house,i.0.9999,naturalization,never,public,without.disability,self.employed.no.corp,with.insurance,white
2018HU0329517,5,1,51095,3,30_39,f,not.in.labor.force,same.house,i.0.9999,us.born,divorced,no.schooling,without.disability,private.profit,with.insurance,white
2018HU0329517,5,1,51097,3,60_69,f,not.in.labor.force,same.house,i.0.9999,us.born,married,no.schooling,without.disability,private.no.profit,with.insurance,white
2018HU0329517,5,1,51105,3,40_49,f,civilian.employed,same.house,i.75000.99999,us.born,never,no.schooling,without.disability,private.no.profit,with.insurance,white
2018HU0329517,5,1,51110,3,50_59,m,not.in.labor.force,diff.us.house,i.75000.99999,us.born,married,public,without.disability,self.employed.no.corp,with.insurance,white
2018HU0332645,5,1,51010,3,40_49,m,civilian.employed,same.house,i.0.9999,us.born,married,no.schooling,without.disability,not.working,with.insurance,white
2018HU0332645,5,1,51010,3,70_79,f,not.in.labor.force,diff.us.house,i.25000.34999,us.born,married,no.schooling,without.disability,federal,with.insurance,white
2018HU0334691,5,1,51089,3,20_29,f,not.in.labor.force,diff.us.house,i.0.9999,us.born,divorced,no.schooling,without.disability,not.working,with.insurance,two.
2018HU0334691,5,1,51154,3,40_49,m,not.in.labor.force,same.house,i.75000.99999,us.born,never,no.schooling,without.disability,not.working,with.insurance,asian
2018HU0334691,5,1,51105,3,0_9,m,not.in.labor.force,same.house,i.0.9999,us.born,married,no.schooling,without.disability,not.working,with.insurance,two.
2018HU0334691,5,1,51215,3,10_19,m,unemployed,diff.us.house,i.35000.49999,us.born,separated,private,without.disability,not.working,with.insurance,black
2018HU0334691,5,1,51105,3,40_49,m,civilian.employed,same.house,i.75000.99999,abroad.born,never,no.schooling,without.disability,not.working,with.insurance,white
2018HU0335595,5,1,51045,3,30_39,f,civilian.employed,same.house,i.75000.99999,us.born,never,no.schooling,without.disability,self.employed.no.corp,with.insurance,asian
2018HU0335711,5,1,51154,3,60_69,f,not.in.labor.force,same.house,i.35000.49999,us.born,married,no.schooling,without.disability,private.profit,with.insurance,white
2018HU0337395,5,1,51087,3,50_59,f,civilian.employed,same.house,i.0.9999,us.born,never,public,without.disability,federal,with.insurance,two.
2018HU0337395,5,1,4103,3,60_69,f,civilian.employed,same.house,i.0.9999,us.born,never,no.schooling,without.disability,local,with.insurance,white
2018HU0337395,5,1,51154,3,40_49,m,civilian.employed,same.house,i.0.9999,us.born,never,private,without.disability,private.profit,with.insurance,white
2018HU0339152,5,1,51215,3,60_69,f,civilian.employed,same.house,i.0.9999,us.born,married,public,without.disability,not.working,with.insurance,white
2018HU0346266,5,1,51105,3,70_79,f,civilian.employed,same.house,i.0.9999,naturalization,married,public,without.disability,private.profit,with.insurance,white
2018HU0346266,5,1,51097,3,60_69,f,civilian.employed,diff.us.house,i.75000.99999,us.born,divorced,public,without.disability,not.working,with.insurance,white
2018HU0349097,5,1,51105,3,50_59,m,civilian.employed,same.house,i.0.9999,us.born,married,no.schooling,without.disability,not.working,with.insurance,white
2018HU0349097,5,1,51135,3,50_59,f,civilian.employed,same.house,i.75000.99999,us.born,married,public,without.disability,not.working,with.insurance,white
2018HU0349097,5,1,51105,3,60_69,m,civilian.employed,same.house,i.75000.99999,us.born,never,no.schooling,without.disability,federal,with.insurance,asian
2018HU0349097,5,1,59303,3,60_69,f,civilian.employed,same.house,i.35000.49999,us.born,married,no.schooling,without.disability,not.working,with.insurance,black
2018HU0351523,5,1,51206,3,40_49,f,not.in.labor.force,same.house,i.25000.34999,us.born,never,no.schooling,without.disability,private.profit,with.insurance,white
2018HU0351523,5,1,4101,3,70_79,f,civilian.employed,same.house,i.65000.74999,us.born,married,no.schooling,with.disability,federal,with.insurance,white
2018HU0358843,5,1,51154,3,70_79,f,civilian.employed,same.house,i.75000.99999,us.born,married,no.schooling,without.disability,not.working,with.insurance,white
2018HU0362698,5,1,51096,3,60_69,f,civilian.employed,same.house,i.75000.99999,us.born,never,no.schooling,without.disability,not.working,with.insurance,white
2018HU0365330,5,1,51020,3,20_29,f,civilian.employed,same.house,i.50000.64999,us.born,divorced,public,without.disability,federal,with.insurance,white
2018HU0365330,5,1,51235,3,70_79,f,not.in.labor.force,same.house,i.0.9999,us.born,married,no.schooling,without.disability,self.employed.no.corp,with.insurance,white
2018HU0365330,5,1,51154,3,50_59,m,civilian.employed,same.house,i.0.9999,us.born,never,no.schooling,with.disability,private.profit,with.insurance,white
2018HU0365330,5,1,51110,3,70_79,m,not.in.labor.force,same.house,i.75000.99999,us.born,never,no.schooling,without.disability,not.working,with.insurance,white
2018HU0365558,5,1,51110,3,40_49,m,not.in.labor.force,same.house,i.0.9999,us.born,never,no.schooling,without.disability,private.profit,with.insurance,white
2018HU0365558,5,1,51255,3,60_69,m,civilian.employed,diff.us.house,i.0.9999,naturalization,married,no.schooling,without.disability,private.profit,with.insurance,white
2018HU0373152,5,1,10701,3,60_69,m,civilian.employed,same.house,i.0.9999,us.born,divorced,no.schooling,without.disability,not.working,with.insurance,white
2018HU0376966,5,1,55002,3,60_69,m,civilian.employed,same.house,i.75000.99999,us.born,married,no.schooling,without.disability,not.working,with.insurance,white
2018HU0376966,5,1,51010,3,20_29,f,civilian.employed,same.house,i.15000.24999,us.born,never,public,without.disability,not.working,with.insurance,white
2018HU0382185,5,1,51167,3,20_29,f,civilian.employed,same.house,i.0.9999,naturalization,never,no.schooling,without.disability,private.no.profit,with.insurance,white
2018HU0382185,5,1,51115,3,20_29,m,civilian.employed,same.house,i.0.9999,us.born,never,no.schooling,without.disability,not.working,with.insurance,white
2018HU0384191,5,1,51040,3,60_69,f,not.in.labor.force,same.house,i.0.9999,us.born,married,public,without.disability,private.profit,with.insurance,white
2018HU0384191,5,1,51154,3,50_59,f,civilian.employed,same.house,i.0.9999,us.born,married,no.schooling,without.disability,private.profit,with.insurance,white
2018HU0384191,5,1,51105,3,40_49,m,not.in.labor.force,diff.us.house,i.0.9999,us.born,married,no.schooling,without.disability,private.profit,with.insurance,white
2018HU0384191,5,1,51175,3,50_59,f,civilian.employed,diff.us.house,i.75000.99999,us.born,divorced,public,without.disability,not.working,with.insurance,white
2018HU0384191,5,1,51175,3,50_59,m,civilian.employed,same.house,i.25000.34999,us.born,married,no.schooling,without.disability,not.working,with.insurance,white
2018HU0392429,5,1,51155,3,0_9,m,civilian.employed,same.house,i.75000.99999,us.born,never,private,without.disability,private.profit,with.insurance,white
2018HU0392429,5,1,51125,3,60_69,m,not.in.labor.force,same.house,i.75000.99999,us.born,never,no.schooling,with.disability,not.working,with.insurance,white
2018HU0395759,5,1,51206,3,50_59,f,civilian.employed,diff.us.house,i.0.9999,us.born,married,no.schooling,without.disability,private.profit,with.insurance,white
2018HU0395759,5,1,51245,3,30_39,m,civilian.employed,diff.us.house,i.15000.24999,us.born,divorced,no.schooling,without.disability,self.employed.no.corp,with.insurance,asian
2018HU0395759,5,1,4103,3,10_19,m,civilian.employed,same.house,i.0.9999,us.born,widowed,no.schooling,without.disability,not.working,with.insurance,white
2018HU0395759,5,1,51105,3,30_39,f,not.in.labor.force,same.house,i.0.9999,us.born,separated,no.schooling,without.disability,not.working,with.insurance,white
2018HU0395759,5,1,4103,3,50_59,f,not.in.labor.force,same.house,i.50000.64999,us.born,divorced,no.schooling,without.disability,private.profit,with.insurance,white
2018HU0400741,5,1,51235,3,20_29,f,not.in.labor.force,same.house,i.65000.74999,us.born,divorced,no.schooling,without.disability,private.no.profit,with.insurance,white
2018HU0400741,5,1,59308,3,0_9,f,civilian.employed,same.house,i.0.9999,abroad.born,never,no.schooling,without.disability,not.working,with.insurance,asian
2018HU0400741,5,1,51040,3,30_39,m,not.in.labor.force,diff.us.house,i.0.9999,us.born,never,no.schooling,with.disability,private.profit,with.insurance,white
2018HU0400741,5,1,51020,3,50_59,f,civilian.employed,abroad.house,i.75000.99999,us.born,married,no.schooling,without.disability,private.profit,with.insurance,white
2018HU0402418,5,1,51125,3,50_59,f,unemployed,same.house,i.50000.64999,us.born,married,no.schooling,without.disability,not.working,with.insurance,white
2018HU0402418,5,1,59302,3,40_49,f,not.in.labor.force,same.house,i.0.9999,us.born,never,no.schooling,without.disability,not.working,with.insurance,white
2018HU0402418,5,1,51125,3,20_29,m,civilian.employed,same.house,i.75000.99999,naturalization,never,no.schooling,without.disability,not.working,with.insurance,white
2018HU0402418,5,1,51020,3,40_49,m,civilian.employed,same.house,i.0.9999,us.born,married,no.schooling,without.disability,not.working,with.insurance,white
2018HU0407570,5,1,51175,3,60_69,m,civilian.employed,diff.us.house,i.0.9999,us.born,married,no.schooling,without.disability,self.employed.no.corp,with.insurance,white
2018HU0407570,5,1,51080,3,20_29,f,not.in.labor.force,same.house,i.0.9999,us.born,married,no.schooling,without.disability,local,with.insurance,white
2018HU0411835,5,1,51206,3,50_59,f,civilian.employed,same.house,i.0.9999,us.born,married,no.schooling,with.disability,self.employed.corp,with.insurance,asian
2018HU0411835,5,1,51090,3,40_49,f,civilian.employed,same.house,i.0.9999,us.born,never,no.schooling,without.disability,private.profit,with.insurance,black
2018HU0411835,5,1,51044,3,70_79,f,not.in.labor.force,same.house,i.65000.74999,us.born,married,no.schooling,without.disability,not.working,with.insurance,white
2018HU0415693,5,1,51080,3,60_69,f,civilian.employed,same.house,i.0.9999,us.born,separated,no.schooling,without.disability,private.profit,with.insurance,white
2018HU0420888,5,1,51235,3,20_29,f,not.in.labor.force,same.house,i.75000.99999,us.born,divorced,public,with.disability,not.working,without.insurance,white
2018HU0420888,5,1,59303,3,60_69,f,not.in.labor.force,same.house,i.0.9999,us.born,never,no.schooling,without.disability,private.profit,with.insurance,white
2018HU0420888,5,1,51224,3,20_29,f,unemployed,same.house,i.25000.34999,us.born,never,no.schooling,without.disability,not.working,with.insurance,white
2018HU0420888,5,1,51096,3,70_79,m,civilian.employed,diff.us.house,i.50000.64999,us.born,widowed,no.schooling,without.disability,federal,with.insurance,white
2018HU0422978,5,1,51110,3,40_49,m,civilian.employed,same.house,i.0.9999,us.born,married,no.schooling,without.disability,private.profit,with.insurance,white
2018HU0422978,5,1,51255,3,20_29,m,not.in.labor.force,same.house,i.75000.99999,not.citizen,never,no.schooling,without.disability,local,with.insurance,black
2018HU0422978,5,1,1301,3,60_69,f,civilian.employed,same.house,i.0.9999,naturalization,never,public,without.disability,private.profit,with.insurance,white
2018HU0422978,5,1,51225,3,50_59,m,civilian.employed,same.house,i.0.9999,us.born,never,no.schooling,without.disability,private.profit,with.insurance,white
2018HU0422978,5,1,51080,3,50_59,f,not.in.labor.force,same.house,i.0.9999,not.citizen,never,no.schooling,without.disability,private.profit,with.insurance,asian
2018HU0427257,5,1,51110,3,30_39,f,not.in.labor.force,same.house,i.0.9999,naturalization,never,no.schooling,without.disability,private.profit,with.insurance,white
2018HU0431844,5,1,55002,3,60_69,m,civilian.employed,same.house,i.75000.99999,us.born,separated,no.schooling,without.disability,not.working,with.insurance,white
2018HU0431844,5,1,51089,3,40_49,m,civilian.employed,same.house,i.0.9999,us.born,never,no.schooling,without.disability,self.employed.corp,with.insurance,white
2018HU0431844,5,1,51235,3,50_59,f,civilian.employed,same.house,i.0.9999,not.citizen,married,no.schooling,without.disability,not.working,without.insurance,black
2018HU0431844,5,1,51235,3,60_69,m,civilian.employed,same.house,i.75000.99999,us.born,separated,no.schooling,without.disability,not.working,with.insurance,white
2018HU0432952,5,1,51105,3,30_39,m,not.in.labor.force,same.house,i.75000.99999,us.born,married,no.schooling,without.disability,not.working,with.insurance,white
2018HU0432952,5,1,51154,3,30_39,f,civilian.employed,diff.us.house,i.0.9999,not.citizen,never,no.schooling,without.disability,not.working,with.insurance,white
2018HU0432952,5,1,51096,3,50_59,m,civilian.employed,same.house,i.0.9999,us.born,separated,no.schooling,without.disability,private.profit,with.insurance,white
2018HU0435319,5,1,51235,3,60_69,f,civilian.employed,same.house,i.0.9999,naturalization,widowed,public,without.disability,not.working,with.insurance,white
2018HU0435319,5,1,51186,3,30_39,m,civilian.employed,same.house,i.75000.99999,us.born,married,no.schooling,without.disability,federal,with.insurance,white
2018HU0436315,5,1,51040,3,70_79,f,not.in.labor.force,same.house,i.0.9999,us.born,never,no.schooling,without.disability,not.working,with.insurance,asian
2018HU0436315,5,1,51040,3,40_49,f,not.in.labor.force,same.house,i.0.9999,not.citizen,never,no.schooling,without.disability,private.no.profit,with.insurance,white
2018HU0437828,5,1,51040,3,0_9,f,civilian.employed,same.house,i.0.9999,us.born,divorced,no.schooling,without.disability,not.working,with.insurance,white
2018HU0437828,5,1,51110,3,0_9,f,not.in.labor.force,same.house,i.75000.99999,us.born,never,no.schooling,without.disability,not.working,with.insurance,white
2018HU0437828,5,1,51105,3,80_89,m,unemployed,same.house,i.0.9999,us.born,never,no.schooling,without.disability,private.profit,with.insurance,white
2018HU0438231,5,1,51155,3,50_59,f,civilian.employed,same.house,i.0.9999,us.born,divorced,private,without.disability,private.no.profit,with.insurance,white
2018HU0438231,5,1,51084,3,20_29,f,not.in.labor.force,diff.us.house,i.0.9999,us.born,never,no.schooling,without.disability,private.profit,with.insurance,white
2018HU0439161,5,1,51045,3,80_89,m,not.in.labor.force,abroad.house,i.0.9999,us.born,never,no.schooling,without.disability,private.profit,with.insurance,white
2018HU0439161,5,1,59303,3,60_69,f,not.in.labor.force,same.house,i.50000.64999,us.born,separated,no.schooling,without.disability,private.profit,with.insurance,asian
2018HU0441189,5,1,51096,3,0_9,f,civilian.employed,same.house,i.75000.99999,us.born,married,no.schooling,without.disability,not.working,with.insurance,white
2018HU0441189,5,1,51010,3,80_89,m,not.in.labor.force,same.house,i.65000.74999,us.born,divorced,no.schooling,without.disability,private.profit,with.insurance,white
2018HU0444418,5,1,51020,3,20_29,f,civilian.employed,abroad.house,i.75000.99999,us.born,divorced,no.schooling,without.disability,private.profit,with.insurance,white
2018HU0444418,5,1,51206,3,70_79,f,not.in.labor.force,diff.us.house,i.0.9999,naturalization,married,no.schooling,without.disability,not.working,with.insurance,white
2018HU0444418,5,1,51225,3,50_59,m,civilian.employed,same.house,i.35000.49999,us.born,divorced,no.schooling,without.disability,not.working,with.insurance,white
2018HU0446340,5,1,51255,3,60_69,f,not.in.labor.force,same.house,i.0.9999,us.born,married,no.schooling,without.disability,private.profit,with.insurance,white
2018HU0446340,5,1,51110,3,50_59,f,unemployed,same.house,i.0.9999,us.born,never,no.schooling,without.disability,self.employed.corp,with.insurance,white
2018HU0446350,5,1,51154,3,50_59,m,not.in.labor.force,diff.us.house,i.65000.74999,us.born,married,public,without.disability,private.profit,with.insurance,white
2018HU0446350,5,1,51110,3,80_89,f,civilian.employed,same.house,i.65000.74999,us.born,never,no.schooling,without.disability,private.profit,with.insurance,two.
2018HU0446350,5,1,51155,3,80_89,f,unemployed,same.house,i.0.9999,us.born,married,public,without.disability,private.profit,with.insurance,asian
2018HU0448044,5,1,51110,3,0_9,f,not.in.labor.force,same.house,i.0.9999,us.born,never,private,without.disability,not.working,with.insurance,white
2018HU0448044,5,1,51215,3,30_39,f,civilian.employed,same.house,i.25000.34999,us.born,never,no.schooling,without.disability,federal,with.insurance,white
2018HU0453224,5,1,51044,3,60_69,m,civilian.employed,same.house,i.0.9999,us.born,married,no.schooling,without.disability,self.employed.no.corp,with.insurance,two.
2018HU0453658,5,1,51090,3,30_39,m,not.in.labor.force,same.house,i.0.9999,us.born,married,public,without.disability,not.working,with.insurance,white
2018HU0456790,5,1,55002,3,60_69,f,not.in.labor.force,same.house,i.0.9999,us.born,married,no.schooling,without.disability,not.working,with.insurance,white
2018HU0456790,5,1,51020,3,50_59,f,civilian.employed,same.house,i.75000.99999,us.born,married,no.schooling,without.disability,self.employed.no.corp,with.insurance,white
2018HU0456790,5,1,55002,3,50_59,f,civilian.employed,diff.us.house,i.0.9999,us.born,never,public,without.disability,private.profit,with.insurance,white
2018HU0457774,5,1,51105,3,50_59,m,not.in.labor.force,diff.us.house,i.75000.99999,us.born,married,no.schooling,without.disability,private.profit,with.insurance,white
2018HU0457774,5,1,51105,3,50_59,f,not.in.labor.force,same.house,i.50000.64999,abroad.born,married,no.schooling,without.disability,private.profit,without.insurance,white
2018HU0462649,5,1,51125,3,70_79,f,not.in.labor.force,same.house,i.0.9999,us.born,never,no.schooling,without.disability,local,with.insurance,white
2018HU0462649,5,1,51110,3,50_59,m,not.in.labor.force,same.house,i.50000.64999,us.born,never,public,without.disability,private.profit,with.insurance,white
2018HU0469614,5,1,51145,3,50_59,f,civilian.employed,same.house,i.0.9999,us.born,divorced,no.schooling,without.disability,private.profit,with.insurance,white
2018HU0469614,5,1,51135,3,40_49,f,not.in.labor.force,same.house,i.0.9999,us.born,married,no.schooling,without.disability,private.profit,with.insurance,white
2018HU0469614,5,1,51186,3,80_89,m,not.in.labor.force,same.house,i.0.9999,us.born,never,private,without.disability,federal,with.insurance,white
2018HU0469614,5,1,51165,3,50_59,f,civilian.employed,same.house,i.65000.74999,us.born,never,no.schooling,without.disability,not.working,with.insurance,white
2018HU0471229,5,1,51125,3,30_39,m,civilian.employed,same.house,i.0.9999,us.born,married,no.schooling,without.disability,private.profit,with.insurance,white
2018HU0474729,5,1,51105,3,20_29,f,not.in.labor.force,same.house,i.0.9999,us.born,married,no.schooling,without.disability,not.working,with.insurance,white
2018HU0474729,5,1,51245,3,70_79,m,civilian.employed,same.house,i.0.9999,us.born,never,no.schooling,without.disability,not.working,with.insurance,white
2018HU0474729,5,1,59303,3,10_19,f,civilian.employed,same.house,i.75000.99999,naturalization,separated,no.schooling,without.disability,private.profit,with.insurance,white
2018HU0474729,5,1,51110,3,50_59,m,civilian.employed,same.house,i.50000.64999,us.born,never,no.schooling,without.disability,private.profit,with.insurance,white
2018HU0474729,5,1,51010,3,30_39,m,civilian.employed,same.house,i.0.9999,us.born,married,no.schooling,without.disability,private.no.profit,with.insurance,white
2018HU0474729,5,1,51090,3,60_69,f,not.in.labor.force,same.house,i.0.9999,us.born,married,no.schooling,without.disability,private.profit,with.insurance,white
2018HU0475262,5,1,51045,3,40_49,m,not.in.labor.force,same.house,i.0.9999,us.born,divorced,no.schooling,without.disability,not.working,with.insurance,asian
2018HU0486363,5,1,59303,3,70_79,m,civilian.employed,diff.us.house,i.0.9999,us.born,divorced,no.schooling,without.disability,not.working,with.insurance,asian
2018HU0486363,5,1,51096,3,50_59,f,civilian.employed,same.house,i.0.9999,us.born,never,no.schooling,with.disability,private.profit,with.insurance,white
2018HU0486363,5,1,51080,3,0_9,m,civilian.employed,same.house,i.0.9999,us.born,never,no.schooling,with.disability,private.no.profit,with.insurance,white
2018HU0489441,5,1,51080,3,40_49,m,not.in.labor.force,same.house,i.0.9999,us.born,never,no.schooling,without.disability,private.profit,with.insurance,white
2018HU0489441,5,1,51154,3,40_49,m,civilian.employed,diff.us.house,i.75000.99999,us.born,married,no.schooling,without.disability,federal,with.insurance,white
2018HU0496242,5,1,51105,3,20_29,m,civilian.employed,same.house,i.0.9999,us.born,married,no.schooling,without.disability,not.working,with.insurance,white
2018HU0496242,5,1,59307,3,0_9,m,civilian.employed,diff.us.house,i.0.9999,abroad.born,married,no.schooling,without.disability,private.profit,with.insurance,white
2018HU0496242,5,1,51090,3,30_39,m,not.in.labor.force,diff.us.house,i.50000.64999,us.born,married,public,without.disability,federal,with.insurance,white
2018HU0498307,5,1,51040,3,60_69,f,not.in.labor.force,same.house,i.0.9999,us.born,married,no.schooling,without.disability,private.profit,without.insurance,white
2018HU0498307,5,1,51135,3,30_39,m,not.in.labor.force,same.house,i.75000.99999,us.born,married,public,without.disability,not.working,with.insurance,white
2018HU0498307,5,1,51235,3,60_69,f,not.in.labor.force,same.house,i.0.9999,us.born,divorced,no.schooling,without.disability,private.profit,with.insurance,asian
2018HU0498786,5,1,51040,3,70_79,m,not.in.labor.force,same.house,i.0.9999,us.born,never,no.schooling,with.disability,private.profit,with.insurance,white
2018HU0498847,5,1,51110,3,30_39,f,civilian.employed,same.house,i.0.9999,us.born,married,no.schooling,with.disability,federal,with.insurance,white
2018HU0498847,5,1,51010,3,20_29,m,civilian.employed,same.house,i.50000.64999,us.born,married,no.schooling,without.disability,not.working,with.insurance,white
2018HU0498847,5,1,51095,3,20_29,f,not.in.labor.force,diff.us.house,i.50000.64999,us.born,divorced,no.schooling,with.disability,not.working,with.insurance,white
2018HU0498847,5,1,10703,3,70_79,m,civilian.employed,diff.us.house,i.65000.74999,us.born,married,no.schooling,without.disability,federal,with.insurance,asian
2018HU0499045,5,1,51084,3,20_29,f,civilian.employed,same.house,i.35000.49999,us.born,married,no.schooling,without.disability,private.profit,with.insurance,black
2018HU0503590,5,1,51175,3,30_39,m,not.in.labor.force,same.house,i.0.9999,naturalization,never,no.schooling,without.disability,federal,with.insurance,white
2018HU0503590,5,1,51164,3,50_59,m,not.in.labor.force,same.house,i.0.9999,us.born,never,no.schooling,without.disability,federal,with.insurance,black
2018HU0514591,5,1,51154,3,40_49,f,civilian.employed,same.house,i.75000.99999,us.born,divorced,no.schooling,without.disability,not.working,with.insurance,white
2018HU0514847,5,1,55002,3,60_69,m,civilian.employed,diff.us.house,i.50000.64999,us.born,married,public,without.disability,private.profit,with.insurance,white
2018HU0514847,5,1,51235,3,30_39,m,unemployed,same.house,i.0.9999,us.born,married,no.schooling,without.disability,private.profit,with.insurance,white
2018HU0514847,5,1,51215,3,30_39,f,unemployed,same.house,i.50000.64999,us.born,never,no.schooling,without.disability,not.working,with.insurance,white
2018HU0514847,5,1,51096,3,50_59,f,not.in.labor.force,diff.us.house,i.50000.64999,us.born,married,no.schooling,without.disability,private.profit,with.insurance,white
2018HU0515098,5,1,4103,3,30_39,m,civilian.employed,diff.us.house,i.50000.64999,us.born,never,no.schooling,with.disability,federal,with.insurance,white
2018HU0515098,5,1,51224,3,40_49,f,not.in.labor.force,same.house,i.0.9999,naturalization,never,no.schooling,without.disability,not.working,with.insurance,white
2018HU0515098,5,1,51040,3,30_39,m,civilian.employed,same.house,i.75000.99999,us.born,married,no.schooling,without.disability,not.working,with.insurance,white
2018HU0515098,5,1,51040,3,40_49,m,not.in.labor.force,same.house,i.75000.99999,us.born,divorced,private,without.disability,not.working,with.insurance,white
2018HU0521442,5,1,51145,3,40_49,m,not.in.labor.force,same.house,i.0.9999,us.born,never,no.schooling,without.disability,private.profit,with.insurance,white
2018HU0521442,5,1,59302,3,60_69,f,civilian.employed,same.house,i.50000.64999,us.born,never,no.schooling,without.disability,private.profit,with.insurance,white
2018HU0523343,5,1,4102,3,40_49,f,civilian.employed,same.house,i.0.9999,us.born,married,no.schooling,without.disability,private.profit,with.insurance,white
2018HU0523343,5,1,59303,3,30_39,f,civilian.employed,diff.us.house,i.65000.74999,us.born,never,no.schooling,without.disability,not.working,with.insurance,white
2018HU0525710,5,1,51097,3,60_69,f,not.in.labor.force,same.house,i.0.9999,us.born,married,public,without.disability,private.profit,with.insurance,white
2018HU0528996,5,1,51167,3,50_59,f,not.in.labor.force,same.house,i.0.9999,us.born,divorced,no.schooling,without.disability,not.working,with.insurance,white
2018HU0528996,5,1,51040,3,30_39,f,civilian.employed,same.house,i.75000.99999,us.born,never,no.schooling,without.disability,not.working,with.insurance,white
2018HU0529531,5,1,51154,3,80_89,m,civilian.employed,same.house,i.75000.99999,us.born,divorced,no.schooling,without.disability,self.employed.no.corp,with.insurance,asian
2018HU0529689,5,1,10703,3,60_69,f,civilian.employed,same.house,i.0.9999,us.born,married,public,without.disability,private.no.profit,with.insurance,white
2018HU0529689,5,1,51096,3,20_29,f,civilian.employed,same.house,i.75000.99999,naturalization,married,no.schooling,with.disability,not.working,with.insurance,black
2018HU0529689,5,1,51155,3,50_59,f,civilian.employed,same.house,i.75000.99999,us.born,never,no.schooling,without.disability,private.profit,with.insurance,white
2018HU0529689,5,1,51225,3,0_9,m,not.in.labor.force,same.house,i.0.9999,naturalization,married,no.schooling,without.disability,federal,with.insurance,asian
2018HU0529689,5,1,51089,3,40_49,f,civilian.employed,same.house,i.0.9999,us.born,never,no.schooling,without.disability,private.profit,with.insurance,white
2018HU0537700,5,1,51215,3,20_29,m,civilian.employed,same.house,i.0.9999,us.born,married,no.schooling,without.disability,private.profit,with.insurance,white
2018HU0538152,5,1,51154,3,60_69,f,civilian.employed,diff.us.house,i.35000.49999,us.born,married,no.schooling,without.disability,not.working,with.insurance,white
2018HU0538152,5,1,51165,3,60_69,m,not.in.labor.force,same.house,i.0.9999,us.born,married,no.schooling,without.disability,self.employed.no.corp,with.insurance,white
2018HU0544846,5,1,51167,3,50_59,f,not.in.labor.force,same.house,i.75000.99999,us.born,married,public,without.disability,self.employed.no.corp,with.insurance,white
2018HU0544846,5,1,59303,3,40_49,m,not.in.labor.force,same.house,i.0.9999,abroad.born,separated,public,without.disability,not.working,with.insurance,asian
2018HU0544846,5,1,55001,3,50_59,m,civilian.employed,same.house,i.0.9999,naturalization,married,no.schooling,without.disability,private.profit,with.insurance,black
2018HU0544846,5,1,51105,3,40_49,m,not.in.labor.force,same.house,i.0.9999,us.born,married,no.schooling,without.disability,private.profit,with.insurance,white
2018HU0548994,5,1,51084,3,80_89,f,civilian.employed,same.house,i.75000.99999,us.born,married,private,without.disability,not.working,with.insurance,white
2018HU0554105,5,1,51206,3,40_49,f,civilian.employed,diff.us.house,i.75000.99999,us.born,married,no.schooling,without.disability,not.working,with.insurance,white
2018HU0554755,5,1,51154,3,40_49,f,civilian.employed,same.house,i.50000.64999,naturalization,divorced,no.schooling,without.disability,private.profit,with.insurance,white
2018HU0554755,5,1,59303,3,70_79,f,civilian.employed,diff.us.house,i.35000.49999,us.born,never,no.schooling,without.disability,federal,with.insurance,white
2018HU0554755,5,1,51105,3,50_59,m,civilian.employed,same.house,i.0.9999,us.born,married,no.schooling,without.disability,self.employed.corp,with.insurance,white
2018HU0558670,5,1,51206,3,60_69,f,civilian.employed,same.house,i.50000.64999,us.born,never,no.schooling,without.disability,private.profit,with.insurance,white
2018HU0558670,5,1,51105,3,60_69,m,civilian.employed,same.house,i.75000.99999,us.born,married,public,without.disability,not.working,with.insurance,white
2018HU0564147,5,1,51040,3,60_69,f,not.in.labor.force,same.house,i.75000.99999,us.born,never,no.schooling,without.disability,private.profit,with.insurance,white
2018HU0565836,5,1,51235,3,60_69,m,civilian.employed,same.house,i.0.9999,us.born,divorced,no.schooling,without.disability,not.working,with.insurance,black
2018HU0565836,5,1,59301,3,20_29,m,not.in.labor.force,same.house,i.0.9999,us.born,widowed,no.schooling,without.disability,not.working,with.insurance,white
2018HU0565938,5,1,51044,3,0_9,f,not.in.labor.force,same.house,i.0.9999,us.born,never,no.schooling,without.disability,private.profit,with.insurance,white
2018HU0565938,5,1,55002,3,0_9,f,civilian.employed,same.house,i.0.9999,us.born,never,public,without.disability,not.working,with.insurance,asian
2018HU0565938,5,1,51020,3,70_79,f,not.in.labor.force,same.house,i.10000.14999,not.citizen,widowed,public,without.disability,local,with.insurance,white
2018HU0566933,5,1,51246,3,40_49,f,civilian.employed,same.house,i.0.9999,naturalization,divorced,no.schooling,without.disability,self.employed.no.corp,with.insurance,white
2018HU0566933,5,1,51167,3,40_49,f,not.in.labor.force,diff.us.house,i.0.9999,us.born,separated,no.schooling,without.disability,self.employed.corp,with.insurance,white
2018HU0566933,5,1,51175,3,40_49,f,civilian.employed,diff.us.house,i.15000.24999,us.born,divorced,no.schooling,without.disability,private.profit,with.insurance,white
2018HU0568003,5,1,51110,3,0_9,f,not.in.labor.force,same.house,i.65000.74999,us.born,married,no.schooling,with.disability,private.profit,with.insurance,white
2018HU0569830,5,1,51096,3,50_59,m,civilian.employed,same.house,i.75000.99999,us.born,married,no.schooling,without.disability,private.profit,with.insurance,white
2018HU0569830,5,1,51090,3,0_9,f,civilian.employed,same.house,i.25000.34999,us.born,never,no.schooling,without.disability,private.profit,with.insurance,white
2018HU0577494,5,1,1302,3,30_39,f,not.in.labor.force,same.house,i.0.9999,us.born,married,no.schooling,with.disability,self.employed.corp,with.insurance,white
2018HU0577494,5,1,59309,3,20_29,m,unemployed,same.house,i.35000.49999,naturalization,married,no.schooling,without.disability,private.profit,with.insurance,white
2018HU0579111,5,1,51105,3,40_49,f,civilian.employed,same.house,i.75000.99999,abroad.born,never,no.schooling,without.disability,private.profit,with.insurance,white
2018HU0579111,5,1,51085,3,40_49,m,unemployed,same.house,i.15000.24999,us.born,married,no.schooling,without.disability,private.profit,with.insurance,asian
2018HU0580038,5,1,4101,3,60_69,m,civilian.employed,same.house,i.25000.34999,abroad.born,separated,no.schooling,without.disability,not.working,with.insurance,white
2018HU0580038,5,1,4103,3,70_79,f,not.in.labor.force,same.house,i.65000.74999,us.born,married,no.schooling,without.disability,self.employed.corp,with.insurance,white
2018HU0580038,5,1,51085,3,20_29,f,civilian.employed,same.house,i.75000.99999,us.born,never,no.schooling,without.disability,not.working,with.insurance,white
2018HU0580440,5,1,51045,3,60_69,m,civilian.employed,same.house,i.0.9999,us.born,never,no.schooling,without.disability,federal,with.insurance,white
2018HU0582041,5,1,51206,3,20_29,f,not.in.labor.force,same.house,i.0.9999,naturalization,widowed,no.schooling,without.disability,private.profit,with.insurance,white
2018HU0582041,5,1,51105,3,20_29,m,civilian.employed,same.house,i.0.9999,us.born,married,no.schooling,without.disability,not.working,with.insurance,white
2018HU0582041,5,1,51096,3,30_39,f,civilian.employed,same.house,i.75000.99999,us.born,divorced,no.schooling,without.disability,not.working,with.insurance,white
2018HU0585325,5,1,51045,3,70_79,m,civilian.employed,same.house,i.0.9999,us.born,married,private,without.disability,private.profit,with.insurance,white
2018HU0589044,5,1,51135,3,20_29,f,civilian.employed,same.house,i.0.9999,us.born,married,no.schooling,without.disability,not.working,with.insurance,white
2018HU0589044,5,1,51110,3,50_59,f,civilian.employed,same.house,i.0.9999,us.born,married,no.schooling,without.disability,private.profit,with.insurance,white
2018HU0589044,5,1,51110,3,30_39,f,not.in.labor.force,same.house,i.50000.64999,us.born,never,public,without.disability,private.profit,with.insurance,white
2018HU0591575,5,1,51040,3,40_49,f,civilian.employed,same.house,i.75000.99999,us.born,widowed,no.schooling,with.disability,not.working,with.insurance,white
2018HU0591575,5,1,1301,3,50_59,f,civilian.employed,same.house,i.75000.99999,us.born,never,private,without.disability,self.employed.no.corp,with.insurance,white
2018HU0591575,5,1,51125,3,80_89,f,not.in.labor.force,same.house,i.35000.49999,us.born,married,public,without.disability,not.working,with.insurance,white
2018HU0591575,5,1,51087,3,0_9,m,civilian.employed,same.house,i.0.9999,us.born,divorced,private,without.disability,not.working,without.insurance,white
2018HU0591575,5,1,51044,3,40_49,f,not.in.labor.force,same.house,i.0.9999,us.born,separated,no.schooling,without.disability,private.profit,with.insurance,white
2018HU0591575,5,1,51040,3,20_29,f,not.in.labor.force,same.house,i.0.9999,not.citizen,never,no.schooling,without.disability,private.profit,with.insurance,white
2018HU0595562,5,1,51020,3,80_89,f,civilian.employed,same.house,i.75000.99999,us.born,married,no.schooling,without.disability,private.profit,with.insurance,asian
2018HU0595562,5,1,51080,3,0_9,f,not.in.labor.force,same.house,i.0.9999,us.born,married,private,without.disability,not.working,with.insurance,asian
2018HU0595562,5,1,51155,3,60_69,f,not.in.labor.force,diff.us.house,i.75000.99999,us.born,never,no.schooling,without.disability,not.working,with.insurance,asian
2018HU0595562,5,1,51105,3,20_29,m,civilian.employed,same.house,i.0.9999,us.born,married,no.schooling,without.disability,not.working,with.insurance,white
2018HU0602456,5,1,51084,3,30_39,m,civilian.employed,same.house,i.0.9999,us.born,never,no.schooling,without.disability,not.working,with.insurance,asian
2018HU0603194,5,1,51135,3,70_79,f,not.in.labor.force,same.house,i.75000.99999,us.born,never,no.schooling,without.disability,not.working,with.insurance,white
2018HU0603194,5,1,51090,3,0_9,f,not.in.labor.force,same.house,i.0.9999,us.born,married,no.schooling,without.disability,private.profit,with.insurance,white
2018HU0604408,5,1,4103,3,10_19,f,civilian.employed,same.house,i.35000.49999,us.born,never,no.schooling,without.disability,not.working,with.insurance,white
2018HU0604408,5,1,51154,3,30_39,f,not.in.labor.force,same.house,i.0.9999,us.born,never,public,without.disability,not.working,with.insurance,white
2018HU0604408,5,1,51080,3,40_49,m,civilian.employed,same.house,i.0.9999,us.born,married,no.schooling,with.disability,private.profit,with.insurance,white
2018HU0606395,5,1,59303,3,50_59,m,not.in.labor.force,same.house,i.0.9999,us.born,never,public,without.disability,not.working,with.insurance,white
2018HU0606395,5,1,51040,3,80_89,f,civilian.employed,same.house,i.0.9999,us.born,never,no.schooling,without.disability,private.profit,with.insurance,white
2018HU0606395,5,1,51096,3,70_79,m,civilian.employed,same.house,i.50000.64999,us.born,married,no.schooling,without.disability,private.profit,with.insurance,white
2018HU0608677,5,1,51206,3,20_29,m,not.in.labor.force,same.house,i.25000.34999,us.born,never,no.schooling,without.disability,not.working,with.insurance,white
2018HU0608677,5,1,59301,3,20_29,f,civilian.employed,abroad.house,i.0.9999,us.born,divorced,no.schooling,with.disability,private.profit,with.insurance,asian
2018HU0608677,5,1,51255,3,60_69,m,unemployed,same.house,i.0.9999,us.born,never,no.schooling,without.disability,not.working,with.insurance,white
2018HU0608677,5,1,51246,3,20_29,f,civilian.employed,same.house,i.75000.99999,us.born,widowed,no.schooling,without.disability,not.working,with.insurance,white
2018HU0615617,5,1,4101,3,60_69,m,not.in.labor.force,same.house,i.50000.64999,us.born,never,no.schooling,without.disability,private.profit,with.insurance,white
2018HU0615617,5,1,51096,3,50_59,f,not.in.labor.force,same.house,i.0.9999,naturalization,married,no.schooling,without.disability,private.profit,with.insurance,white
2018HU0618336,5,1,51040,3,40_49,f,not.in.labor.force,same.house,i.75000.99999,us.born,married,private,without.disability,private.no.profit,with.insurance,white
2018HU0618336,5,1,51105,3,50_59,m,civilian.employed,diff.us.house,i.75000.99999,us.born,never,no.schooling,without.disability,not.working,with.insurance,asian
2018HU0628098,5,1,51105,3,50_59,f,civilian.employed,same.house,i.0.9999,us.born,divorced,no.schooling,without.disability,not.working,with.insurance,white
2018HU0628098,5,1,51110,3,60_69,f,civilian.employed,same.house,i.0.9999,us.born,never,no.schooling,without.disability,not.working,with.insurance,white
2018HU0628098,5,1,59303,3,60_69,f,civilian.employed,same.house,i.75000.99999,us.born,married,private,without.disability,local,with.insurance,white
2018HU0630016,5,1,51125,3,40_49,f,not.in.labor.force,same.house,i.0.9999,naturalization,married,no.schooling,with.disability,not.working,with.insurance,black
2018HU0637021,5,1,51186,3,40_49,f,civilian.employed,same.house,i.0.9999,us.born,married,no.schooling,without.disability,not.working,with.insurance,white
2018HU0637021,5,1,1301,3,70_79,m,not.in.labor.force,same.house,i.75000.99999,not.citizen,divorced,public,without.disability,self.employed.no.corp,with.insurance,white
2018HU0637021,5,1,51154,3,50_59,m,civilian.employed,same.house,i.0.9999,us.born,never,no.schooling,without.disability,private.no.profit,with.insurance,white
2018HU0640205,5,1,51044,3,10_19,f,not.in.labor.force,same.house,i.0.9999,naturalization,married,no.schooling,without.disability,not.working,with.insurance,white
2018HU0640205,5,1,51145,3,60_69,f,civilian.employed,same.house,i.0.9999,naturalization,married,private,with.disability,not.working,with.insurance,white
2018HU0641836,5,1,51097,3,20_29,m,not.in.labor.force,same.house,i.0.9999,us.born,married,no.schooling,with.disability,private.profit,with.insurance,white
2018HU0641836,5,1,51215,3,80_89,f,unemployed,same.house,i.25000.34999,not.citizen,never,no.schooling,without.disability,private.profit,with.insurance,white
2018HU0642828,5,1,55002,3,40_49,m,civilian.employed,same.house,i.0.9999,us.born,married,no.schooling,without.disability,not.working,with.insurance,white
2018HU0642828,5,1,51135,3,10_19,f,civilian.employed,same.house,i.0.9999,us.born,married,private,without.disability,not.working,with.insurance,white
2018HU0647638,5,1,51105,3,60_69,m,not.in.labor.force,diff.us.house,i.65000.74999,us.born,never,public,without.disability,private.profit,without.insurance,white
2018HU0647638,5,1,51145,3,0_9,f,civilian.employed,same.house,i.0.9999,naturalization,married,no.schooling,without.disability,not.working,with.insurance,white
2018HU0647638,5,1,51154,3,60_69,f,civilian.employed,same.house,i.0.9999,us.born,separated,no.schooling,without.disability,private.profit,with.insurance,white
2018HU0647638,5,1,51115,3,0_9,f,civilian.employed,same.house,i.0.9999,us.born,married,no.schooling,without.disability,local,with.insurance,white
2018HU0647638,5,1,51255,3,50_59,f,not.in.labor.force,same.house,i.50000.64999,us.born,married,no.schooling,without.disability,private.profit,with.insurance,white
2018HU0648882,5,1,51080,3,50_59,m,civilian.employed,same.house,i.65000.74999,us.born,married,no.schooling,without.disability,not.working,with.insurance,white
2018HU0648932,5,1,51235,3,10_19,f,civilian.employed,same.house,i.0.9999,us.born,married,private,without.disability,private.no.profit,with.insurance,white
2018HU0648932,5,1,51097,3,10_19,f,not.in.labor.force,same.house,i.75000.99999,us.born,married,no.schooling,without.disability,private.profit,with.insurance,asian
2018HU0649829,5,1,51080,3,70_79,m,civilian.employed,same.house,i.0.9999,us.born,married,no.schooling,without.disability,not.working,with.insurance,white
2018HU0650296,5,1,51186,3,20_29,f,not.in.labor.force,same.house,i.75000.99999,us.born,married,no.schooling,without.disability,local,with.insurance,white
2018HU0650296,5,1,51135,3,50_59,f,civilian.employed,same.house,i.0.9999,us.born,never,no.schooling,without.disability,self.employed.corp,with.insurance,white
2018HU0650296,5,1,51206,3,60_69,f,civilian.employed,same.house,i.75000.99999,us.born,married,no.schooling,without.disability,not.working,with.insurance,white
2018HU0650296,5,1,51089,3,30_39,f,not.in.labor.force,same.house,i.0.9999,us.born,never,no.schooling,without.disability,not.working,with.insurance,white
2018HU0651502,5,1,51115,3,40_49,f,civilian.employed,same.house,i.0.9999,us.born,widowed,no.schooling,with.disability,not.working,without.insurance,white
2018HU0651502,5,1,51164,3,20_29,f,not.in.labor.force,same.house,i.75000.99999,us.born,married,no.schooling,without.disability,private.profit,with.insurance,white
2018HU0659160,5,1,51155,3,50_59,m,not.in.labor.force,same.house,i.75000.99999,us.born,never,no.schooling,without.disability,federal,with.insurance,white
2018HU0660836,5,1,51040,3,40_49,f,not.in.labor.force,same.house,i.75000.99999,naturalization,divorced,no.schooling,without.disability,federal,with.insurance,two.
2018HU0660836,5,1,51145,3,60_69,m,not.in.labor.force,diff.us.house,i.75000.99999,us.born,married,no.schooling,without.disability,private.profit,with.insurance,white
2018HU0660836,5,1,51206,3,60_69,f,civilian.employed,same.house,i.0.9999,us.born,never,public,without.disability,private.profit,with.insurance,white
2018HU0662277,5,1,51040,3,40_49,m,not.in.labor.force,same.house,i.0.9999,us.born,married,no.schooling,without.disability,private.profit,with.insurance,asian
2018HU0662277,5,1,51105,3,40_49,f,not.in.labor.force,same.house,i.0.9999,not.citizen,never,no.schooling,without.disability,not.working,with.insurance,white
2018HU0662277,5,1,55002,3,30_39,f,not.in.labor.force,same.house,i.0.9999,us.born,divorced,no.schooling,without.disability,private.profit,with.insurance,white
2018HU0662277,5,1,51096,3,0_9,m,civilian.employed,same.house,i.0.9999,us.born,never,no.schooling,without.disability,not.working,with.insurance,asian
2018HU0662277,5,1,51096,3,10_19,f,not.in.labor.force,same.house,i.65000.74999,not.citizen,married,no.schooling,without.disability,private.profit,with.insurance,white
2018HU0669418,5,1,51105,3,70_79,f,civilian.employed,same.house,i.75000.99999,us.born,married,public,without.disability,not.working,with.insurance,white
2018HU0669792,5,1,55002,3,50_59,f,civilian.employed,diff.us.house,i.50000.64999,abroad.born,never,no.schooling,without.disability,private.profit,with.insurance,white
2018HU0669792,5,1,51165,3,20_29,m,not.in.labor.force,same.house,i.75000.99999,us.born,married,no.schooling,without.disability,not.working,with.insurance,white
2018HU0670954,5,1,51154,3,60_69,f,civilian.employed,same.house,i.0.9999,not.citizen,married,no.schooling,without.disability,self.employed.no.corp,with.insurance,black
2018HU0671923,5,1,51206,3,60_69,f,civilian.employed,diff.us.house,i.75000.99999,us.born,divorced,public,without.disability,self.employed.no.corp,with.insurance,white
2018HU0671923,5,1,1301,3,50_59,m,civilian.employed,diff.us.house,i.0.9999,us.born,divorced,no.schooling,without.disability,self.employed.no.corp,with.insurance,white
2018HU0671923,5,1,51164,3,60_69,m,civilian.employed,same.house,i.75000.99999,us.born,married,no.schooling,without.disability,private.profit,with.insurance,white
2018HU0671923,5,1,51020,3,80_89,m,not.in.labor.force,same.house,i.75000.99999,us.born,widowed,public,without.disability,private.no.profit,with.insurance,asian
2018HU0673144,5,1,51135,3,60_69,f,civilian.employed,same.house,i.50000.64999,us.born,married,no.schooling,without.disability,self.employed.no.corp,with.insurance,white
2018HU0673144,5,1,51155,3,60_69,f,not.in.labor.force,diff.us.house,i.50000.64999,us.born,never,no.schooling,without.disability,private.profit,with.insurance,white
2018HU0673144,5,1,4103,3,30_39,f,civilian.employed,same.house,i.75000.99999,us.born,married,no.schooling,without.disability,not.working,with.insurance,asian
2018HU0673144,5,1,51044,3,20_29,m,civilian.employed,same.house,i.35000.49999,us.born,divorced,no.schooling,without.disability,not.working,with.insurance,white
2018HU0673304,5,1,51010,3,60_69,f,civilian.employed,diff.us.house,i.75000.99999,us.born,divorced,private,without.disability,private.profit,with.insurance,white
2018HU0679480,5,1,51084,3,0_9,f,civilian.employed,same.house,i.0.9999,us.born,never,no.schooling,with.disability,self.employed.no.corp,with.insurance,white
2018HU0679480,5,1,59303,3,60_69,f,civilian.employed,same.house,i.0.9999,us.born,married,no.schooling,without.disability,federal,with.insurance,white
2018HU0679480,5,1,51090,3,70_79,f,unemployed,same.house,i.0.9999,us.born,never,no.schooling,with.disability,private.profit,with.insurance,white
2018HU0679480,5,1,51040,3,80_89,m,civilian.employed,same.house,i.65000.74999,us.born,divorced,private,without.disability,self.employed.corp,with.insurance,white
2018HU0679480,5,1,51224,3,40_49,m,civilian.employed,same.house,i.75000.99999,us.born,widowed,no.schooling,without.disability,not.working,with.insurance,white
2018HU0679480,5,1,10703,3,50_59,m,not.in.labor.force,diff.us.house,i.75000.99999,us.born,married,no.schooling,without.disability,private.profit,with.insurance,white
2018HU0680366,5,1,51175,3,60_69,f,civilian.employed,same.house,i.75000.99999,us.born,divorced,no.schooling,without.disability,self.employed.no.corp,with.insurance,white
2018HU0680366,5,1,51096,3,60_69,m,not.in.labor.force,same.house,i.50000.64999,us.born,married,public,without.disability,private.profit,with.insurance,white
2018HU0680366,5,1,51090,3,30_39,f,not.in.labor.force,same.house,i.0.9999,us.born,married,no.schooling,without.disability,private.profit,with.insurance,asian
2018HU0683039,5,1,51206,3,70_79,f,not.in.labor.force,same.house,i.0.9999,us.born,married,no.schooling,without.disability,not.working,with.insurance,white
2018HU0683039,5,1,51225,3,0_9,f,not.in.labor.force,same.house,i.0.9999,us.born,married,no.schooling,without.disability,private.profit,with.insurance,white
2018HU0683039,5,1,59303,3,0_9,f,civilian.employed,same.house,i.0.9999,us.born,married,no.schooling,without.disability,private.profit,with.insurance,white
2018HU0685777,5,1,59303,3,10_19,f,civilian.employed,same.house,i.0.9999,us.born,married,no.schooling,without.disability,local,with.insurance,asian
2018HU0685777,5,1,4103,3,50_59,f,civilian.employed,same.house,i.0.9999,us.born,married,no.schooling,without.disability,federal,with.insurance,white
2018HU0685777,5,1,51087,3,40_49,m,civilian.employed,diff.us.house,i.0.9999,us.born,divorced,private,without.disability,private.no.profit,with.insurance,white
2018HU0685777,5,1,51087,3,40_49,m,civilian.employed,same.house,i.65000.74999,us.born,married,no.schooling,without.disability,local,with.insurance,white
2018HU0695134,5,1,51105,3,20_29,m,not.in.labor.force,same.house,i.0.9999,us.born,married,no.schooling,without.disability,not.working,with.insurance,white
2018HU0695411,5,1,51096,3,20_29,m,civilian.employed,same.house,i.0.9999,naturalization,married,no.schooling,without.disability,self.employed.no.corp,with.insurance,white
2018HU0695411,5,1,51215,3,40_49,f,not.in.labor.force,diff.us.house,i.0.9999,us.born,never,no.schooling,without.disability,private.profit,with.insurance,white
2018HU0695411,5,1,51085,3,40_49,f,civilian.employed,same.house,i.75000.99999,us.born,married,no.schooling,with.disability,private.profit,with.insurance,white
2018HU0695411,5,1,59303,3,20_29,f,not.in.labor.force,same.house,i.0.9999,us.born,married,no.schooling,without.disability,not.working,without.insurance,white
2018HU0695411,5,1,51096,3,0_9,m,not.in.labor.force,same.house,i.0.9999,naturalization,married,no.schooling,without.disability,self.employed.corp,with.insurance,white
2018HU0695411,5,1,4103,3,0_9,f,civilian.employed,same.house,i.0.9999,us.born,never,public,with.disability,private.profit,with.insurance,white
2018HU0695411,5,1,51010,3,40_49,m,civilian.employed,same.house,i.75000.99999,not.citizen,divorced,no.schooling,without.disability,not.working,with.insurance,white
2018HU0695411,5,1,51155,3,30_39,m,not.in.labor.force,same.house,i.0.9999,us.born,never,no.schooling,without.disability,not.working,with.insurance,white
2018HU0698069,5,1,51095,3,30_39,m,civilian.employed,same.house,i.50000.64999,us.born,never,no.schooling,without.disability,self.employed.no.corp,with.insurance,white
2018HU0698069,5,1,51206,3,30_39,f,not.in.labor.force,same.house,i.75000.99999,us.born,separated,no.schooling,without.disability,not.working,with.insurance,black
2018HU0700003,5,1,51154,3,50_59,m,not.in.labor.force,same.house,i.75000.99999,us.born,divorced,no.schooling,without.disability,federal,with.insurance,white
2018HU0700003,5,1,51235,3,60_69,m,civilian.employed,same.house,i.75000.99999,us.born,never,public,without.disability,not.working,with.insurance,asian
2018HU0700648,5,1,51105,3,20_29,f,unemployed,same.house,i.75000.99999,us.born,married,no.schooling,without.disability,local,with.insurance,white
2018HU0700648,5,1,51040,3,50_59,m,not.in.labor.force,diff.us.house,i.75000.99999,us.born,never,no.schooling,without.disability,not.working,with.insurance,white
2018HU0703567,5,1,51215,3,0_9,m,civilian.employed,same.house,i.0.9999,us.born,never,no.schooling,without.disability,private.profit,with.insurance,white
2018HU0714608,5,1,1301,3,70_79,f,civilian.employed,same.house,i.0.9999,naturalization,married,no.schooling,without.disability,not.working,with.insurance,white
2018HU0714608,5,1,51115,3,0_9,m,civilian.employed,same.house,i.65000.74999,us.born,married,no.schooling,without.disability,local,with.insurance,white
2018HU0715751,5,1,51096,3,30_39,f,unemployed,same.house,i.50000.64999,us.born,married,no.schooling,without.disability,not.working,with.insurance,white
2018HU0715751,5,1,51096,3,60_69,f,not.in.labor.force,same.house,i.0.9999,us.born,divorced,no.schooling,without.disability,private.profit,with.insurance,asian
2018HU0715751,5,1,51040,3,0_9,f,not.in.labor.force,same.house,i.0.9999,us.born,married,no.schooling,without.disability,private.profit,with.insurance,white
2018HU0716962,5,1,51125,3,30_39,f,civilian.employed,diff.us.house,i.50000.64999,us.born,divorced,no.schooling,without.disability,private.profit,with.insurance,white
2018HU0716962,5,1,51105,3,70_79,f,not.in.labor.force,same.house,i.0.9999,us.born,never,no.schooling,without.disability,private.no.profit,with.insurance,asian
2018HU0716962,5,1,51044,3,50_59,m,not.in.labor.force,same.house,i.75000.99999,us.born,never,no.schooling,without.disability,private.profit,with.insurance,two.
2018HU0716962,5,1,51154,3,40_49,f,not.in.labor.force,same.house,i.0.9999,us.born,never,private,without.disability,not.working,with.insurance,asian
2018HU0718694,5,1,51154,3,60_69,f,not.in.labor.force,same.house,i.0.9999,us.born,never,no.schooling,without.disability,not.working,with.insurance,white
2018HU0718694,5,1,4102,3,10_19,m,not.in.labor.force,same.house,i.0.9999,us.born,never,no.schooling,without.disability,private.profit,with.insurance,white
2018HU0718694,5,1,51090,3,30_39,f,not.in.labor.force,same.house,i.75000.99999,us.born,married,public,without.disability,self.employed.no.corp,with.insurance,white
2018HU0718694,5,1,51155,3,30_39,f,civilian.employed,diff.us.house,i.0.9999,us.born,married,no.schooling,without.disability,not.working,with.insurance,two.
2018HU0719684,5,1,51105,3,30_39,f,not.in.labor.force,same.house,i.0.9999,us.born,married,public,without.disability,federal,with.insurance,white
2018HU0719684,5,1,51080,3,20_29,f,not.in.labor.force,same.house,i.0.9999,us.born,never,public,without.disability,self.employed.corp,with.insurance,white
2018HU0719684,5,1,59306,3,70_79,m,civilian.employed,diff.us.house,i.75000.99999,us.born,divorced,no.schooling,without.disability,not.working,with.insurance,white
2018HU0721386,5,1,59304,3,50_59,f,civilian.employed,same.house,i.0.9999,us.born,divorced,no.schooling,without.disability,not.working,with.insurance,white
2018HU0722175,5,1,51235,3,30_39,m,not.in.labor.force,same.house,i.65000.74999,us.born,married,no.schooling,with.disability,private.profit,with.insurance,white
2018HU0724870,5,1,51225,3,40_49,f,civilian.employed,diff.us.house,i.0.9999,us.born,never,no.schooling,without.disability,not.working,with.insurance,white
2018HU0724870,5,1,51164,3,20_29,m,civilian.employed,same.house,i.0.9999,us.born,married,no.schooling,without.disability,not.working,with.insurance,white
2018HU0726713,5,1,51135,3,30_39,f,civilian.employed,same.house,i.0.9999,us.born,married,public,without.disability,self.employed.corp,with.insurance,white
2018HU0726713,5,1,51090,3,70_79,m,civilian.employed,same.house,i.75000.99999,us.born,married,no.schooling,without.disability,private.no.profit,with.insurance,white
2018HU0726713,5,1,51206,3,70_79,m,not.in.labor.force,same.house,i.0.9999,us.born,married,no.schooling,without.disability,private.no.profit,with.insurance,white
2018HU0731753,5,1,51010,3,40_49,f,civilian.employed,same.house,i.0.9999,us.born,widowed,no.schooling,without.disability,not.working,with.insurance,white
2018HU0731753,5,1,51080,3,70_79,m,civilian.employed,same.house,i.0.9999,us.born,never,private,without.disability,self.employed.corp,with.insurance,asian
2018HU0731753,5,1,51105,3,30_39,f,civilian.employed,same.house,i.50000.64999,us.born,never,no.schooling,without.disability,self.employed.no.corp,with.insurance,white
2018HU0731753,5,1,51125,3,40_49,f,not.in.labor.force,same.house,i.0.9999,not.citizen,never,no.schooling,without.disability,not.working,with.insurance,white
2018HU0731753,5,1,51090,3,50_59,f,civilian.employed,same.house,i.75000.99999,naturalization,married,private,without.disability,not.working,with.insurance,white
2018HU0731753,5,1,51206,3,70_79,f,civilian.employed,same.house,i.0.9999,us.born,married,public,without.disability,federal,with.insurance,white
2018HU0731753,5,1,51255,3,0_9,f,not.in.labor.force,same.house,i.75000.99999,us.born,separated,no.schooling,without.disability,self.employed.corp,with.insurance,white
2018HU0733692,5,1,55001,3,80_89,m,civilian.employed,same.house,i.0.9999,us.born,married,no.schooling,without.disability,not.working,with.insurance,white
2018HU0733692,5,1,51090,3,0_9,f,civilian.employed,same.house,i.0.9999,us.born,never,no.schooling,without.disability,private.profit,with.insurance,white
2018HU0733692,5,1,51145,3,20_29,f,not.in.labor.force,same.house,i.75000.99999,naturalization,married,no.schooling,without.disability,self.employed.no.corp,with.insurance,white
2018HU0735123,5,1,51125,3,80_89,f,civilian.employed,same.house,i.0.9999,us.born,widowed,no.schooling,without.disability,not.working,with.insurance,white
2018HU0735123,5,1,51090,3,30_39,m,civilian.employed,same.house,i.10000.14999,us.born,married,public,without.disability,not.working,with.insurance,white
2018HU0735535,5,1,51206,3,10_19,f,civilian.employed,same.house,i.50000.64999,us.born,married,no.schooling,without.disability,private.no.profit,with.insurance,white
2018HU0735535,5,1,51010,3,50_59,f,not.in.labor.force,same.house,i.75000.99999,us.born,married,no.schooling,with.disability,not.working,with.insurance,white
2018HU0736671,5,1,51040,3,50_59,m,not.in.labor.force,same.house,i.0.9999,us.born,never,public,without.disability,private.no.profit,with.insurance,white
2018HU0736671,5,1,51040,3,70_79,m,civilian.employed,same.house,i.0.9999,us.born,divorced,no.schooling,without.disability,not.working,with.insurance,white
2018HU0736968,5,1,51020,3,60_69,m,not.in.labor.force,diff.us.house,i.0.9999,us.born,divorced,no.schooling,without.disability,not.working,with.insurance,white
2018HU0736968,5,1,4103,3,20_29,f,not.in.labor.force,same.house,i.75000.99999,us.born,never,no.schooling,without.disability,private.profit,with.insurance,white
2018HU0736968,5,1,55002,3,60_69,m,not.in.labor.force,diff.us.house,i.0.9999,us.born,never,no.schooling,without.disability,not.working,with.insurance,white
2018HU0736968,5,1,51235,3,20_29,f,civilian.employed,same.house,i.0.9999,us.born,married,no.schooling,without.disability,not.working,with.insurance,white
2018HU0738847,5,1,51110,3,50_59,f,civilian.employed,same.house,i.0.9999,us.born,married,no.schooling,with.disability,private.profit,with.insurance,white
2018HU0738847,5,1,51244,3,50_59,f,not.in.labor.force,same.house,i.65000.74999,us.born,never,public,without.disability,local,with.insurance,white
2018HU0740125,5,1,51135,3,60_69,f,civilian.employed,same.house,i.0.9999,us.born,never,no.schooling,without.disability,not.working,with.insurance,white
2018HU0740125,5,1,51154,3,50_59,f,not.in.labor.force,same.house,i.0.9999,us.born,married,no.schooling,with.disability,private.profit,with.insurance,white
2018HU0740125,5,1,51186,3,70_79,m,civilian.employed,same.house,i.75000.99999,us.born,married,no.schooling,without.disability,not.working,with.insurance,white
2018HU0747197,5,1,51020,3,60_69,m,civilian.employed,same.house,i.75000.99999,us.born,never,no.schooling,without.disability,private.profit,with.insurance,white
2018HU0747197,5,1,51010,3,10_19,f,civilian.employed,same.house,i.0.9999,us.born,never,no.schooling,without.disability,not.working,with.insurance,other
2018HU0747998,5,1,51155,3,60_69,f,civilian.employed,same.house,i.75000.99999,us.born,never,no.schooling,without.disability,not.working,with.insurance,white
2018HU0748540,5,1,51044,3,0_9,f,not.in.labor.force,diff.us.house,i.75000.99999,us.born,married,no.schooling,without.disability,not.working,with.insurance,white
2018HU0748540,5,1,51040,3,50_59,f,not.in.labor.force,same.house,i.0.9999,us.born,married,no.schooling,without.disability,not.working,with.insurance,white
2018HU0748540,5,1,51155,3,20_29,m,civilian.employed,same.house,i.0.9999,us.born,married,no.schooling,without.disability,private.no.profit,with.insurance,white
2018HU0748540,5,1,51135,3,40_49,m,not.in.labor.force,same.house,i.0.9999,not.citizen,separated,no.schooling,without.disability,local,with.insurance,white
2018HU0749427,5,1,51145,3,40_49,f,not.in.labor.force,same.house,i.0.9999,us.born,divorced,no.schooling,without.disability,private.profit,with.insurance,white
2018HU0749427,5,1,51084,3,40_49,f,not.in.labor.force,same.house,i.0.9999,us.born,never,no.schooling,without.disability,private.no.profit,with.insurance,white
2018HU0749427,5,1,51084,3,60_69,f,not.in.labor.force,same.house,i.75000.99999,us.born,married,no.schooling,without.disability,private.profit,with.insurance,white
2018HU0751522,5,1,51097,3,50_59,m,civilian.employed,abroad.house,i.50000.64999,us.born,married,no.schooling,without.disability,not.working,with.insurance,asian
2018HU0751522,5,1,51084,3,50_59,m,civilian.employed,same.house,i.0.9999,naturalization,married,private,without.disability,not.working,with.insurance,white
2018HU0754577,5,1,51020,3,0_9,f,civilian.employed,same.house,i.0.9999,us.born,never,private,without.disability,private.no.profit,with.insurance,white
2018HU0754577,5,1,51235,3,30_39,m,not.in.labor.force,same.house,i.75000.99999,us.born,never,no.schooling,without.disability,private.no.profit,with.insurance,white
2018HU0754577,5,1,55002,3,30_39,f,civilian.employed,same.house,i.75000.99999,us.born,married,no.schooling,without.disability,private.profit,with.insurance,white
2018HU0754577,5,1,51096,3,60_69,m,not.in.labor.force,same.house,i.0.9999,us.born,married,no.schooling,without.disability,not.working,with.insurance,white
2018HU0754577,5,1,51164,3,60_69,f,civilian.employed,same.house,i.0.9999,us.born,married,no.schooling,with.disability,federal,with.insurance,white
2018HU0755486,5,1,51235,3,40_49,m,civilian.employed,same.house,i.0.9999,us.born,married,no.schooling,without.disability,federal,with.insurance,asian
2018HU0755486,5,1,51010,3,50_59,m,not.in.labor.force,same.house,i.0.9999,us.born,married,no.schooling,without.disability,private.profit,with.insurance,white
2018HU0755582,5,1,51175,3,30_39,f,civilian.employed,same.house,i.0.9999,us.born,never,no.schooling,without.disability,private.profit,with.insurance,white
2018HU0755582,5,1,51145,3,40_49,m,civilian.employed,same.house,i.75000.99999,us.born,never,no.schooling,without.disability,not.working,with.insurance,white
2018HU0761950,5,1,51215,3,70_79,m,not.in.labor.force,diff.us.house,i.0.9999,puerto.rico.born,never,no.schooling,without.disability,private.profit,with.insurance,white
2018HU0761950,5,1,51105,3,70_79,m,civilian.employed,abroad.house,i.65000.74999,us.born,never,no.schooling,without.disability,private.profit,with.insurance,white
2018HU0761950,5,1,51154,3,80_89,m,civilian.employed,same.house,i.25000.34999,naturalization,never,public,without.disability,self.employed.corp,with.insurance,white
2018HU0761950,5,1,51135,3,50_59,m,civilian.employed,same.house,i.0.9999,us.born,never,public,without.disability,private.profit,with.insurance,white
2018HU0765486,5,1,51135,3,20_29,f,not.in.labor.force,same.house,i.0.9999,not.citizen,married,no.schooling,without.disability,private.profit,with.insurance,white
2018HU0765486,5,1,51125,3,30_39,f,civilian.employed,same.house,i.0.9999,us.born,married,no.schooling,without.disability,private.profit,with.insurance,white
2018HU0766206,5,1,51235,3,40_49,f,not.in.labor.force,same.house,i.0.9999,us.born,never,no.schooling,without.disability,not.working,with.insurance,white
2018HU0766206,5,1,51167,3,70_79,m,not.in.labor.force,diff.us.house,i.0.9999,us.born,married,private,without.disability,not.working,with.insurance,asian
2018HU0769217,5,1,51154,3,50_59,m,civilian.employed,same.house,i.75000.99999,us.born,married,no.schooling,with.disability,private.profit,with.insurance,white
2018HU0769558,5,1,51235,3,10_19,f,civilian.employed,same.house,i.25000.34999,us.born,never,no.schooling,without.disability,federal,with.insurance,white
2018HU0769558,5,1,51167,3,60_69,f,civilian.employed,same.house,i.75000.99999,us.born,married,no.schooling,without.disability,not.working,with.insurance,white
2018HU0769558,5,1,51154,3,70_79,m,civilian.employed,same.house,i.0.9999,us.born,never,no.schooling,without.disability,federal,with.insurance,white
2018HU0769558,5,1,51206,3,0_9,m,civilian.employed,same.house,i.50000.64999,us.born,never,no.schooling,without.disability,not.working,with.insurance,white
2018HU0775324,5,1,51115,3,60_69,f,not.in.labor.force,diff.us.house,i.75000.99999,us.born,never,no.schooling,with.disability,private.profit,with.insurance,white
2018HU0777316,5,1,51040,3,0_9,m,not.in.labor.force,same.house,i.0.9999,us.born,never,no.schooling,without.disability,not.working,with.insurance,white
2018HU0781073,5,1,51154,3,50_59,f,civilian.employed,diff.us.house,i.50000.64999,us.born,widowed,no.schooling,without.disability,not.working,with.insurance,white
2018HU0781073,5,1,51110,3,20_29,m,civilian.employed,same.house,i.0.9999,us.born,never,public,without.disability,not.working,with.insurance,white
2018HU0781073,5,1,51120,3,30_39,m,not.in.labor.force,same.house,i.0.9999,us.born,never,no.schooling,without.disability,not.working,with.insurance,white
2018HU0782087,5,1,51125,3,20_29,m,not.in.labor.force,same.house,i.25000.34999,us.born,married,no.schooling,without.disability,self.employed.corp,with.insurance,white
2018HU0783347,5,1,51105,3,70_79,m,unemployed,same.house,i.75000.99999,us.born,divorced,no.schooling,without.disability,not.working,with.insurance,white
2018HU0791302,5,1,51154,3,40_49,f,unemployed,same.house,i.75000.99999,us.born,divorced,no.schooling,without.disability,not.working,with.insurance,white
2018HU0791302,5,1,51110,3,50_59,f,civilian.employed,same.house,i.75000.99999,naturalization,married,no.schooling,without.disability,not.working,with.insurance,asian
2018HU0791302,5,1,51096,3,30_39,f,civilian.employed,same.house,i.0.9999,us.born,divorced,no.schooling,without.disability,private.profit,with.insurance,asian
2018HU0791302,5,1,4103,3,30_39,m,not.in.labor.force,diff.us.house,i.0.9999,us.born,married,no.schooling,without.disability,private.profit,without.insurance,white
2018HU0791302,5,1,51215,3,50_59,m,civilian.employed,diff.us.house,i.35000.49999,us.born,married,public,without.disability,not.working,with.insurance,white
2018HU0793019,5,1,51135,3,60_69,m,not.in.labor.force,same.house,i.0.9999,us.born,never,no.schooling,without.disability,not.working,with.insurance,asian
2018HU0793019,5,1,51040,3,60_69,m,civilian.employed,same.house,i.0.9999,us.born,married,no.schooling,without.disability,not.working,with.insurance,white
2018HU0793663,5,1,51110,3,40_49,f,not.in.labor.force,same.house,i.50000.64999,us.born,never,no.schooling,with.disability,not.working,with.insurance,white
2018HU0795926,5,1,51105,3,50_59,m,civilian.employed,same.house,i.75000.99999,naturalization,married,private,without.disability,not.working,with.insurance,white
2018HU0795926,5,1,55002,3,70_79,m,civilian.employed,same.house,i.65000.74999,us.born,married,no.schooling,without.disability,not.working,with.insurance,white
2018HU0795926,5,1,4103,3,20_29,f,not.in.labor.force,same.house,i.50000.64999,not.citizen,divorced,public,without.disability,not.working,with.insurance,white
2018HU0796319,5,1,59301,3,30_39,f,civilian.employed,same.house,i.0.9999,us.born,divorced,no.schooling,without.disability,not.working,with.insurance,asian
2018HU0796319,5,1,51120,3,10_19,m,not.in.labor.force,diff.us.house,i.0.9999,us.born,married,no.schooling,without.disability,not.working,with.insurance,white
2018HU0796319,5,1,4103,3,20_29,m,civilian.employed,diff.us.house,i.65000.74999,us.born,divorced,no.schooling,without.disability,self.employed.no.corp,with.insurance,white
2018HU0799650,5,1,51215,3,80_89,m,civilian.employed,same.house,i.75000.99999,us.born,never,no.schooling,without.disability,private.profit,with.insurance,white
2018HU0799650,5,1,51235,3,50_59,f,civilian.employed,same.house,i.75000.99999,not.citizen,married,no.schooling,without.disability,not.working,with.insurance,white
2018HU0802270,5,1,51090,3,30_39,f,civilian.employed,same.house,i.35000.49999,us.born,divorced,no.schooling,without.disability,private.profit,with.insurance,white
2018HU0802270,5,1,51089,3,80_89,m,not.in.labor.force,diff.us.house,i.75000.99999,not.citizen,married,no.schooling,without.disability,not.working,with.insurance,white
2018HU0804841,5,1,51090,3,70_79,f,civilian.employed,same.house,i.0.9999,us.born,widowed,no.schooling,without.disability,private.profit,with.insurance,white
2018HU0804841,5,1,51115,3,60_69,m,civilian.employed,same.house,i.0.9999,not.citizen,married,private,with.disability,not.working,with.insurance,white
2018HU0805754,5,1,51155,3,50_59,f,not.in.labor.force,diff.us.house,i.25000.34999,us.born,divorced,no.schooling,without.disability,not.working,with.insurance,white
2018HU0805754,5,1,59301,3,0_9,f,civilian.employed,same.house,i.75000.99999,us.born,married,no.schooling,without.disability,private.profit,with.insurance,white
2018HU0807924,5,1,51090,3,50_59,f,civilian.employed,same.house,i.50000.64999,us.born,never,no.schooling,without.disability,private.profit,with.insurance,white
2018HU0807924,5,1,51010,3,40_49,m,civilian.employed,same.house,i.0.9999,us.born,never,no.schooling,without.disability,not.working,with.insurance,white
2018HU0807924,5,1,55001,3,20_29,f,civilian.employed,diff.us.house,i.75000.99999,us.born,married,no.schooling,without.disability,private.profit,with.insurance,white
2018HU0807924,5,1,51167,3,40_49,m,civilian.employed,same.house,i.75000.99999,abroad.born,married,public,without.disability,not.working,with.insurance,white
2018HU0812867,5,1,4102,3,40_49,m,not.in.labor.force,same.house,i.0.9999,us.born,never,public,without.disability,private.no.profit,with.insurance,white
2018HU0812867,5,1,51154,3,10_19,f,not.in.labor.force,diff.us.house,i.0.9999,not.citizen,never,no.schooling,without.disability,not.working,with.insurance,white
2018HU0812867,5,1,51090,3,40_49,m,civilian.employed,diff.us.house,i.0.9999,us.born,never,public,with.disability,not.working,with.insurance,white
2018HU0812867,5,1,51135,3,40_49,m,not.in.labor.force,same.house,i.65000.74999,us.born,married,no.schooling,without.disability,not.working,with.insurance,white
2018HU0817565,5,1,51105,3,80_89,f,civilian.employed,same.house,i.75000.99999,us.born,married,no.schooling,without.disability,private.profit,with.insurance,white
2018HU0817565,5,1,51155,3,40_49,m,civilian.employed,same.house,i.75000.99999,us.born,divorced,no.schooling,without.disability,local,with.insurance,white
2018HU0817565,5,1,51105,3,50_59,f,civilian.employed,same.house,i.0.9999,us.born,never,private,without.disability,not.working,with.insurance,white
2018HU0817842,5,1,51040,3,50_59,f,not.in.labor.force,same.house,i.75000.99999,naturalization,never,no.schooling,with.disability,not.working,with.insurance,white
2018HU0817842,5,1,51020,3,70_79,f,civilian.employed,same.house,i.50000.64999,us.born,married,no.schooling,without.disability,not.working,with.insurance,white
2018HU0819855,5,1,51224,3,60_69,m,not.in.labor.force,same.house,i.0.9999,us.born,divorced,no.schooling,without.disability,private.profit,with.insurance,black
2018HU0819855,5,1,51010,3,30_39,f,civilian.employed,same.house,i.0.9999,us.born,never,no.schooling,without.disability,self.employed.no.corp,with.insurance,white
2018HU0820617,5,1,51040,3,20_29,f,not.in.labor.force,same.house,i.0.9999,not.citizen,married,no.schooling,with.disability,private.profit,with.insurance,asian
2018HU0820617,5,1,51154,3,40_49,f,civilian.employed,same.house,i.0.9999,us.born,married,no.schooling,without.disability,private.profit,with.insurance,white
2018HU0820617,5,1,51206,3,60_69,f,civilian.employed,same.house,i.0.9999,us.born,divorced,no.schooling,without.disability,private.profit,with.insurance,white
2018HU0820617,5,1,51040,3,70_79,f,civilian.employed,same.house,i.0.9999,us.born,widowed,no.schooling,without.disability,not.working,with.insurance,white
2018HU0822361,5,1,51096,3,40_49,m,not.in.labor.force,same.house,i.75000.99999,naturalization,divorced,no.schooling,without.disability,self.employed.corp,with.insurance,white
2018HU0822361,5,1,51110,3,50_59,m,civilian.employed,same.house,i.75000.99999,us.born,married,no.schooling,without.disability,not.working,with.insurance,white
2018HU0822649,5,1,51215,3,60_69,m,civilian.employed,same.house,i.75000.99999,us.born,married,public,without.disability,not.working,with.insurance,white
2018HU0822649,5,1,51010,3,30_39,m,civilian.employed,same.house,i.75000.99999,us.born,married,public,without.disability,not.working,with.insurance,white
2018HU0822918,5,1,51115,3,50_59,m,not.in.labor.force,same.house,i.75000.99999,us.born,never,private,without.disability,not.working,with.insurance,white
2018HU0822918,5,1,51084,3,0_9,f,not.in.labor.force,same.house,i.0.9999,us.born,never,no.schooling,with.disability,not.working,with.insurance,white
2018HU0824307,5,1,51215,3,40_49,m,civilian.employed,same.house,i.75000.99999,us.born,married,no.schooling,without.disability,private.no.profit,with.insurance,white
2018HU0824307,5,1,51105,3,50_59,f,civilian.employed,same.house,i.0.9999,us.born,never,no.schooling,without.disability,not.working,with.insurance,black
2018HU0824307,5,1,51010,3,50_59,f,unemployed,same.house,i.75000.99999,us.born,divorced,public,with.disability,self.employed.corp,with.insurance,white
2018HU0824307,5,1,51215,3,60_69,m,not.in.labor.force,same.house,i.0.9999,us.born,never,no.schooling,without.disability,private.profit,with.insurance,asian
2018HU0826551,5,1,55001,3,40_49,f,not.in.labor.force,same.house,i.75000.99999,us.born,widowed,public,without.disability,not.working,with.insurance,white
2018HU0826551,5,1,51096,3,0_9,f,civilian.employed,same.house,i.75000.99999,us.born,married,no.schooling,without.disability,not.working,with.insurance,white
2018HU0826551,5,1,51175,3,30_39,f,not.in.labor.force,same.house,i.0.9999,naturalization,married,no.schooling,without.disability,not.working,with.insurance,white
2018HU0826551,5,1,51115,3,60_69,m,not.in.labor.force,same.house,i.75000.99999,us.born,widowed,no.schooling,without.disability,private.profit,with.insurance,white
2018HU0826551,5,1,51186,3,20_29,f,civilian.employed,diff.us.house,i.75000.99999,us.born,divorced,no.schooling,with.disability,private.profit,with.insurance,asian
2018HU0829152,5,1,51110,3,10_19,m,civilian.employed,same.house,i.0.9999,us.born,never,public,without.disability,private.profit,with.insurance,white
2018HU0829152,5,1,51245,3,50_59,f,civilian.employed,same.house,i.75000.99999,us.born,widowed,no.schooling,without.disability,not.working,with.insurance,white
2018HU0829152,5,1,51040,3,0_9,f,not.in.labor.force,same.house,i.65000.74999,us.born,never,no.schooling,without.disability,self.employed.corp,with.insurance,white
2018HU0829152,5,1,1301,3,50_59,f,not.in.labor.force,same.house,i.0.9999,us.born,married,public,without.disability,private.no.profit,with.insurance,white
2018HU0830764,5,1,51235,3,0_9,m,civilian.employed,diff.us.house,i.0.9999,us.born,married,no.schooling,without.disability,not.working,with.insurance,white
2018HU0830764,5,1,51255,3,20_29,f,unemployed,same.house,i.25000.34999,us.born,never,no.schooling,without.disability,not.working,with.insurance,white
2018HU0830764,5,1,51206,3,40_49,m,civilian.employed,diff.us.house,i.0.9999,us.born,separated,public,without.disability,not.working,with.insurance,white
2018HU0830834,5,1,51175,3,10_19,m,civilian.employed,diff.us.house,i.0.9999,naturalization,divorced,no.schooling,without.disability,private.profit,with.insurance,white
2018HU0830834,5,1,51155,3,60_69,f,unemployed,same.house,i.0.9999,us.born,divorced,no.schooling,without.disability,not.working,with.insurance,white
2018HU0830834,5,1,51135,3,50_59,m,civilian.employed,same.house,i.0.9999,us.born,married,no.schooling,without.disability,private.profit,with.insurance,white
2018HU0830839,5,1,51244,3,20_29,m,not.in.labor.force,same.house,i.0.9999,us.born,never,no.schooling,without.disability,private.profit,with.insurance,white
2018HU0830839,5,1,51135,3,0_9,m,civilian.employed,same.house,i.0.9999,us.born,never,no.schooling,without.disability,not.working,with.insurance,white
2018HU0830839,5,1,51145,3,20_29,f,not.in.labor.force,same.house,i.0.9999,us.born,married,public,without.disability,private.profit,with.insurance,white
2018HU0832586,5,1,51084,3,50_59,m,not.in.labor.force,same.house,i.0.9999,us.born,married,no.schooling,without.disability,not.working,with.insurance,white
2018HU0832586,5,1,51080,3,40_49,m,not.in.labor.force,same.house,i.0.9999,us.born,never,no.schooling,without.disability,self.employed.corp,with.insurance,white
2018HU0833131,5,1,51154,3,30_39,m,not.in.labor.force,same.house,i.75000.99999,us.born,married,no.schooling,without.disability,not.working,with.insurance,white
2018HU0833131,5,1,51087,3,50_59,f,civilian.employed,same.house,i.0.9999,us.born,never,no.schooling,without.disability,not.working,with.insurance,white
2018HU0836524,5,1,59303,3,0_9,m,civilian.employed,same.house,i.75000.99999,naturalization,divorced,no.schooling,without.disability,private.profit,with.insurance,white
2018HU0838198,5,1,51096,3,20_29,f,civilian.employed,same.house,i.0.9999,naturalization,divorced,no.schooling,without.disability,not.working,with.insurance,asian
2018HU0838198,5,1,51080,3,0_9,f,not.in.labor.force,same.house,i.0.9999,us.born,married,no.schooling,without.disability,private.profit,with.insurance,white
2018HU0840878,5,1,51215,3,30_39,m,civilian.employed,same.house,i.75000.99999,us.born,widowed,no.schooling,without.disability,private.profit,with.insurance,black
2018HU0840878,5,1,51044,3,40_49,f,civilian.employed,diff.us.house,i.0.9999,us.born,married,no.schooling,without.disability,private.no.profit,with.insurance,white
2018HU0840878,5,1,51145,3,10_19,f,not.in.labor.force,same.house,i.75000.99999,us.born,married,public,without.disability,not.working,with.insurance,white
2018HU0840878,5,1,51045,3,60_69,m,not.in.labor.force,same.house,i.0.9999,us.born,married,no.schooling,without.disability,private.profit,with.insurance,white
2018HU0841960,5,1,51040,3,10_19,m,civilian.employed,same.house,i.0.9999,us.born,married,no.schooling,without.disability,self.employed.no.corp,with.insurance,white
2018HU0847311,5,1,51105,3,30_39,f,civilian.employed,same.house,i.75000.99999,us.born,married,no.schooling,without.disability,not.working,with.insurance,two.
2018HU0849060,5,1,51105,3,30_39,m,civilian.employed,same.house,i.0.9999,us.born,married,no.schooling,with.disability,not.working,with.insurance,white
2018HU0849060,5,1,51110,3,50_59,f,not.in.labor.force,same.house,i.75000.99999,us.born,married,no.schooling,without.disability,not.working,with.insurance,asian
2018HU0849250,5,1,51090,3,0_9,f,civilian.employed,same.house,i.0.9999,us.born,never,private,without.disability,not.working,with.insurance,white
2018HU0854414,5,1,51135,3,20_29,f,not.in.labor.force,same.house,i.75000.99999,not.citizen,married,no.schooling,with.disability,self.employed.no.corp,with.insurance,white
2018HU0854757,5,1,51090,3,30_39,f,civilian.employed,same.house,i.75000.99999,naturalization,married,no.schooling,with.disability,not.working,with.insurance,white
2018HU0854757,5,1,51080,3,80_89,f,not.in.labor.force,same.house,i.0.9999,us.born,divorced,no.schooling,without.disability,private.profit,with.insurance,white
2018HU0854757,5,1,51235,3,30_39,f,civilian.employed,same.house,i.75000.99999,us.born,married,no.schooling,without.disability,not.working,with.insurance,asian
2018HU0854757,5,1,51235,3,30_39,f,civilian.employed,same.house,i.75000.99999,us.born,divorced,no.schooling,without.disability,private.profit,with.insurance,white
2018HU0854762,5,1,51125,3,60_69,f,civilian.employed,same.house,i.10000.14999,us.born,never,private,without.disability,not.working,with.insurance,asian
2018HU0856976,5,1,51097,3,40_49,m,not.in.labor.force,same.house,i.65000.74999,us.born,never,no.schooling,without.disability,federal,with.insurance,white
2018HU0856976,5,1,51105,3,40_49,f,civilian.employed,same.house,i.75000.99999,us.born,widowed,no.schooling,without.disability,not.working,with.insurance,white
2018HU0857107,5,1,51090,3,60_69,f,civilian.employed,same.house,i.0.9999,us.born,never,no.schooling,without.disability,private.profit,with.insurance,white
2018HU0857107,5,1,51010,3,30_39,f,civilian.employed,diff.us.house,i.75000.99999,us.born,never,no.schooling,without.disability,private.profit,with.insurance,white
2018HU0857107,5,1,51235,3,40_49,m,civilian.employed,same.house,i.0.9999,us.born,never,no.schooling,without.disability,private.profit,with.insurance,white
2018HU0859480,5,1,51096,3,0_9,m,civilian.employed,same.house,i.0.9999,not.citizen,never,no.schooling,without.disability,not.working,with.insurance,white
2018HU0859480,5,1,51154,3,70_79,m,not.in.labor.force,same.house,i.75000.99999,us.born,never,no.schooling,without.disability,not.working,with.insurance,white
2018HU0860481,5,1,51084,3,40_49,f,not.in.labor.force,same.house,i.75000.99999,not.citizen,married,no.schooling,without.disability,private.profit,with.insurance,black
2018HU0860481,5,1,51125,3,60_69,f,not.in.labor.force,same.house,i.0.9999,us.born,married,no.schooling,without.disability,federal,with.insurance,white
2018HU0862032,5,1,51155,3,20_29,f,civilian.employed,diff.us.house,i.0.9999,us.born,married,no.schooling,with.disability,private.profit,with.insurance,white
2018HU0862032,5,1,51245,3,10_19,f,not.in.labor.force,same.house,i.65000.74999,naturalization,married,no.schooling,without.disability,not.working,with.insurance,white
2018HU0863136,5,1,51215,3,40_49,m,not.in.labor.force,same.house,i.75000.99999,us.born,married,no.schooling,with.disability,self.employed.corp,with.insurance,white
2018HU0863136,5,1,51115,3,60_69,m,not.in.labor.force,same.house,i.50000.64999,us.born,never,no.schooling,without.disability,federal,with.insurance,white
2018HU0863136,5,1,51255,3,50_59,m,civilian.employed,same.house,i.0.9999,us.born,married,no.schooling,without.disability,private.profit,with.insurance,white
2018HU0864426,5,1,51040,3,0_9,m,not.in.labor.force,same.house,i.65000.74999,us.born,never,no.schooling,without.disability,private.profit,with.insurance,white
2018HU0864426,5,1,4102,3,40_49,f,not.in.labor.force,same.house,i.75000.99999,us.born,never,no.schooling,without.disability,not.working,with.insurance,white
2018HU0873226,5,1,51155,3,40_49,m,civilian.employed,same.house,i.50000.64999,naturalization,divorced,no.schooling,with.disability,not.working,with.insurance,white
2018HU0873226,5,1,51164,3,50_59,f,civilian.employed,same.house,i.0.9999,puerto.rico.born,never,no.schooling,without.disability,self.employed.no.corp,with.insurance,white
2018HU0876465,5,1,51154,3,50_59,f,civilian.employed,same.house,i.0.9999,us.born,never,no.schooling,without.disability,not.working,with.insurance,white
2018HU0876465,5,1,51090,3,60_69,m,civilian.employed,same.house,i.75000.99999,us.born,married,private,without.disability,not.working,with.insurance,white
2018HU0877834,5,1,51084,3,50_59,f,unemployed,diff.us.house,i.75000.99999,us.born,divorced,public,without.disability,self.employed.corp,with.insurance,white
2018HU0877834,5,1,51215,3,60_69,m,civilian.employed,same.house,i.75000.99999,us.born,never,no.schooling,without.disability,private.profit,with.insurance,white
2018HU0878657,5,1,51040,3,80_89,f,civilian.employed,same.house,i.0.9999,us.born,married,no.schooling,without.disability,not.working,with.insurance,white
2018HU0878681,5,1,59306,3,20_29,f,civilian.employed,same.house,i.25000.34999,us.born,married,no.schooling,without.disability,private.no.profit,with.insurance,white
2018HU0880016,5,1,51096,3,40_49,f,civilian.employed,same.house,i.0.9999,us.born,married,no.schooling,without.disability,private.profit,with.insurance,white
2018HU0880016,5,1,51110,3,70_79,f,civilian.employed,same.house,i.75000.99999,us.born,married,no.schooling,without.disability,private.no.profit,with.insurance,white
2018HU0880016,5,1,51096,3,30_39,f,not.in.labor.force,same.house,i.0.9999,us.born,never,no.schooling,with.disability,self.employed.no.corp,with.insurance,white
2018HU0880016,5,1,51040,3,20_29,f,not.in.labor.force,diff.us.house,i.75000.99999,us.born,never,no.schooling,without.disability,not.working,with.insurance,white
2018HU0880389,5,1,51040,3,60_69,f,not.in.labor.force,same.house,i.0.9999,us.born,never,no.schooling,without.disability,not.working,with.insurance,white
2018HU0886950,5,1,51020,3,40_49,f,not.in.labor.force,diff.us.house,i.0.9999,not.citizen,married,no.schooling,without.disability,not.working,with.insurance,white
2018HU0886950,5,1,51135,3,50_59,f,civilian.employed,same.house,i.75000.99999,us.born,never,private,without.disability,federal,with.insurance,white
2018HU0886950,5,1,51096,3,20_29,f,not.in.labor.force,same.house,i.75000.99999,us.born,never,no.schooling,without.disability,private.no.profit,with.insurance,asian
2018HU0886950,5,1,51044,3,60_69,m,not.in.labor.force,same.house,i.0.9999,naturalization,never,no.schooling,without.disability,federal,with.insurance,white
2018HU0888004,5,1,51125,3,20_29,m,not.in.labor.force,same.house,i.0.9999,us.born,married,public,without.disability,not.working,with.insurance,asian
2018HU0888004,5,1,51175,3,20_29,f,civilian.employed,same.house,i.50000.64999,us.born,married,no.schooling,without.disability,private.profit,with.insurance,two.
2018HU0888004,5,1,51135,3,20_29,f,civilian.employed,same.house,i.0.9999,us.born,never,no.schooling,without.disability,private.no.profit,with.insurance,white
2018HU0892503,5,1,51080,3,60_69,m,civilian.employed,diff.us.house,i.0.9999,us.born,divorced,no.schooling,without.disability,not.working,with.insurance,white
2018HU0892503,5,1,51097,3,50_59,f,civilian.employed,same.house,i.0.9999,naturalization,widowed,no.schooling,without.disability,not.working,with.insurance,white
2018HU0893215,5,1,59302,3,60_69,m,civilian.employed,same.house,i.0.9999,us.born,divorced,no.schooling,without.disability,not.working,with.insurance,white
2018HU0893215,5,1,51105,3,70_79,f,not.in.labor.force,same.house,i.0.9999,abroad.born,married,public,without.disability,not.working,with.insurance,other
2018HU0893215,5,1,51105,3,20_29,f,civilian.employed,same.house,i.0.9999,us.born,married,no.schooling,without.disability,local,with.insurance,white
2018HU0893215,5,1,51154,3,60_69,f,not.in.labor.force,same.house,i.75000.99999,us.born,divorced,no.schooling,without.disability,private.profit,with.insurance,asian
2018HU0896613,5,1,51095,3,20_29,m,civilian.employed,same.house,i.0.9999,us.born,married,no.schooling,without.disability,private.profit,with.insurance,white
2018HU0896613,5,1,51020,3,30_39,f,not.in.labor.force,same.house,i.75000.99999,naturalization,never,no.schooling,without.disability,private.profit,with.insurance,white
2018HU0897687,5,1,51235,3,30_39,m,civilian.employed,same.house,i.0.9999,us.born,married,no.schooling,without.disability,private.profit,with.insurance,asian
2018HU0897687,5,1,51090,3,50_59,f,civilian.employed,same.house,i.65000.74999,us.born,never,no.schooling,without.disability,private.profit,with.insurance,asian
2018HU0899865,5,1,51246,3,0_9,f,civilian.employed,same.house,i.0.9999,us.born,married,public,without.disability,not.working,with.insurance,white
2018HU0899865,5,1,51246,3,50_59,m,civilian.employed,same.house,i.10000.14999,abroad.born,married,no.schooling,without.disability,private.profit,with.insurance,white
2018HU0899865,5,1,51154,3,20_29,m,not.in.labor.force,same.house,i.0.9999,us.born,never,public,without.disability,private.profit,with.insurance,asian
2018HU0903314,5,1,51215,3,60_69,m,not.in.labor.force,same.house,i.0.9999,us.born,married,no.schooling,without.disability,not.working,with.insurance,asian
2018HU0904528,5,1,51175,3,0_9,m,not.in.labor.force,same.house,i.0.9999,naturalization,married,no.schooling,without.disability,self.employed.no.corp,with.insurance,white
2018HU0904528,5,1,51105,3,50_59,m,civilian.employed,diff.us.house,i.75000.99999,us.born,divorced,no.schooling,without.disability,not.working,with.insurance,white
2018HU0904528,5,1,51040,3,30_39,f,civilian.employed,same.house,i.0.9999,us.born,married,no.schooling,without.disability,self.employed.corp,with.insurance,white
2018HU0908726,5,1,51096,3,40_49,f,not.in.labor.force,same.house,i.75000.99999,us.born,married,no.schooling,without.disability,private.profit,with.insurance,white
2018HU0908726,5,1,51167,3,50_59,m,civilian.employed,same.house,i.50000.64999,us.born,divorced,no.schooling,without.disability,private.profit,with.insurance,asian
2018HU0908726,5,1,4102,3,0_9,f,civilian.employed,same.house,i.0.9999,us.born,never,no.schooling,without.disability,not.working,with.insurance,asian
2018HU0908726,5,1,4101,3,80_89,m,civilian.employed,same.house,i.75000.99999,us.born,married,no.schooling,without.disability,not.working,with.insurance,white
2018HU0908726,5,1,51097,3,50_59,f,not.in.labor.force,same.house,i.0.9999,us.born,never,no.schooling,without.disability,private.profit,with.insurance,white
2018HU0908726,5,1,51087,3,40_49,m,civilian.employed,same.house,i.50000.64999,us.born,married,no.schooling,without.disability,self.employed.no.corp,with.insurance,white
2018HU0908726,5,1,51110,3,50_59,m,civilian.employed,same.house,i.0.9999,us.born,never,no.schooling,without.disability,not.working,with.insurance,white
2018HU0910742,5,1,59304,3,70_79,f,civilian.employed,diff.us.house,i.0.9999,us.born,never,no.schooling,without.disability,federal,with.insurance,two.
2018HU0913479,5,1,4102,3,80_89,f,civilian.employed,same.house,i.0.9999,us.born,never,no.schooling,without.disability,private.profit,with.insurance,white
2018HU0913479,5,1,51154,3,30_39,f,not.in.labor.force,diff.us.house,i.50000.64999,us.born,divorced,no.schooling,without.disability,not.working,with.insurance,white
2018HU0913479,5,1,51010,3,10_19,m,not.in.labor.force,diff.us.house,i.0.9999,us.born,divorced,no.schooling,without.disability,not.working,with.insurance,white
2018HU0913479,5,1,51090,3,50_59,f,not.in.labor.force,diff.us.house,i.0.9999,us.born,married,private,without.disability,not.working,with.insurance,white
2018HU0916677,5,1,59303,3,50_59,m,civilian.employed,same.house,i.0.9999,us.born,married,no.schooling,with.disability,not.working,with.insurance,white
2018HU0916677,5,1,51080,3,70_79,f,not.in.labor.force,diff.us.house,i.0.9999,us.born,married,no.schooling,without.disability,private.no.profit,with.insurance,two.
2018HU0916710,5,1,51175,3,70_79,m,civilian.employed,diff.us.house,i.75000.99999,abroad.born,never,public,without.disability,not.working,with.insurance,white
2018HU0916710,5,1,51186,3,30_39,m,unemployed,same.house,i.50000.64999,us.born,never,no.schooling,without.disability,not.working,with.insurance,white
2018HU0916710,5,1,51135,3,0_9,m,civilian.employed,same.house,i.0.9999,naturalization,married,no.schooling,without.disability,private.profit,with.insurance,white
2018HU0917651,5,1,4103,3,40_49,f,civilian.employed,same.house,i.50000.64999,us.born,married,no.schooling,without.disability,not.working,with.insurance,white
2018HU0918298,5,1,51020,3,60_69,f,not.in.labor.force,same.house,i.65000.74999,us.born,never,no.schooling,without.disability,not.working,with.insurance,white
2018HU0919653,5,1,51084,3,40_49,f,not.in.labor.force,same.house,i.0.9999,us.born,divorced,no.schooling,without.disability,private.no.profit,with.insurance,white
2018HU0919653,5,1,51010,3,60_69,f,civilian.employed,diff.us.house,i.0.9999,us.born,married,no.schooling,without.disability,private.profit,with.insurance,white
2018HU0919660,5,1,51115,3,0_9,f,not.in.labor.force,same.house,i.0.9999,us.born,never,private,without.disability,local,with.insurance,white
2018HU0919660,5,1,51096,3,50_59,f,civilian.employed,diff.us.house,i.0.9999,us.born,married,no.schooling,without.disability,not.working,with.insurance,asian
2018HU0920950,5,1,51115,3,80_89,f,not.in.labor.force,same.house,i.50000.64999,us.born,married,no.schooling,with.disability,federal,with.insurance,white
2018HU0921756,5,1,51080,3,20_29,f,civilian.employed,diff.us.house,i.75000.99999,us.born,never,no.schooling,without.disability,not.working,with.insurance,white
2018HU0921756,5,1,51097,3,20_29,f,not.in.labor.force,same.house,i.0.9999,us.born,married,no.schooling,without.disability,private.profit,with.insurance,white
2018HU0921756,5,1,51155,3,30_39,f,not.in.labor.force,same.house,i.75000.99999,us.born,widowed,no.schooling,without.disability,not.working,with.insurance,asian
2018HU0921756,5,1,51206,3,20_29,m,civilian.employed,same.house,i.0.9999,us.born,never,no.schooling,without.disability,private.profit,with.insurance,white
2018HU0921756,5,1,51110,3,0_9,f,civilian.employed,same.house,i.75000.99999,us.born,married,no.schooling,without.disability,not.working,with.insurance,white
2018HU0923949,5,1,51087,3,60_69,m,not.in.labor.force,same.house,i.50000.64999,us.born,married,no.schooling,without.disability,not.working,with.insurance,white
2018HU0923949,5,1,51165,3,50_59,f,civilian.employed,same.house,i.75000.99999,abroad.born,never,no.schooling,without.disability,private.profit,with.insurance,white
2018HU0923949,5,1,51010,3,60_69,m,not.in.labor.force,same.house,i.0.9999,us.born,never,public,without.disability,private.profit,with.insurance,white
2018HU0929969,5,1,51135,3,0_9,f,not.in.labor.force,same.house,i.65000.74999,us.born,never,no.schooling,without.disability,private.profit,with.insurance,white
2018HU0931174,5,1,4102,3,20_29,f,civilian.employed,diff.us.house,i.75000.99999,us.born,married,no.schooling,without.disability,private.profit,with.insurance,white
2018HU0931174,5,1,51235,3,60_69,m,civilian.employed,diff.us.house,i.0.9999,us.born,married,no.schooling,without.disability,not.working,with.insurance,white
2018HU0932741,5,1,51080,3,80_89,m,not.in.labor.force,same.house,i.0.9999,naturalization,married,public,without.disability,private.profit,with.insurance,white
2018HU0932741,5,1,59301,3,40_49,f,not.in.labor.force,same.house,i.50000.64999,us.born,married,no.schooling,with.disability,not.working,with.insurance,white
2018HU0932741,5,1,51085,3,70_79,f,civilian.employed,same.house,i.75000.99999,us.born,widowed,no.schooling,without.disability,private.profit,with.insurance,white
2018HU0932741,5,1,51120,3,40_49,m,civilian.employed,same.house,i.50000.64999,us.born,divorced,no.schooling,without.disability,not.working,with.insurance,white
2018HU0933031,5,1,51154,3,30_39,m,unemployed,same.house,i.0.9999,us.born,never,no.schooling,without.disability,private.profit,with.insurance,white
2018HU0940706,5,1,51154,3,30_39,m,civilian.employed,same.house,i.75000.99999,us.born,widowed,no.schooling,without.disability,self.employed.no.corp,with.insurance,white
2018HU0942663,5,1,51040,3,0_9,f,not.in.labor.force,same.house,i.75000.99999,not.citizen,never,no.schooling,without.disability,not.working,with.insurance,white
2018HU0942663,5,1,51040,3,40_49,f,civilian.employed,same.house,i.75000.99999,us.born,married,no.schooling,without.disability,not.working,with.insurance,white
2018HU0944003,5,1,51085,3,40_49,m,not.in.labor.force,diff.us.house,i.75000.99999,us.born,married,no.schooling,without.disability,private.profit,with.insurance,asian
2018HU0944003,5,1,51235,3,60_69,m,not.in.labor.force,same.house,i.0.9999,us.born,widowed,no.schooling,without.disability,not.working,without.insurance,white
2018HU0944832,5,1,51115,3,30_39,f,not.in.labor.force,diff.us.house,i.0.9999,us.born,divorced,no.schooling,without.disability,private.profit,with.insurance,white
2018HU0944832,5,1,51105,3,50_59,m,not.in.labor.force,same.house,i.0.9999,us.born,never,no.schooling,without.disability,self.employed.no.corp,with.insurance,white
2018HU0944832,5,1,51154,3,80_89,f,unemployed,diff.us.house,i.0.9999,not.citizen,never,no.schooling,without.disability,not.working,with.insurance,black
2018HU0944832,5,1,51115,3,50_59,m,not.in.labor.force,same.house,i.0.9999,abroad.born,married,no.schooling,without.disability,not.working,with.insurance,white
2018HU0944832,5,1,51040,3,60_69,f,civilian.employed,same.house,i.0.9999,us.born,never,no.schooling,without.disability,private.profit,with.insurance,white
2018HU0946205,5,1,51165,3,20_29,m,not.in.labor.force,same.house,i.50000.64999,us.born,married,no.schooling,without.disability,private.profit,with.insurance,white
2018HU0946205,5,1,51154,3,10_19,m,not.in.labor.force,same.house,i.0.9999,us.born,divorced,no.schooling,without.disability,not.working,with.insurance,white
2018HU0950865,5,1,51096,3,20_29,m,civilian.employed,same.house,i.65000.74999,us.born,married,no.schooling,without.disability,federal,with.insurance,white
2018HU0955203,5,1,51155,3,20_29,m,not.in.labor.force,same.house,i.0.9999,not.citizen,married,no.schooling,without.disability,not.working,with.insurance,white
2018HU0955203,5,1,59303,3,30_39,f,not.in.labor.force,same.house,i.65000.74999,us.born,married,no.schooling,without.disability,not.working,with.insurance,white
2018HU0955203,5,1,51097,3,0_9,f,civilian.employed,same.house,i.75000.99999,naturalization,married,no.schooling,without.disability,not.working,with.insurance,white
2018HU0955203,5,1,51085,3,60_69,m,civilian.employed,same.house,i.0.9999,us.born,divorced,no.schooling,without.disability,federal,with.insurance,white
2018HU0956067,5,1,51089,3,40_49,m,unemployed,same.house,i.65000.74999,us.born,widowed,no.schooling,without.disability,federal,with.insurance,asian
2018HU0956067,5,1,51215,3,0_9,m,civilian.employed,same.house,i.75000.99999,not.citizen,never,no.schooling,without.disability,private.profit,with.insurance,white
2018HU0956067,5,1,51010,3,20_29,m,civilian.employed,same.house,i.75000.99999,us.born,married,public,without.disability,private.profit,with.insurance,two.
2018HU0958580,5,1,51045,3,70_79,f,civilian.employed,same.house,i.0.9999,us.born,divorced,no.schooling,without.disability,not.working,with.insurance,white
2018HU0958580,5,1,51135,3,50_59,f,civilian.employed,same.house,i.75000.99999,us.born,divorced,no.schooling,without.disability,not.working,with.insurance,white
2018HU0960156,5,1,4103,3,60_69,f,civilian.employed,same.house,i.75000.99999,us.born,never,no.schooling,without.disability,not.working,with.insurance,white
2018HU0960156,5,1,51235,3,10_19,f,civilian.employed,diff.us.house,i.0.9999,us.born,never,public,without.disability,federal,with.insurance,asian
2018HU0960156,5,1,51096,3,50_59,f,civilian.employed,same.house,i.50000.64999,naturalization,divorced,no.schooling,with.disability,private.no.profit,with.insurance,white
2018HU0960156,5,1,59303,3,50_59,f,not.in.labor.force,same.house,i.50000.64999,us.born,married,no.schooling,without.disability,private.profit,with.insurance,white
2018HU0960156,5,1,4102,3,50_59,f,not.in.labor.force,same.house,i.0.9999,us.born,married,no.schooling,without.disability,not.working,with.insurance,white
2018HU0969397,5,1,59303,3,0_9,f,not.in.labor.force,same.house,i.0.9999,us.born,divorced,no.schooling,without.disability,private.no.profit,with.insurance,black
2018HU0970315,5,1,51105,3,60_69,f,not.in.labor.force,same.house,i.50000.64999,us.born,married,no.schooling,without.disability,self.employed.corp,with.insurance,white
2018HU0970315,5,1,59308,3,40_49,m,not.in.labor.force,same.house,i.75000.99999,naturalization,never,public,without.disability,self.employed.corp,with.insurance,white
2018HU0970315,5,1,51135,3,40_49,f,not.in.labor.force,same.house,i.0.9999,naturalization,never,no.schooling,without.disability,not.working,with.insurance,white
2018HU0970315,5,1,51154,3,70_79,f,civilian.employed,diff.us.house,i.0.9999,us.born,never,no.schooling,without.disability,not.working,with.insurance,white
2018HU0970315,5,1,51105,3,60_69,m,not.in.labor.force,same.house,i.0.9999,not.citizen,separated,no.schooling,without.disability,local,with.insurance,white
2018HU0970824,5,1,51235,3,50_59,f,civilian.employed,same.house,i.35000.49999,us.born,divorced,no.schooling,without.disability,not.working,with.insurance,white
2018HU0970824,5,1,51206,3,0_9,m,civilian.employed,same.house,i.65000.74999,us.born,married,no.schooling,without.disability,local,with.insurance,white
2018HU0970824,5,1,51154,3,50_59,f,civilian.employed,same.house,i.0.9999,us.born,divorced,no.schooling,without.disability,not.working,with.insurance,white
2018HU0970824,5,1,51125,3,40_49,m,civilian.employed,same.house,i.50000.64999,not.citizen,separated,no.schooling,without.disability,self.employed.corp,with.insurance,white
2018HU0972664,5,1,59303,3,50_59,f,not.in.labor.force,same.house,i.0.9999,us.born,never,no.schooling,without.disability,self.employed.no.corp,with.insurance,asian
2018HU0972664,5,1,51206,3,0_9,m,civilian.employed,same.house,i.0.9999,us.born,divorced,no.schooling,without.disability,local,with.insurance,white
2018HU0973353,5,1,51154,3,50_59,f,civilian.employed,same.house,i.50000.64999,us.born,married,no.schooling,without.disability,private.profit,with.insurance,white
2018HU0973353,5,1,51206,3,80_89,f,civilian.employed,diff.us.house,i.50000.64999,us.born,never,no.schooling,without.disability,not.working,with.insurance,white
2018HU0973353,5,1,51105,3,50_59,f,civilian.employed,same.house,i.0.9999,us.born,widowed,private,without.disability,federal,with.insurance,two.
2018HU0973353,5,1,51145,3,30_39,m,not.in.labor.force,same.house,i.65000.74999,naturalization,widowed,no.schooling,without.disability,not.working,with.insurance,white
2018HU0973353,5,1,51135,3,30_39,f,not.in.labor.force,same.house,i.75000.99999,us.born,separated,no.schooling,without.disability,federal,with.insurance,white
2018HU0973353,5,1,51255,3,0_9,f,not.in.labor.force,same.house,i.0.9999,us.born,married,no.schooling,without.disability,private.profit,with.insurance,white
2018HU0973353,5,1,51096,3,80_89,m,civilian.employed,same.house,i.75000.99999,us.born,never,no.schooling,without.disability,private.profit,with.insurance,white
2018HU0973353,5,1,51105,3,50_59,f,civilian.employed,same.house,i.0.9999,abroad.born,divorced,no.schooling,without.disability,federal,with.insurance,white
2018HU0973353,5,1,51175,3,60_69,m,civilian.employed,diff.us.house,i.0.9999,us.born,married,no.schooling,without.disability,not.working,with.insurance,black
2018HU0983027,5,1,51154,3,50_59,f,not.in.labor.force,same.house,i.75000.99999,us.born,never,no.schooling,without.disability,private.profit,with.insurance,black
2018HU0983027,5,1,51020,3,50_59,f,civilian.employed,same.house,i.75000.99999,us.born,married,public,without.disability,private.profit,with.insurance,white
2018HU0983027,5,1,51206,3,70_79,m,not.in.labor.force,same.house,i.0.9999,naturalization,never,no.schooling,without.disability,private.profit,with.insurance,white
2018HU0983027,5,1,51095,3,60_69,f,not.in.labor.force,same.house,i.75000.99999,us.born,divorced,no.schooling,without.disability,not.working,with.insurance,asian
2018HU0983027,5,1,51096,3,60_69,m,not.in.labor.force,diff.us.house,i.75000.99999,us.born,never,no.schooling,without.disability,not.working,with.insurance,white
2018HU0983611,5,1,51135,3,40_49,m,civilian.employed,same.house,i.0.9999,us.born,never,private,without.disability,not.working,with.insurance,white
2018HU0983611,5,1,51090,3,0_9,f,civilian.employed,same.house,i.0.9999,us.born,married,no.schooling,with.disability,not.working,with.insurance,white
2018HU0983887,5,1,59304,3,40_49,f,civilian.employed,diff.us.house,i.75000.99999,us.born,never,no.schooling,without.disability,not.working,with.insurance,asian
2018HU0983887,5,1,51165,3,40_49,f,civilian.employed,same.house,i.75000.99999,abroad.born,divorced,no.schooling,without.disability,private.profit,with.insurance,white
2018HU0983887,5,1,51167,3,60_69,m,not.in.labor.force,same.house,i.0.9999,us.born,divorced,no.schooling,without.disability,not.working,with.insurance,white
2018HU0983887,5,1,51110,3,30_39,f,civilian.employed,diff.us.house,i.0.9999,us.born,married,private,without.disability,not.working,with.insurance,white
2018HU0983887,5,1,51090,3,60_69,m,civilian.employed,same.house,i.0.9999,not.citizen,married,no.schooling,without.disability,not.working,with.insurance,white
2018HU0983887,5,1,51040,3,60_69,m,not.in.labor.force,same.house,i.0.9999,us.born,divorced,no.schooling,without.disability,not.working,without.insurance,white
2018HU0984612,5,1,51105,3,50_59,m,civilian.employed,same.house,i.75000.99999,us.born,married,no.schooling,without.disability,not.working,with.insurance,white
2018HU0990271,5,1,51110,3,30_39,m,unemployed,same.house,i.0.9999,us.born,never,no.schooling,without.disability,private.profit,with.insurance,white
2018HU0995432,5,1,51255,3,50_59,m,not.in.labor.force,same.house,i.25000.34999,us.born,married,public,without.disability,private.no.profit,with.insurance,white
2018HU0997873,5,1,51020,3,40_49,f,civilian.employed,same.house,i.0.9999,us.born,never,no.schooling,without.disability,not.working,with.insurance,white
2018HU0997873,5,1,51040,3,50_59,f,civilian.employed,same.house,i.25000.34999,us.born,married,no.schooling,without.disability,not.working,with.insurance,white
2018HU0998926,5,1,51235,3,40_49,f,civilian.employed,same.house,i.0.9999,us.born,divorced,no.schooling,without.disability,not.working,with.insurance,white
2018HU1002799,5,1,51110,3,60_69,f,civilian.employed,same.house,i.0.9999,us.born,married,no.schooling,without.disability,self.employed.corp,with.insurance,white
2018HU1002799,5,1,55002,3,70_79,m,unemployed,same.house,i.0.9999,us.born,divorced,no.schooling,without.disability,private.profit,with.insurance,asian
2018HU1004277,5,1,51105,3,50_59,f,not.in.labor.force,same.house,i.75000.99999,not.citizen,divorced,no.schooling,without.disability,private.profit,with.insurance,white
2018HU1004277,5,1,51045,3,40_49,m,not.in.labor.force,same.house,i.0.9999,abroad.born,divorced,no.schooling,without.disability,not.working,with.insurance,white
2018HU1004277,5,1,51105,3,60_69,m,civilian.employed,same.house,i.0.9999,naturalization,married,no.schooling,without.disability,private.no.profit,with.insurance,white
2018HU1004277,5,1,51084,3,60_69,m,civilian.employed,same.house,i.0.9999,us.born,married,no.schooling,without.disability,not.working,with.insurance,black
2018HU1004407,5,1,51045,3,70_79,m,civilian.employed,same.house,i.0.9999,naturalization,divorced,no.schooling,without.disability,private.no.profit,with.insurance,white
2018HU1005173,5,1,51155,3,60_69,m,civilian.employed,same.house,i.35000.49999,naturalization,married,no.schooling,without.disability,private.profit,with.insurance,white
2018HU1005173,5,1,51097,3,70_79,f,civilian.employed,same.house,i.65000.74999,us.born,widowed,private,without.disability,not.working,with.insurance,white
2018HU1011887,5,1,51087,3,50_59,m,civilian.employed,same.house,i.0.9999,us.born,married,private,without.disability,self.employed.corp,with.insurance,white
2018HU1013516,5,1,51010,3,50_59,m,not.in.labor.force,same.house,i.0.9999,us.born,never,no.schooling,without.disability,private.profit,with.insurance,white
2018HU1013516,5,1,51044,3,0_9,m,civilian.employed,same.house,i.0.9999,us.born,widowed,private,without.disability,federal,with.insurance,white
2018HU1013516,5,1,51010,3,30_39,f,civilian.employed,same.house,i.0.9999,us.born,married,no.schooling,without.disability,private.profit,with.insurance,white
2018HU1014747,5,1,51125,3,40_49,f,not.in.labor.force,same.house,i.0.9999,us.born,married,no.schooling,without.disability,private.profit,with.insurance,white
2018HU1014747,5,1,51115,3,30_39,f,not.in.labor.force,same.house,i.0.9999,us.born,never,no.schooling,without.disability,not.working,with.insurance,white
2018HU1016842,5,1,51206,3,50_59,f,civilian.employed,same.house,i.0.9999,us.born,divorced,no.schooling,with.disability,not.working,with.insurance,white
2018HU1016842,5,1,51045,3,80_89,m,not.in.labor.force,same.house,i.0.9999,not.citizen,separated,no.schooling,without.disability,private.profit,with.insurance,white
2018HU1016842,5,1,51090,3,40_49,m,civilian.employed,same.house,i.0.9999,us.born,married,no.schooling,without.disability,private.profit,with.insurance,white
2018HU1016842,5,1,51135,3,50_59,f,civilian.employed,same.house,i.0.9999,us.born,never,no.schooling,with.disability,private.profit,with.insurance,white
2018HU1017022,5,1,51010,3,20_29,m,not.in.labor.force,same.house,i.0.9999,us.born,married,public,without.disability,not.working,with.insurance,black
2018HU1017022,5,1,51155,3,70_79,m,not.in.labor.force,same.house,i.50000.64999,us.born,married,no.schooling,without.disability,not.working,with.insurance,white
2018HU1017022,5,1,51206,3,70_79,f,civilian.employed,same.house,i.0.9999,us.born,married,no.schooling,without.disability,not.working,with.insurance,white
2018HU1017804,5,1,51090,3,10_19,f,not.in.labor.force,same.house,i.75000.99999,us.born,never,no.schooling,without.disability,self.employed.no.corp,with.insurance,white
2018HU1018809,5,1,51020,3,70_79,f,civilian.employed,same.house,i.50000.64999,us.born,married,no.schooling,without.disability,self.employed.no.corp,with.insurance,white
2018HU1018809,5,1,51155,3,50_59,f,not.in.labor.force,same.house,i.0.9999,naturalization,married,public,without.disability,private.profit,with.insurance,white
2018HU1020098,5,1,51080,3,20_29,f,civilian.employed,diff.us.house,i.75000.99999,naturalization,married,no.schooling,without.disability,federal,with.insurance,asian
2018HU1020098,5,1,51096,3,60_69,f,not.in.labor.force,same.house,i.75000.99999,us.born,married,no.schooling,without.disability,private.profit,without.insurance,white
2018HU1020098,5,1,59303,3,40_49,f,not.in.labor.force,same.house,i.0.9999,us.born,never,no.schooling,without.disability,self.employed.corp,with.insurance,white
2018HU1020098,5,1,51245,3,40_49,f,unemployed,same.house,i.0.9999,us.born,never,public,without.disability,not.working,with.insurance,white
2018HU1020237,5,1,51246,3,30_39,f,civilian.employed,same.house,i.0.9999,us.born,never,no.schooling,without.disability,private.profit,with.insurance,white
2018HU1020237,5,1,51020,3,50_59,m,civilian.employed,same.house,i.0.9999,us.born,divorced,no.schooling,without.disability,not.working,with.insurance,white
2018HU1022402,5,1,51206,3,20_29,m,not.in.labor.force,same.house,i.0.9999,us.born,never,public,without.disability,private.no.profit,with.insurance,asian
2018HU1022402,5,1,51135,3,50_59,m,not.in.labor.force,same.house,i.0.9999,us.born,married,no.schooling,without.disability,not.working,with.insurance,white
2018HU1022402,5,1,51095,3,40_49,m,not.in.labor.force,same.house,i.0.9999,us.born,divorced,no.schooling,without.disability,private.profit,with.insurance,asian
2018HU1022402,5,1,55002,3,20_29,f,not.in.labor.force,same.house,i.0.9999,us.born,divorced,public,without.disability,private.profit,with.insurance,asian
2018HU1022402,5,1,51215,3,60_69,m,not.in.labor.force,same.house,i.0.9999,us.born,divorced,private,without.disability,not.working,with.insurance,white
2018HU1022490,5,1,51010,3,60_69,f,civilian.employed,same.house,i.0.9999,us.born,married,no.schooling,without.disability,federal,with.insurance,white
2018HU1026205,5,1,51105,3,40_49,m,not.in.labor.force,same.house,i.75000.99999,us.born,married,no.schooling,without.disability,private.profit,with.insurance,white
2018HU1026205,5,1,51096,3,0_9,m,not.in.labor.force,same.house,i.75000.99999,us.born,divorced,no.schooling,with.disability,private.profit,with.insurance,white
2018HU1026205,5,1,51135,3,50_59,m,civilian.employed,same.house,i.0.9999,not.citizen,married,public,without.disability,not.working,with.insurance,white
2018HU1026205,5,1,51090,3,10_19,m,civilian.employed,same.house,i.0.9999,us.born,married,no.schooling,without.disability,not.working,with.insurance,white
2018HU1027746,5,1,51167,3,40_49,m,not.in.labor.force,diff.us.house,i.15000.24999,us.born,married,no.schooling,without.disability,federal,with.insurance,two.
2018HU1027746,5,1,51089,3,20_29,m,not.in.labor.force,same.house,i.0.9999,us.born,married,no.schooling,without.disability,not.working,with.insurance,white
2018HU1027746,5,1,51105,3,60_69,m,not.in.labor.force,abroad.house,i.0.9999,abroad.born,married,no.schooling,without.disability,private.profit,with.insurance,white
2018HU1029863,5,1,51040,3,20_29,f,unemployed,same.house,i.75000.99999,us.born,married,no.schooling,without.disability,private.profit,with.insurance,white
2018HU1029863,5,1,51010,3,10_19,f,not.in.labor.force,same.house,i.0.9999,us.born,married,no.schooling,without.disability,not.working,with.insurance,white
2018HU1032622,5,1,51155,3,20_29,f,civilian.employed,same.house,i.0.9999,us.born,married,no.schooling,without.disability,not.working,with.insurance,white
2018HU1032653,5,1,51215,3,10_19,m,not.in.labor.force,same.house,i.0.9999,not.citizen,never,no.schooling,without.disability,not.working,with.insurance,white
2018HU1032653,5,1,51096,3,10_19,f,civilian.employed,same.house,i.75000.99999,us.born,married,no.schooling,without.disability,private.profit,with.insurance,white
2018HU1034047,5,1,51105,3,50_59,f,not.in.labor.force,diff.us.house,i.0.9999,us.born,married,no.schooling,without.disability,private.profit,with.insurance,white
2018HU1034047,5,1,51175,3,50_59,m,civilian.employed,same.house,i.0.9999,us.born,never,no.schooling,without.disability,not.working,with.insurance,white
2018HU1037114,5,1,51206,3,60_69,f,civilian.employed,same.house,i.25000.34999,abroad.born,married,no.schooling,without.disability,not.working,with.insurance,white
2018HU1037114,5,1,59303,3,0_9,m,civilian.employed,same.house,i.0.9999,us.born,married,no.schooling,without.disability,private.profit,with.insurance,asian
2018HU1037114,5,1,51175,3,70_79,m,civilian.employed,same.house,i.75000.99999,us.born,separated,no.schooling,without.disability,local,with.insurance,white
2018HU1037114,5,1,51105,3,50_59,m,not.in.labor.force,abroad.house,i.75000.99999,us.born,widowed,no.schooling,with.disability,private.profit,with.insurance,white
2018HU1038189,5,1,51110,3,60_69,f,not.in.labor.force,same.house,i.0.9999,us.born,never,no.schooling,without.disability,not.working,with.insurance,white
2018HU1038189,5,1,51040,3,40_49,f,not.in.labor.force,same.house,i.75000.99999,us.born,married,no.schooling,without.disability,private.profit,with.insurance,white
2018HU1038777,5,1,51110,3,60_69,f,civilian.employed,same.house,i.0.9999,us.born,divorced,no.schooling,without.disability,not.working,with.insurance,black
2018HU1038777,5,1,51154,3,20_29,f,not.in.labor.force,same.house,i.65000.74999,us.born,married,no.schooling,without.disability,not.working,with.insurance,white
2018HU1038777,5,1,51040,3,40_49,f,not.in.labor.force,same.house,i.0.9999,us.born,never,no.schooling,with.disability,private.profit,with.insurance,white
2018HU1038777,5,1,51135,3,50_59,f,civilian.employed,same.house,i.75000.99999,us.born,married,no.schooling,without.disability,federal,with.insurance,white
2018HU1040818,5,1,51235,3,40_49,f,unemployed,same.house,i.0.9999,us.born,married,no.schooling,without.disability,private.profit,with.insurance,white
2018HU1040818,5,1,51235,3,20_29,f,unemployed,same.house,i.75000.99999,not.citizen,married,no.schooling,without.disability,not.working,with.insurance,white
2018HU1043625,5,1,51105,3,70_79,m,civilian.employed,same.house,i.75000.99999,us.born,divorced,no.schooling,without.disability,private.profit,with.insurance,white
2018HU1043625,5,1,51044,3,60_69,f,not.in.labor.force,same.house,i.75000.99999,abroad.born,married,no.schooling,without.disability,not.working,without.insurance,white
2018HU1043625,5,1,51045,3,60_69,f,civilian.employed,same.house,i.0.9999,us.born,never,no.schooling,without.disability,not.working,with.insurance,white
2018HU1045825,5,1,51040,3,30_39,m,civilian.employed,same.house,i.0.9999,us.born,divorced,no.schooling,without.disability,not.working,with.insurance,white
2018HU1045825,5,1,51090,3,0_9,f,civilian.employed,same.house,i.75000.99999,us.born,never,no.schooling,without.disability,private.profit,with.insurance,white
2018HU1045825,5,1,51097,3,0_9,f,civilian.employed,same.house,i.75000.99999,us.born,never,private,without.disability,private.profit,with.insurance,white
2018HU1049010,5,1,51090,3,60_69,f,civilian.employed,same.house,i.75000.99999,naturalization,separated,no.schooling,without.disability,federal,with.insurance,white
2018HU1049010,5,1,51135,3,30_39,m,civilian.employed,same.house,i.0.9999,us.born,married,no.schooling,without.disability,not.working,with.insurance,white
2018HU1049010,5,1,51090,3,50_59,m,civilian.employed,same.house,i.0.9999,us.born,never,no.schooling,without.disability,federal,with.insurance,white
2018HU1049010,5,1,51080,3,50_59,m,civilian.employed,same.house,i.0.9999,us.born,married,public,without.disability,not.working,with.insurance,white
2018HU1049130,5,1,4103,3,10_19,m,civilian.employed,diff.us.house,i.50000.64999,us.born,never,no.schooling,without.disability,private.profit,with.insurance,white
2018HU1051575,5,1,51105,3,50_59,m,civilian.employed,same.house,i.35000.49999,us.born,never,no.schooling,without.disability,not.working,with.insurance,white
2018HU1057392,5,1,51096,3,0_9,m,civilian.employed,same.house,i.50000.64999,naturalization,never,no.schooling,with.disability,not.working,with.insurance,asian
2018HU1057392,5,1,51155,3,60_69,f,civilian.employed,same.house,i.75000.99999,us.born,never,no.schooling,without.disability,self.employed.no.corp,with.insurance,white
2018HU1060415,5,1,51090,3,50_59,f,civilian.employed,same.house,i.75000.99999,not.citizen,married,no.schooling,without.disability,not.working,with.insurance,white
2018HU1060415,5,1,51090,3,70_79,f,civilian.employed,same.house,i.0.9999,us.born,never,no.schooling,with.disability,not.working,with.insurance,white
2018HU1061053,5,1,51087,3,50_59,f,not.in.labor.force,same.house,i.75000.99999,us.born,divorced,no.schooling,without.disability,not.working,with.insurance,asian
2018HU1061053,5,1,4103,3,20_29,f,civilian.employed,same.house,i.0.9999,us.born,divorced,no.schooling,without.disability,not.working,with.insurance,black
2018HU1062483,5,1,51096,3,30_39,m,civilian.employed,same.house,i.0.9999,us.born,married,no.schooling,without.disability,private.profit,with.insurance,white
2018HU1062483,5,1,51235,3,30_39,f,not.in.labor.force,same.house,i.0.9999,us.born,divorced,no.schooling,without.disability,private.profit,with.insurance,white
2018HU1062483,5,1,51135,3,80_89,f,civilian.employed,diff.us.house,i.0.9999,naturalization,married,no.schooling,without.disability,private.profit,with.insurance,white
2018HU1062648,5,1,51090,3,50_59,m,not.in.labor.force,abroad.house,i.65000.74999,us.born,divorced,no.schooling,without.disability,private.profit,with.insurance,white
2018HU1062648,5,1,51044,3,50_59,f,civilian.employed,same.house,i.65000.74999,us.born,married,no.schooling,without.disability,not.working,with.insurance,white
2018HU1062648,5,1,51010,3,40_49,f,not.in.labor.force,diff.us.house,i.0.9999,us.born,divorced,no.schooling,without.disability,not.working,with.insurance,white
2018HU1062679,5,1,51215,3,20_29,f,civilian.employed,same.house,i.75000.99999,us.born,married,no.schooling,without.disability,self.employed.corp,with.insurance,white
2018HU1062679,5,1,51135,3,30_39,m,civilian.employed,same.house,i.0.9999,not.citizen,divorced,no.schooling,without.disability,private.profit,with.insurance,asian
2018HU1062679,5,1,51044,3,30_39,m,not.in.labor.force,same.house,i.75000.99999,us.born,married,public,without.disability,not.working,with.insurance,white
2018HU1062679,5,1,51115,3,0_9,m,civilian.employed,same.house,i.75000.99999,us.born,divorced,no.schooling,without.disability,private.profit,with.insurance,two.
2018HU1064734,5,1,51105,3,0_9,f,civilian.employed,same.house,i.0.9999,us.born,never,no.schooling,without.disability,not.working,with.insurance,white
2018HU1064734,5,1,51044,3,0_9,f,not.in.labor.force,same.house,i.0.9999,us.born,divorced,no.schooling,without.disability,not.working,with.insurance,white
2018HU1067323,5,1,51255,3,30_39,f,not.in.labor.force,same.house,i.75000.99999,us.born,never,public,without.disability,self.employed.corp,with.insurance,white
2018HU1067323,5,1,55001,3,30_39,f,not.in.labor.force,same.house,i.0.9999,us.born,never,no.schooling,without.disability,not.working,with.insurance,white
2018HU1067323,5,1,51040,3,10_19,f,civilian.employed,same.house,i.0.9999,us.born,divorced,no.schooling,without.disability,self.employed.no.corp,with.insurance,white
2018HU1070183,5,1,51145,3,60_69,m,civilian.employed,diff.us.house,i.0.9999,us.born,married,no.schooling,without.disability,private.profit,with.insurance,white
2018HU1070183,5,1,51235,3,30_39,m,unemployed,diff.us.house,i.75000.99999,us.born,never,no.schooling,without.disability,private.profit,with.insurance,white
2018HU1072295,5,1,51090,3,10_19,f,unemployed,diff.us.house,i.0.9999,us.born,married,no.schooling,without.disability,private.profit,with.insurance,white
2018HU1072295,5,1,51135,3,0_9,m,not.in.labor.force,same.house,i.0.9999,naturalization,never,private,without.disability,not.working,with.insurance,white
2018HU1076864,5,1,51245,3,50_59,m,not.in.labor.force,diff.us.house,i.0.9999,us.born,divorced,no.schooling,without.disability,private.profit,with.insurance,white
2018HU1079835,5,1,51090,3,0_9,f,not.in.labor.force,same.house,i.75000.99999,abroad.born,married,no.schooling,without.disability,federal,with.insurance,two.
2018HU1079835,5,1,51096,3,60_69,m,civilian.employed,same.house,i.75000.99999,us.born,widowed,no.schooling,without.disability,private.profit,with.insurance,black
2018HU1084756,5,1,51010,3,0_9,m,civilian.employed,same.house,i.0.9999,us.born,divorced,private,without.disability,not.working,with.insurance,white
2018HU1084756,5,1,51084,3,30_39,f,not.in.labor.force,same.house,i.65000.74999,us.born,married,no.schooling,without.disability,not.working,with.insurance,white
2018HU1085494,5,1,51040,3,30_39,f,civilian.employed,diff.us.house,i.65000.74999,us.born,separated,no.schooling,without.disability,not.working,with.insurance,white
2018HU1085494,5,1,51096,3,60_69,m,civilian.employed,same.house,i.75000.99999,us.born,divorced,no.schooling,without.disability,private.no.profit,with.insurance,white
2018HU1090765,5,1,51155,3,0_9,f,civilian.employed,diff.us.house,i.75000.99999,naturalization,married,no.schooling,without.disability,self.employed.no.corp,with.insurance,white
2018HU1090765,5,1,51105,3,50_59,m,not.in.labor.force,same.house,i.0.9999,naturalization,never,no.schooling,without.disability,not.working,with.insurance,white
2018HU1096660,5,1,51040,3,40_49,m,civilian.employed,same.house,i.75000.99999,naturalization,married,no.schooling,without.disability,not.working,with.insurance,white
2018HU1096660,5,1,51246,3,40_49,m,not.in.labor.force,same.house,i.75000.99999,us.born,married,no.schooling,without.disability,not.working,with.insurance,white
2018HU1096660,5,1,51206,3,30_39,m,civilian.employed,same.house,i.25000.34999,naturalization,married,no.schooling,without.disability,not.working,with.insurance,white
2018HU1097352,5,1,51154,3,40_49,m,civilian.employed,diff.us.house,i.0.9999,us.born,never,public,without.disability,private.profit,with.insurance,white
2018HU1101751,5,1,51115,3,10_19,f,civilian.employed,same.house,i.75000.99999,us.born,divorced,no.schooling,without.disability,not.working,with.insurance,white
2018HU1101751,5,1,51080,3,10_19,f,not.in.labor.force,same.house,i.50000.64999,us.born,never,no.schooling,without.disability,private.profit,with.insurance,white
2018HU1105623,5,1,51096,3,50_59,f,civilian.employed,same.house,i.0.9999,us.born,married,no.schooling,without.disability,not.working,with.insurance,white
2018HU1106804,5,1,51110,3,0_9,f,not.in.labor.force,same.house,i.75000.99999,us.born,never,no.schooling,without.disability,not.working,with.insurance,white
2018HU1106804,5,1,51044,3,0_9,f,not.in.labor.force,same.house,i.75000.99999,naturalization,married,no.schooling,without.disability,private.profit,with.insurance,white
2018HU1107595,5,1,51120,3,40_49,m,civilian.employed,diff.us.house,i.0.9999,us.born,never,no.schooling,without.disability,private.profit,with.insurance,white
2018HU1107595,5,1,51090,3,40_49,f,civilian.employed,same.house,i.0.9999,abroad.born,never,no.schooling,without.disability,not.working,with.insurance,white
2018HU1107595,5,1,51164,3,10_19,f,civilian.employed,same.house,i.75000.99999,us.born,divorced,no.schooling,without.disability,self.employed.no.corp,with.insurance,white
2018HU1107595,5,1,51020,3,40_49,f,not.in.labor.force,same.house,i.65000.74999,us.born,married,no.schooling,without.disability,not.working,with.insurance,white
2018HU1107595,5,1,51105,3,20_29,f,not.in.labor.force,same.house,i.75000.99999,us.born,divorced,no.schooling,without.disability,not.working,with.insurance,white
2018HU1113191,5,1,55002,3,30_39,m,civilian.employed,same.house,i.65000.74999,us.born,divorced,no.schooling,without.disability,not.working,with.insurance,white
2018HU1113191,5,1,51115,3,30_39,f,civilian.employed,same.house,i.0.9999,us.born,widowed,private,without.disability,private.no.profit,with.insurance,white
2018HU1113191,5,1,51175,3,10_19,f,not.in.labor.force,same.house,i.75000.99999,us.born,married,no.schooling,without.disability,not.working,with.insurance,white
2018HU1113191,5,1,55002,3,70_79,f,civilian.employed,same.house,i.65000.74999,us.born,widowed,no.schooling,without.disability,private.profit,with.insurance,asian
2018HU1113191,5,1,51135,3,60_69,m,not.in.labor.force,abroad.house,i.0.9999,us.born,divorced,no.schooling,without.disability,not.working,with.insurance,white
2018HU1117800,5,1,51154,3,60_69,f,not.in.labor.force,same.house,i.50000.64999,us.born,married,no.schooling,without.disability,private.profit,with.insurance,asian
2018HU1117800,5,1,51096,3,20_29,f,not.in.labor.force,same.house,i.0.9999,not.citizen,married,no.schooling,without.disability,not.working,with.insurance,white
2018HU1120065,5,1,51155,3,50_59,m,civilian.employed,same.house,i.75000.99999,us.born,married,no.schooling,without.disability,not.working,with.insurance,white
2018HU1120065,5,1,51020,3,70_79,m,civilian.employed,same.house,i.0.9999,us.born,married,no.schooling,without.disability,self.employed.corp,with.insurance,white
2018HU1120065,5,1,51115,3,40_49,f,civilian.employed,same.house,i.75000.99999,us.born,never,no.schooling,without.disability,not.working,with.insurance,white
2018HU1120065,5,1,51085,3,20_29,f,not.in.labor.force,same.house,i.0.9999,us.born,never,no.schooling,without.disability,private.no.profit,with.insurance,white
2018HU1120065,5,1,51044,3,50_59,m,civilian.employed,same.house,i.75000.99999,naturalization,married,no.schooling,without.disability,private.profit,with.insurance,two.
2018HU1120346,5,1,51044,3,60_69,m,unemployed,same.house,i.0.9999,us.born,never,no.schooling,without.disability,not.working,with.insurance,white
2018HU1120346,5,1,51090,3,30_39,f,civilian.employed,abroad.house,i.0.9999,us.born,married,no.schooling,without.disability,not.working,with.insurance,white
2018HU1120346,5,1,51235,3,70_79,m,not.in.labor.force,same.house,i.0.9999,us.born,divorced,no.schooling,without.disability,private.no.profit,with.insurance,white
2018HU1120541,5,1,51080,3,50_59,f,civilian.employed,same.house,i.0.9999,us.born,married,public,without.disability,private.profit,with.insurance,white
2018HU1127579,5,1,59308,3,60_69,m,not.in.labor.force,same.house,i.50000.64999,us.born,married,no.schooling,without.disability,federal,with.insurance,white
2018HU1127579,5,1,51020,3,50_59,f,civilian.employed,same.house,i.0.9999,abroad.born,married,public,without.disability,private.profit,with.insurance,white
2018HU1127579,5,1,4103,3,40_49,f,civilian.employed,same.house,i.75000.99999,naturalization,married,public,without.disability,not.working,with.insurance,white
2018HU1127579,5,1,51215,3,60_69,m,not.in.labor.force,same.house,i.0.9999,us.born,never,no.schooling,with.disability,private.profit,with.insurance,white
2018HU1130311,5,1,51080,3,50_59,m,civilian.employed,same.house,i.50000.64999,us.born,divorced,public,without.disability,local,with.insurance,white
2018HU1131865,5,1,55002,3,20_29,f,not.in.labor.force,same.house,i.75000.99999,us.born,divorced,no.schooling,without.disability,not.working,with.insurance,white
2018HU1131865,5,1,51105,3,60_69,m,civilian.employed,same.house,i.0.9999,us.born,married,no.schooling,with.disability,not.working,with.insurance,white
2018HU1131865,5,1,59303,3,20_29,f,not.in.labor.force,same.house,i.0.9999,us.born,widowed,no.schooling,without.disability,not.working,with.insurance,white
2018HU1131865,5,1,51097,3,50_59,m,civilian.employed,same.house,i.0.9999,us.born,married,no.schooling,without.disability,not.working,with.insurance,white
2018HU1136772,5,1,51215,3,30_39,m,unemployed,same.house,i.50000.64999,us.born,never,no.schooling,without.disability,not.working,with.insurance,two.
2018HU1136772,5,1,51145,3,70_79,m,civilian.employed,same.house,i.0.9999,us.born,married,public,without.disability,not.working,with.insurance,white
2018HU1136772,5,1,51096,3,0_9,f,unemployed,same.house,i.35000.49999,us.born,married,no.schooling,without.disability,not.working,with.insurance,asian
2018HU1136772,5,1,51235,3,40_49,m,unemployed,same.house,i.0.9999,us.born,married,no.schooling,without.disability,not.working,with.insurance,white
2018HU1139912,5,1,51096,3,60_69,m,civilian.employed,same.house,i.75000.99999,us.born,never,no.schooling,without.disability,federal,with.insurance,white
2018HU1139912,5,1,4101,3,70_79,f,civilian.employed,same.house,i.0.9999,us.born,married,public,without.disability,self.employed.no.corp,with.insurance,white
2018HU1141236,5,1,51045,3,40_49,f,civilian.employed,same.house,i.0.9999,us.born,married,no.schooling,without.disability,not.working,with.insurance,white
2018HU1142011,5,1,51096,3,20_29,f,not.in.labor.force,same.house,i.0.9999,us.born,married,no.schooling,without.disability,local,with.insurance,white
2018HU1142799,5,1,51120,3,20_29,m,not.in.labor.force,same.house,i.75000.99999,us.born,never,no.schooling,without.disability,private.profit,with.insurance,white
2018HU1142799,5,1,51010,3,60_69,m,not.in.labor.force,same.house,i.0.9999,naturalization,never,no.schooling,without.disability,private.profit,with.insurance,white
2018HU1143336,5,1,51105,3,50_59,m,not.in.labor.force,same.house,i.75000.99999,us.born,married,no.schooling,without.disability,not.working,with.insurance,two.
2018HU1147923,5,1,51110,3,40_49,m,not.in.labor.force,same.house,i.75000.99999,us.born,divorced,no.schooling,without.disability,private.no.profit,with.insurance,asian
2018HU1148163,5,1,51020,3,60_69,f,civilian.employed,same.house,i.75000.99999,us.born,married,no.schooling,without.disability,not.working,with.insurance,white
2018HU1151118,5,1,51096,3,30_39,f,civilian.employed,same.house,i.65000.74999,us.born,divorced,no.schooling,without.disability,not.working,with.insurance,white
2018HU1151118,5,1,51110,3,80_89,f,civilian.employed,same.house,i.0.9999,us.born,married,no.schooling,without.disability,not.working,with.insurance,white
2018HU1151118,5,1,51224,3,60_69,f,civilian.employed,same.house,i.0.9999,us.born,married,no.schooling,without.disability,private.profit,with.insurance,asian
2018HU1151118,5,1,51096,3,20_29,f,civilian.employed,same.house,i.0.9999,us.born,never,no.schooling,without.disability,not.working,with.insurance,white
2018HU1152281,5,1,51080,3,30_39,m,civilian.employed,diff.us.house,i.75000.99999,us.born,married,no.schooling,without.disability,private.profit,with.insurance,white
2018HU1156245,5,1,51164,3,40_49,f,civilian.employed,same.house,i.0.9999,us.born,widowed,no.schooling,without.disability,private.profit,with.insurance,white
2018HU1160697,5,1,51084,3,40_49,m,civilian.employed,same.house,i.75000.99999,us.born,never,no.schooling,without.disability,not.working,with.insurance,white
2018HU1161044,5,1,51154,3,30_39,f,not.in.labor.force,same.house,i.75000.99999,us.born,married,no.schooling,without.disability,private.profit,with.insurance,white
2018HU1161394,5,1,51235,3,10_19,m,not.in.labor.force,same.house,i.0.9999,us.born,married,no.schooling,without.disability,private.profit,with.insurance,asian
2018HU1161394,5,1,51096,3,50_59,f,civilian.employed,same.house,i.75000.99999,us.born,married,no.schooling,without.disability,private.no.profit,with.insurance,white
2018HU1163440,5,1,51154,3,70_79,m,not.in.labor.force,same.house,i.0.9999,us.born,divorced,public,without.disability,private.profit,with.insurance,white
2018HU1163440,5,1,51105,3,40_49,f,civilian.employed,diff.us.house,i.0.9999,us.born,married,no.schooling,without.disability,not.working,with.insurance,white
2018HU1163440,5,1,51044,3,30_39,f,not.in.labor.force,same.house,i.0.9999,us.born,never,no.schooling,without.disability,not.working,with.insurance,white
2018HU1163744,5,1,51215,3,60_69,f,not.in.labor.force,same.house,i.0.9999,us.born,never,public,without.disability,private.profit,with.insurance,asian
2018HU1163744,5,1,51090,3,20_29,f,civilian.employed,same.house,i.50000.64999,us.born,divorced,no.schooling,without.disability,not.working,with.insurance,asian
2018HU1163744,5,1,51235,3,60_69,f,not.in.labor.force,same.house,i.0.9999,us.born,never,no.schooling,without.disability,private.profit,with.insurance,white
2018HU1163744,5,1,51040,3,50_59,f,not.in.labor.force,diff.us.house,i.0.9999,naturalization,married,public,without.disability,not.working,with.insurance,white
2018HU1165078,5,1,51040,3,20_29,f,not.in.labor.force,same.house,i.0.9999,us.born,never,no.schooling,without.disability,not.working,with.insurance,other
2018HU1165078,5,1,51020,3,30_39,f,civilian.employed,same.house,i.0.9999,us.born,married,no.schooling,without.disability,private.profit,with.insurance,white
2018HU1167668,5,1,51154,3,60_69,f,civilian.employed,diff.us.house,i.0.9999,us.born,married,no.schooling,without.disability,not.working,with.insurance,white
2018HU1167668,5,1,51167,3,70_79,m,civilian.employed,same.house,i.75000.99999,us.born,never,no.schooling,without.disability,federal,with.insurance,asian
2018HU1168202,5,1,51084,3,20_29,f,civilian.employed,same.house,i.75000.99999,us.born,never,no.schooling,without.disability,local,with.insurance,asian
2018HU1168202,5,1,51096,3,60_69,f,civilian.employed,same.house,i.75000.99999,us.born,married,no.schooling,without.disability,federal,with.insurance,white
2018HU1168202,5,1,51087,3,40_49,m,civilian.employed,same.house,i.75000.99999,us.born,never,no.schooling,without.disability,not.working,with.insurance,two.
2018HU1170132,5,1,51175,3,30_39,m,not.in.labor.force,same.house,i.75000.99999,us.born,married,public,without.disability,not.working,with.insurance,two.
2018HU1170132,5,1,59303,3,40_49,m,civilian.employed,same.house,i.0.9999,us.born,married,no.schooling,without.disability,not.working,with.insurance,white
2018HU1170132,5,1,51110,3,50_59,m,civilian.employed,same.house,i.75000.99999,us.born,divorced,no.schooling,without.disability,not.working,with.insurance,white
2018HU1170132,5,1,51154,3,40_49,m,not.in.labor.force,same.house,i.75000.99999,us.born,married,no.schooling,without.disability,not.working,with.insurance,white
2018HU1171189,5,1,1301,3,50_59,f,civilian.employed,same.house,i.75000.99999,us.born,never,no.schooling,without.disability,not.working,with.insurance,white
2018HU1171189,5,1,51110,3,0_9,m,civilian.employed,same.house,i.0.9999,us.born,never,no.schooling,without.disability,local,with.insurance,white
2018HU1171235,5,1,51105,3,0_9,f,civilian.employed,same.house,i.0.9999,us.born,widowed,no.schooling,without.disability,private.no.profit,with.insurance,two.
2018HU1172153,5,1,51084,3,30_39,f,not.in.labor.force,same.house,i.75000.99999,us.born,married,no.schooling,without.disability,not.working,with.insurance,white
2018HU1172153,5,1,51105,3,50_59,f,civilian.employed,same.house,i.0.9999,us.born,divorced,no.schooling,without.disability,private.profit,with.insurance,white
2018HU1174716,5,1,51040,3,50_59,m,civilian.employed,same.house,i.65000.74999,us.born,never,no.schooling,without.disability,private.profit,with.insurance,white
2018HU1174716,5,1,51095,3,30_39,f,civilian.employed,same.house,i.75000.99999,us.born,married,no.schooling,with.disability,federal,without.insurance,white
2018HU1176335,5,1,51090,3,40_49,m,civilian.employed,same.house,i.0.9999,us.born,widowed,no.schooling,without.disability,not.working,with.insurance,asian
2018HU1176335,5,1,51090,3,30_39,f,civilian.employed,diff.us.house,i.75000.99999,us.born,divorced,public,without.disability,not.working,with.insurance,white
2018HU1177526,5,1,51090,3,50_59,f,civilian.employed,same.house,i.0.9999,naturalization,married,no.schooling,without.disability,not.working,with.insurance,asian
2018HU1177526,5,1,51155,3,50_59,m,not.in.labor.force,same.house,i.75000.99999,us.born,never,no.schooling,with.disability,not.working,with.insurance,white
2018HU1177526,5,1,51225,3,60_69,f,civilian.employed,diff.us.house,i.0.9999,us.born,never,public,without.disability,federal,with.insurance,white
2018HU1177526,5,1,51225,3,60_69,f,not.in.labor.force,same.house,i.0.9999,us.born,married,no.schooling,without.disability,federal,with.insurance,black
2018HU1178597,5,1,51080,3,50_59,m,not.in.labor.force,same.house,i.25000.34999,us.born,married,no.schooling,without.disability,private.profit,with.insurance,black
2018HU1178597,5,1,51154,3,40_49,f,civilian.employed,same.house,i.0.9999,not.citizen,never,public,without.disability,private.profit,with.insurance,white
2018HU1181426,5,1,51215,3,60_69,f,not.in.labor.force,same.house,i.25000.34999,us.born,married,no.schooling,without.disability,federal,with.insurance,white
2018HU1181853,5,1,51080,3,80_89,m,not.in.labor.force,diff.us.house,i.0.9999,us.born,divorced,no.schooling,without.disability,federal,with.insurance,white
2018HU1181853,5,1,51135,3,40_49,f,civilian.employed,same.house,i.75000.99999,us.born,never,no.schooling,without.disability,not.working,with.insurance,white
2018HU1182601,5,1,51087,3,60_69,f,civilian.employed,same.house,i.75000.99999,us.born,never,no.schooling,with.disability,private.profit,with.insurance,asian
2018HU1182601,5,1,51235,3,50_59,f,civilian.employed,same.house,i.50000.64999,us.born,married,no.schooling,without.disability,private.no.profit,with.insurance,white
2018HU1184949,5,1,55002,3,50_59,f,not.in.labor.force,same.house,i.0.9999,naturalization,never,public,without.disability,self.employed.no.corp,with.insurance,asian
2018HU1186032,5,1,51105,3,80_89,f,civilian.employed,diff.us.house,i.0.9999,us.born,married,no.schooling,without.disability,private.no.profit,with.insurance,white
2018HU1186032,5,1,51090,3,30_39,f,not.in.labor.force,same.house,i.75000.99999,us.born,divorced,no.schooling,without.disability,self.employed.no.corp,with.insurance,white
2018HU1186032,5,1,1301,3,60_69,f,not.in.labor.force,same.house,i.25000.34999,us.born,divorced,public,without.disability,not.working,with.insurance,white
2018HU1186032,5,1,51010,3,40_49,m,civilian.employed,same.house,i.0.9999,us.born,never,no.schooling,without.disability,private.no.profit,with.insurance,asian
2018HU1188172,5,1,51105,3,80_89,m,civilian.employed,same.house,i.75000.99999,abroad.born,never,no.schooling,without.disability,not.working,with.insurance,white
2018HU1188172,5,1,4102,3,40_49,f,not.in.labor.force,same.house,i.0.9999,us.born,married,no.schooling,without.disability,not.working,with.insurance,white
2018HU1188954,5,1,51105,3,60_69,f,civilian.employed,same.house,i.25000.34999,us.born,never,no.schooling,without.disability,not.working,with.insurance,white
2018HU1188954,5,1,51244,3,30_39,m,not.in.labor.force,same.house,i.0.9999,us.born,divorced,no.schooling,without.disability,private.profit,with.insurance,white
2018HU1188954,5,1,51096,3,0_9,f,civilian.employed,diff.us.house,i.75000.99999,us.born,married,no.schooling,without.disability,not.working,with.insurance,white
2018HU1188954,5,1,51115,3,70_79,m,civilian.employed,same.house,i.75000.99999,us.born,divorced,public,without.disability,private.profit,with.insurance,white
2018HU1189132,5,1,51105,3,30_39,f,not.in.labor.force,same.house,i.10000.14999,us.born,never,no.schooling,without.disability,private.no.profit,with.insurance,white
2018HU1189132,5,1,51105,3,60_69,f,civilian.employed,same.house,i.25000.34999,us.born,never,public,without.disability,not.working,with.insurance,white
2018HU1192683,5,1,51040,3,0_9,m,civilian.employed,same.house,i.65000.74999,naturalization,never,no.schooling,without.disability,not.working,with.insurance,white
2018HU1192683,5,1,51040,3,60_69,f,civilian.employed,same.house,i.0.9999,us.born,separated,no.schooling,without.disability,not.working,with.insurance,white
2018HU1192683,5,1,51115,3,50_59,f,civilian.employed,same.house,i.0.9999,us.born,never,no.schooling,without.disability,not.working,with.insurance,black
2018HU1192683,5,1,51040,3,10_19,f,civilian.employed,same.house,i.75000.99999,us.born,never,no.schooling,without.disability,private.profit,with.insurance,white
2018HU1195561,5,1,51040,3,40_49,m,not.in.labor.force,diff.us.house,i.0.9999,naturalization,married,no.schooling,without.disability,local,with.insurance,white
2018HU1200161,5,1,51040,3,40_49,m,civilian.employed,same.house,i.0.9999,us.born,never,no.schooling,without.disability,not.working,with.insurance,white
2018HU1200161,5,1,51145,3,40_49,f,civilian.employed,diff.us.house,i.0.9999,naturalization,divorced,no.schooling,without.disability,private.profit,with.insurance,white
2018HU1200561,5,1,51040,3,0_9,f,not.in.labor.force,diff.us.house,i.0.9999,us.born,married,no.schooling,without.disability,federal,with.insurance,white
2018HU1200561,5,1,51175,3,50_59,m,civilian.employed,same.house,i.0.9999,us.born,married,no.schooling,without.disability,self.employed.corp,with.insurance,white
2018HU1200561,5,1,51135,3,30_39,f,civilian.employed,same.house,i.50000.64999,us.born,married,no.schooling,without.disability,private.profit,with.insurance,white
2018HU1200561,5,1,51215,3,80_89,f,not.in.labor.force,same.house,i.50000.64999,us.born,separated,no.schooling,without.disability,not.working,with.insurance,white
2018HU1202907,5,1,51080,3,50_59,f,not.in.labor.force,same.house,i.0.9999,us.born,divorced,no.schooling,without.disability,private.profit,with.insurance,asian
2018HU1202907,5,1,51167,3,20_29,m,not.in.labor.force,same.house,i.75000.99999,us.born,never,no.schooling,without.disability,private.profit,with.insurance,white
2018HU1204822,5,1,51125,3,40_49,f,civilian.employed,same.house,i.0.9999,us.born,never,public,without.disability,not.working,with.insurance,white
2018HU1204822,5,1,51235,3,40_49,m,not.in.labor.force,same.house,i.65000.74999,us.born,separated,no.schooling,without.disability,not.working,with.insurance,white
2018HU1204822,5,1,51044,3,40_49,f,not.in.labor.force,same.house,i.75000.99999,us.born,never,public,without.disability,private.profit,with.insurance,white
2018HU1206960,5,1,51095,3,30_39,f,not.in.labor.force,same.house,i.0.9999,us.born,divorced,no.schooling,without.disability,self.employed.no.corp,with.insurance,white
2018HU1206960,5,1,51096,3,30_39,f,not.in.labor.force,same.house,i.0.9999,us.born,married,no.schooling,without.disability,private.profit,with.insurance,white
2018HU1208903,5,1,1301,3,50_59,m,civilian.employed,same.house,i.75000.99999,naturalization,widowed,private,without.disability,private.profit,with.insurance,white
2018HU1208903,5,1,51186,3,20_29,m,civilian.employed,same.house,i.0.9999,us.born,divorced,no.schooling,without.disability,private.profit,with.insurance,white
2018HU1209512,5,1,51040,3,0_9,f,civilian.employed,same.house,i.75000.99999,naturalization,separated,no.schooling,without.disability,private.profit,with.insurance,white
2018HU1209512,5,1,51040,3,50_59,f,civilian.employed,diff.us.house,i.75000.99999,us.born,never,no.schooling,without.disability,not.working,with.insurance,asian
2018HU1213067,5,1,51110,3,70_79,f,civilian.employed,same.house,i.0.9999,us.born,divorced,private,without.disability,self.employed.no.corp,with.insurance,white
2018HU1213067,5,1,51044,3,70_79,f,civilian.employed,same.house,i.0.9999,us.born,never,no.schooling,without.disability,self.employed.corp,with.insurance,asian
2018HU1216347,5,1,51135,3,60_69,f,not.in.labor.force,same.house,i.75000.99999,us.born,divorced,no.schooling,without.disability,private.profit,with.insurance,white
2018HU1216347,5,1,51175,3,50_59,f,civilian.employed,diff.us.house,i.0.9999,us.born,divorced,no.schooling,without.disability,private.profit,with.insurance,white
2018HU1221058,5,1,51125,3,60_69,f,not.in.labor.force,same.house,i.0.9999,us.born,married,no.schooling,without.disability,federal,with.insurance,asian
2018HU1221058,5,1,51090,3,50_59,f,civilian.employed,same.house,i.50000.64999,us.born,married,no.schooling,without.disability,private.profit,with.insurance,white
2018HU1230259,5,1,55002,3,60_69,f,civilian.employed,same.house,i.0.9999,us.born,married,no.schooling,without.disability,self.employed.no.corp,with.insurance,white
2018HU1230259,5,1,51105,3,20_29,f,unemployed,same.house,i.75000.99999,us.born,widowed,no.schooling,without.disability,not.working,with.insurance,white
2018HU1231422,5,1,51010,3,50_59,f,civilian.employed,same.house,i.0.9999,not.citizen,divorced,no.schooling,without.disability,not.working,with.insurance,two.
2018HU1231422,5,1,51096,3,80_89,f,unemployed,same.house,i.0.9999,us.born,married,no.schooling,without.disability,not.working,with.insurance,white
2018HU1231422,5,1,51235,3,20_29,f,not.in.labor.force,same.house,i.75000.99999,us.born,never,public,without.disability,local,with.insurance,white
2018HU1231422,5,1,51080,3,50_59,f,civilian.employed,same.house,i.0.9999,us.born,married,private,without.disability,private.profit,with.insurance,white
2018HU1231422,5,1,51235,3,60_69,f,civilian.employed,same.house,i.0.9999,naturalization,married,no.schooling,without.disability,self.employed.no.corp,with.insurance,white
2018HU1233344,5,1,51040,3,20_29,f,civilian.employed,same.house,i.75000.99999,us.born,married,no.schooling,without.disability,private.profit,with.insurance,white
2018HU1233344,5,1,51245,3,80_89,m,civilian.employed,same.house,i.0.9999,us.born,divorced,no.schooling,without.disability,not.working,with.insurance,white
2018HU1233344,5,1,51084,3,60_69,f,not.in.labor.force,same.house,i.0.9999,us.born,married,no.schooling,without.disability,private.profit,with.insurance,white
2018HU1233369,5,1,51215,3,70_79,m,civilian.employed,diff.us.house,i.50000.64999,us.born,divorced,no.schooling,without.disability,private.no.profit,with.insurance,white
2018HU1233369,5,1,51105,3,30_39,f,civilian.employed,same.house,i.0.9999,us.born,never,public,without.disability,private.profit,with.insurance,asian
2018HU1233369,5,1,51096,3,50_59,m,not.in.labor.force,same.house,i.0.9999,us.born,married,no.schooling,without.disability,private.profit,with.insurance,white
2018HU1233425,5,1,51090,3,40_49,f,civilian.employed,same.house,i.0.9999,us.born,divorced,no.schooling,without.disability,not.working,with.insurance,white
2018HU1233425,5,1,51045,3,20_29,m,civilian.employed,same.house,i.75000.99999,us.born,divorced,public,without.disability,not.working,with.insurance,white
2018HU1233425,5,1,51120,3,40_49,f,civilian.employed,abroad.house,i.75000.99999,us.born,never,no.schooling,without.disability,self.employed.no.corp,with.insurance,white
2018HU1234535,5,1,51090,3,60_69,f,civilian.employed,same.house,i.0.9999,us.born,divorced,no.schooling,without.disability,private.profit,with.insurance,black
2018HU1236627,5,1,51206,3,30_39,f,civilian.employed,same.house,i.15000.24999,us.born,married,no.schooling,without.disability,not.working,with.insurance,white
2018HU1236627,5,1,51154,3,50_59,f,civilian.employed,diff.us.house,i.0.9999,us.born,never,no.schooling,without.disability,private.profit,with.insurance,white
2018HU1236627,5,1,51105,3,60_69,f,civilian.employed,same.house,i.0.9999,us.born,married,no.schooling,without.disability,private.profit,with.insurance,white
2018HU1236627,5,1,51235,3,0_9,f,civilian.employed,diff.us.house,i.75000.99999,us.born,never,no.schooling,without.disability,private.profit,with.insurance,white
2018HU1236627,5,1,51186,3,30_39,m,civilian.employed,same.house,i.0.9999,abroad.born,never,no.schooling,without.disability,federal,with.insurance,two.
2018HU1236627,5,1,51045,3,10_19,f,civilian.employed,same.house,i.50000.64999,not.citizen,married,no.schooling,without.disability,federal,with.insurance,white
2018HU1238804,5,1,51040,3,40_49,m,civilian.employed,same.house,i.50000.64999,us.born,never,no.schooling,without.disability,private.profit,with.insurance,white
2018HU1238804,5,1,51010,3,50_59,m,unemployed,diff.us.house,i.0.9999,us.born,separated,no.schooling,without.disability,federal,with.insurance,white
2018HU1238804,5,1,51095,3,20_29,m,not.in.labor.force,diff.us.house,i.25000.34999,us.born,divorced,no.schooling,without.disability,private.profit,with.insurance,white
2018HU1238804,5,1,55002,3,0_9,m,civilian.employed,same.house,i.50000.64999,naturalization,never,public,without.disability,not.working,with.insurance,white
2018HU1240670,5,1,10701,3,0_9,f,civilian.employed,diff.us.house,i.0.9999,abroad.born,never,no.schooling,without.disability,federal,with.insurance,two.
2018HU1241467,5,1,51215,3,30_39,f,not.in.labor.force,same.house,i.75000.99999,us.born,divorced,public,without.disability,private.profit,with.insurance,asian
2018HU1242247,5,1,51097,3,60_69,f,civilian.employed,same.house,i.0.9999,us.born,married,no.schooling,without.disability,private.profit,with.insurance,white
2018HU1242247,5,1,55002,3,50_59,m,not.in.labor.force,diff.us.house,i.75000.99999,us.born,never,no.schooling,without.disability,federal,without.insurance,white
2018HU1242247,5,1,51087,3,60_69,m,civilian.employed,same.house,i.0.9999,us.born,divorced,no.schooling,without.disability,not.working,with.insurance,white
2018HU1242247,5,1,51145,3,30_39,f,not.in.labor.force,same.house,i.75000.99999,us.born,married,no.schooling,without.disability,not.working,with.insurance,white
2018HU1242708,5,1,51080,3,20_29,m,not.in.labor.force,same.house,i.0.9999,us.born,never,no.schooling,without.disability,federal,with.insurance,white
2018HU1242708,5,1,51215,3,70_79,m,civilian.employed,same.house,i.0.9999,us.born,never,no.schooling,without.disability,federal,with.insurance,white
2018HU1242708,5,1,51206,3,0_9,f,civilian.employed,same.house,i.0.9999,us.born,married,no.schooling,without.disability,private.profit,with.insurance,white
2018HU1246479,5,1,51206,3,0_9,f,not.in.labor.force,same.house,i.0.9999,us.born,divorced,no.schooling,without.disability,not.working,with.insurance,white
2018HU1251799,5,1,51110,3,30_39,f,civilian.employed,same.house,i.75000.99999,us.born,married,no.schooling,without.disability,private.profit,with.insurance,white
2018HU1251799,5,1,51235,3,40_49,m,civilian.employed,same.house,i.75000.99999,naturalization,married,no.schooling,without.disability,private.profit,with.insurance,white
2018HU1253692,5,1,51154,3,10_19,m,not.in.labor.force,same.house,i.75000.99999,us.born,widowed,no.schooling,without.disability,not.working,with.insurance,asian
2018HU1253692,5,1,51020,3,40_49,m,not.in.labor.force,same.house,i.50000.64999,us.born,married,no.schooling,without.disability,private.profit,with.insurance,two.
2018HU1253692,5,1,51105,3,60_69,f,civilian.employed,same.house,i.25000.34999,us.born,divorced,no.schooling,without.disability,not.working,with.insurance,white
2018HU1253692,5,1,51105,3,60_69,f,not.in.labor.force,same.house,i.0.9999,us.born,divorced,no.schooling,without.disability,private.profit,with.insurance,two.
2018HU1257583,5,1,51040,3,20_29,f,civilian.employed,diff.us.house,i.75000.99999,us.born,married,no.schooling,without.disability,not.working,with.insurance,white
2018HU1257583,5,1,51080,3,40_49,f,civilian.employed,same.house,i.0.9999,us.born,never,no.schooling,without.disability,not.working,with.insurance,white
2018HU1257583,5,1,51110,3,10_19,f,not.in.labor.force,same.house,i.0.9999,naturalization,married,no.schooling,without.disability,private.profit,with.insurance,white
2018HU1257583,5,1,55002,3,0_9,f,civilian.employed,same.house,i.75000.99999,us.born,never,private,without.disability,private.profit,with.insurance,white
2018HU1257583,5,1,51090,3,30_39,m,civilian.employed,same.house,i.75000.99999,us.born,separated,no.schooling,without.disability,not.working,with.insurance,black
2018HU1257583,5,1,51044,3,70_79,m,civilian.employed,same.house,i.0.9999,us.born,married,public,without.disability,not.working,with.insurance,white
2018HU1257583,5,1,51155,3,60_69,f,not.in.labor.force,same.house,i.50000.64999,us.born,married,no.schooling,without.disability,federal,with.insurance,white
2018HU1257583,5,1,51154,3,40_49,m,civilian.employed,same.house,i.75000.99999,us.born,married,no.schooling,without.disability,not.working,with.insurance,black
2018HU1258813,5,1,51045,3,50_59,m,civilian.employed,same.house,i.0.9999,us.born,married,public,without.disability,not.working,with.insurance,two.
2018HU1259570,5,1,51020,3,60_69,f,civilian.employed,same.house,i.0.9999,us.born,never,no.schooling,without.disability,private.no.profit,with.insurance,white
2018HU1278474,5,1,59303,3,30_39,f,not.in.labor.force,same.house,i.0.9999,us.born,never,no.schooling,without.disability,private.profit,with.insurance,white
2018HU1278474,5,1,51164,3,50_59,m,not.in.labor.force,same.house,i.50000.64999,us.born,married,no.schooling,with.disability,not.working,with.insurance,asian
2018HU1280846,5,1,51155,3,70_79,f,not.in.labor.force,same.house,i.15000.24999,us.born,married,no.schooling,without.disability,private.profit,with.insurance,white
2018HU1283669,5,1,51110,3,30_39,f,not.in.labor.force,same.house,i.75000.99999,us.born,never,no.schooling,without.disability,private.profit,with.insurance,white
2018HU1283669,5,1,51110,3,60_69,f,civilian.employed,same.house,i.0.9999,us.born,married,no.schooling,without.disability,not.working,with.insurance,white
2018HU1283669,5,1,51154,3,60_69,m,civilian.employed,same.house,i.0.9999,us.born,never,no.schooling,without.disability,private.profit,with.insurance,white
2018HU1283669,5,1,51097,3,50_59,f,civilian.employed,same.house,i.75000.99999,not.citizen,married,no.schooling,without.disability,not.working,with.insurance,black
2018HU1283669,5,1,51145,3,50_59,m,civilian.employed,same.house,i.0.9999,us.born,married,no.schooling,without.disability,private.profit,with.insurance,black
2018HU1283669,5,1,59301,3,30_39,m,civilian.employed,same.house,i.0.9999,us.born,married,no.schooling,without.disability,private.profit,with.insurance,white
2018HU1283669,5,1,51155,3,20_29,f,not.in.labor.force,same.house,i.0.9999,us.born,married,no.schooling,without.disability,local,with.insurance,white
2018HU1283669,5,1,51155,3,10_19,f,civilian.employed,same.house,i.0.9999,us.born,married,no.schooling,with.disability,private.profit,with.insurance,white
2018HU1283669,5,1,51110,3,60_69,m,civilian.employed,same.house,i.0.9999,us.born,married,no.schooling,without.disability,private.profit,with.insurance,white
2018HU1283669,5,1,51154,3,20_29,f,civilian.employed,same.house,i.0.9999,us.born,married,no.schooling,without.disability,not.working,with.insurance,white
2018HU1283669,5,1,51097,3,30_39,f,not.in.labor.force,same.house,i.0.9999,us.born,married,no.schooling,with.disability,private.no.profit,with.insurance,white
2018HU1283669,5,1,51115,3,40_49,m,not.in.labor.force,same.house,i.0.9999,us.born,never,no.schooling,without.disability,self.employed.corp,with.insurance,white
2018HU1288396,5,1,51154,3,50_59,f,not.in.labor.force,same.house,i.0.9999,us.born,divorced,no.schooling,without.disability,private.profit,with.insurance,black
2018HU1288396,5,1,51206,3,0_9,m,civilian.employed,same.house,i.0.9999,us.born,married,no.schooling,without.disability,private.profit,with.insurance,white
2018HU1288396,5,1,59303,3,0_9,m,not.in.labor.force,same.house,i.75000.99999,us.born,divorced,no.schooling,without.disability,local,with.insurance,white
2018HU1288396,5,1,4103,3,40_49,f,civilian.employed,abroad.house,i.75000.99999,us.born,married,public,without.disability,private.profit,with.insurance,asian
2018HU1292353,5,1,51115,3,60_69,f,unemployed,same.house,i.75000.99999,us.born,widowed,no.schooling,without.disability,private.profit,with.insurance,white
2018HU1300386,5,1,51154,3,40_49,m,civilian.employed,same.house,i.65000.74999,us.born,never,no.schooling,without.disability,private.no.profit,with.insurance,white
2018HU1306078,5,1,51096,3,40_49,f,civilian.employed,same.house,i.0.9999,us.born,divorced,no.schooling,without.disability,private.profit,with.insurance,white
2018HU1306078,5,1,51246,3,60_69,m,not.in.labor.force,same.house,i.0.9999,puerto.rico.born,never,no.schooling,without.disability,private.profit,with.insurance,white
2018HU1317164,5,1,51215,3,80_89,m,civilian.employed,same.house,i.0.9999,not.citizen,married,no.schooling,without.disability,private.profit,with.insurance,white
2018HU1317164,5,1,51044,3,80_89,m,civilian.employed,same.house,i.0.9999,us.born,married,no.schooling,without.disability,local,with.insurance,white
2018HU1317164,5,1,51154,3,50_59,f,not.in.labor.force,same.house,i.0.9999,us.born,married,private,without.disability,not.working,with.insurance,white
2018HU1317164,5,1,51080,3,40_49,f,not.in.labor.force,same.house,i.0.9999,naturalization,never,no.schooling,without.disability,not.working,with.insurance,white
2018HU1320824,5,1,51105,3,50_59,f,not.in.labor.force,same.house,i.75000.99999,us.born,married,no.schooling,without.disability,not.working,with.insurance,white
2018HU1321572,5,1,59303,3,50_59,m,civilian.employed,same.house,i.0.9999,naturalization,married,no.schooling,with.disability,private.profit,with.insurance,white
2018HU1321572,5,1,51096,3,30_39,m,not.in.labor.force,same.house,i.0.9999,us.born,married,no.schooling,without.disability,private.profit,with.insurance,white
2018HU1321572,5,1,51105,3,60_69,f,civilian.employed,same.house,i.75000.99999,us.born,married,no.schooling,without.disability,not.working,with.insurance,white
2018HU1321572,5,1,51235,3,80_89,f,civilian.employed,same.house,i.0.9999,us.born,married,no.schooling,without.disability,self.employed.no.corp,with.insurance,white
2018HU1321733,5,1,51080,3,50_59,m,civilian.employed,same.house,i.65000.74999,us.born,never,no.schooling,without.disability,not.working,with.insurance,white
2018HU1321733,5,1,51155,3,40_49,m,civilian.employed,same.house,i.75000.99999,us.born,never,no.schooling,without.disability,private.profit,with.insurance,white
2018HU1324684,5,1,51096,3,30_39,f,civilian.employed,same.house,i.75000.99999,us.born,married,public,without.disability,not.working,with.insurance,white
2018HU1324684,5,1,4102,3,80_89,m,civilian.employed,same.house,i.75000.99999,us.born,never,no.schooling,without.disability,not.working,with.insurance,white
2018HU1325165,5,1,51085,3,20_29,f,civilian.employed,same.house,i.35000.49999,not.citizen,married,no.schooling,without.disability,private.profit,with.insurance,white
2018HU1325165,5,1,51110,3,40_49,m,unemployed,same.house,i.65000.74999,naturalization,married,no.schooling,without.disability,not.working,with.insurance,white
2018HU1325165,5,1,51235,3,60_69,m,civilian.employed,diff.us.house,i.35000.49999,us.born,married,no.schooling,without.disability,private.profit,with.insurance,white
2018HU1325165,5,1,59303,3,70_79,m,not.in.labor.force,same.house,i.35000.49999,us.born,never,no.schooling,without.disability,not.working,with.insurance,white
2018HU1325165,5,1,51145,3,70_79,m,not.in.labor.force,same.house,i.65000.74999,us.born,divorced,no.schooling,without.disability,not.working,with.insurance,white
2018HU1325165,5,1,51105,3,30_39,f,not.in.labor.force,same.house,i.0.9999,us.born,never,no.schooling,without.disability,private.profit,with.insurance,white
2018HU1330683,5,1,51097,3,20_29,m,not.in.labor.force,same.house,i.50000.64999,us.born,separated,no.schooling,without.disability,not.working,with.insurance,white
2018HU1330683,5,1,51045,3,20_29,m,not.in.labor.force,same.house,i.0.9999,naturalization,married,public,without.disability,not.working,with.insurance,white
2018HU1333670,5,1,51010,3,20_29,f,civilian.employed,same.house,i.0.9999,us.born,never,private,without.disability,not.working,with.insurance,white
2018HU1333670,5,1,51040,3,60_69,f,civilian.employed,diff.us.house,i.0.9999,naturalization,divorced,no.schooling,without.disability,not.working,with.insurance,asian
2018HU1333670,5,1,59303,3,70_79,f,not.in.labor.force,same.house,i.50000.64999,us.born,divorced,no.schooling,without.disability,private.profit,with.insurance,asian
2018HU1333690,5,1,51115,3,50_59,m,civilian.employed,same.house,i.0.9999,naturalization,separated,no.schooling,without.disability,not.working,with.insurance,white
2018HU1341405,5,1,51155,3,40_49,m,civilian.employed,same.house,i.0.9999,us.born,divorced,no.schooling,without.disability,not.working,with.insurance,white
2018HU1341707,5,1,51084,3,70_79,m,civilian.employed,same.house,i.0.9999,naturalization,never,no.schooling,without.disability,not.working,with.insurance,white
2018HU1341707,5,1,51235,3,50_59,m,civilian.employed,same.house,i.0.9999,us.born,never,no.schooling,without.disability,private.no.profit,with.insurance,asian
2018HU1341911,5,1,51186,3,70_79,m,not.in.labor.force,diff.us.house,i.0.9999,us.born,never,no.schooling,without.disability,not.working,with.insurance,white
2018HU1342007,5,1,51115,3,20_29,m,civilian.employed,diff.us.house,i.0.9999,us.born,married,no.schooling,without.disability,private.profit,with.insurance,white
2018HU1344575,5,1,51097,3,40_49,f,not.in.labor.force,diff.us.house,i.0.9999,us.born,separated,private,with.disability,not.working,with.insurance,white
2018HU1344575,5,1,1301,3,30_39,f,civilian.employed,same.house,i.0.9999,us.born,separated,no.schooling,without.disability,self.employed.corp,with.insurance,white
2018HU1345961,5,1,51010,3,50_59,f,civilian.employed,same.house,i.75000.99999,us.born,married,no.schooling,without.disability,private.profit,with.insurance,white
2018HU1345961,5,1,4103,3,60_69,f,civilian.employed,same.house,i.0.9999,us.born,married,public,without.disability,not.working,with.insurance,white
2018HU1350190,5,1,51105,3,0_9,f,civilian.employed,same.house,i.0.9999,us.born,separated,no.schooling,without.disability,local,with.insurance,white
2018HU1350190,5,1,59303,3,40_49,f,civilian.employed,same.house,i.25000.34999,not.citizen,never,no.schooling,without.disability,not.working,with.insurance,white
2018HU1350190,5,1,51105,3,40_49,f,civilian.employed,diff.us.house,i.75000.99999,us.born,never,public,without.disability,not.working,with.insurance,white
2018HU1355197,5,1,51105,3,40_49,f,civilian.employed,diff.us.house,i.50000.64999,not.citizen,divorced,no.schooling,without.disability,not.working,with.insurance,white
2018HU1355305,5,1,51235,3,10_19,m,not.in.labor.force,same.house,i.0.9999,us.born,married,private,without.disability,private.profit,with.insurance,white
2018HU1355305,5,1,51135,3,0_9,m,not.in.labor.force,diff.us.house,i.0.9999,not.citizen,divorced,no.schooling,without.disability,private.profit,with.insurance,white
2018HU1359005,5,1,51096,3,20_29,m,civilian.employed,diff.us.house,i.0.9999,us.born,married,no.schooling,with.disability,not.working,with.insurance,white
2018HU1359005,5,1,51089,3,50_59,m,civilian.employed,diff.us.house,i.65000.74999,us.born,married,no.schooling,without.disability,private.profit,with.insurance,white
2018HU1360201,5,1,51154,3,30_39,m,civilian.employed,same.house,i.0.9999,us.born,married,no.schooling,with.disability,private.profit,with.insurance,white
2018HU1362890,5,1,51010,3,50_59,f,not.in.labor.force,same.house,i.75000.99999,us.born,never,public,without.disability,federal,with.insurance,black
2018HU1362890,5,1,51154,3,40_49,m,civilian.employed,same.house,i.0.9999,us.born,divorced,public,with.disability,private.profit,with.insurance,white
2018HU1362890,5,1,51235,3,40_49,m,not.in.labor.force,diff.us.house,i.0.9999,us.born,married,no.schooling,without.disability,not.working,with.insurance,white
2018HU1365938,5,1,51084,3,40_49,m,civilian.employed,same.house,i.0.9999,us.born,married,no.schooling,without.disability,private.profit,with.insurance,white
2018HU1371452,5,1,51145,3,50_59,f,civilian.employed,same.house,i.50000.64999,us.born,never,public,without.disability,private.profit,without.insurance,white
2018HU1371452,5,1,51044,3,20_29,f,civilian.employed,same.house,i.0.9999,us.born,married,no.schooling,without.disability,private.profit,with.insurance,two.
2018HU1371452,5,1,51154,3,80_89,f,not.in.labor.force,same.house,i.75000.99999,us.born,married,no.schooling,without.disability,private.profit,with.insurance,white
2018HU1371452,5,1,51175,3,80_89,m,civilian.employed,same.house,i.65000.74999,naturalization,never,no.schooling,without.disability,not.working,with.insurance,white
2018HU1371452,5,1,51095,3,20_29,m,not.in.labor.force,same.house,i.0.9999,us.born,married,no.schooling,without.disability,not.working,with.insurance,white
2018HU1375922,5,1,51145,3,60_69,m,not.in.labor.force,same.house,i.75000.99999,us.born,married,no.schooling,without.disability,private.profit,with.insurance,white
2018HU1375922,5,1,51044,3,30_39,f,civilian.employed,same.house,i.75000.99999,us.born,married,no.schooling,without.disability,private.no.profit,with.insurance,black
2018HU1377811,5,1,51135,3,0_9,f,civilian.employed,same.house,i.0.9999,us.born,married,no.schooling,without.disability,federal,with.insurance,white
2018HU1377811,5,1,51084,3,60_69,m,civilian.employed,same.house,i.75000.99999,us.born,never,private,without.disability,not.working,with.insurance,white
2018HU1377811,5,1,51096,3,50_59,m,civilian.employed,abroad.house,i.75000.99999,us.born,separated,no.schooling,without.disability,not.working,with.insurance,asian
2018HU1377811,5,1,51096,3,20_29,f,not.in.labor.force,same.house,i.0.9999,us.born,never,no.schooling,without.disability,not.working,with.insurance,white
2018HU1390685,5,1,51154,3,70_79,f,civilian.employed,same.house,i.0.9999,us.born,divorced,no.schooling,without.disability,private.profit,with.insurance,asian
2018HU1390685,5,1,51084,3,30_39,m,civilian.employed,same.house,i.75000.99999,abroad.born,married,no.schooling,without.disability,private.profit,with.insurance,white
2018HU1390685,5,1,51040,3,40_49,f,not.in.labor.force,same.house,i.75000.99999,us.born,never,public,without.disability,federal,with.insurance,white
2018HU1390685,5,1,51090,3,50_59,f,civilian.employed,diff.us.house,i.75000.99999,us.born,married,no.schooling,without.disability,not.working,with.insurance,white
2018HU1393699,5,1,51154,3,50_59,m,civilian.employed,same.house,i.75000.99999,us.born,never,public,without.disability,private.profit,with.insurance,white
2018HU1393699,5,1,51154,3,80_89,f,civilian.employed,same.house,i.0.9999,not.citizen,never,no.schooling,without.disability,federal,with.insurance,asian
2018HU1393699,5,1,51096,3,70_79,f,civilian.employed,same.house,i.0.9999,us.born,never,no.schooling,with.disability,private.profit,with.insurance,black
2018HU1395161,5,1,51115,3,60_69,f,not.in.labor.force,diff.us.house,i.65000.74999,us.born,never,no.schooling,without.disability,federal,with.insurance,white
2018HU1395161,5,1,4102,3,40_49,m,civilian.employed,same.house,i.0.9999,us.born,never,no.schooling,without.disability,private.no.profit,with.insurance,white
2018HU1395161,5,1,51045,3,60_69,m,civilian.employed,same.house,i.0.9999,us.born,never,no.schooling,without.disability,private.profit,with.insurance,white
2018HU1395260,5,1,51145,3,30_39,m,civilian.employed,same.house,i.75000.99999,us.born,married,no.schooling,without.disability,not.working,with.insurance,white
2018HU1395260,5,1,4101,3,20_29,f,civilian.employed,abroad.house,i.75000.99999,us.born,married,public,without.disability,not.working,with.insurance,white
2018HU1395260,5,1,51206,3,80_89,f,unemployed,same.house,i.65000.74999,naturalization,never,private,without.disability,federal,with.insurance,asian
2018HU1395260,5,1,1302,3,20_29,m,civilian.employed,same.house,i.0.9999,us.born,divorced,private,without.disability,not.working,with.insurance,asian
2018HU1395260,5,1,55002,3,50_59,m,not.in.labor.force,same.house,i.50000.64999,us.born,married,no.schooling,without.disability,local,with.insurance,asian
2018HU1395260,5,1,51154,3,0_9,f,not.in.labor.force,same.house,i.0.9999,us.born,married,no.schooling,without.disability,not.working,with.insurance,white
2018HU1395260,5,1,51045,3,0_9,f,civilian.employed,diff.us.house,i.25000.34999,us.born,never,no.schooling,without.disability,not.working,with.insurance,white
2018HU1395868,5,1,51105,3,20_29,m,not.in.labor.force,same.house,i.0.9999,naturalization,never,no.schooling,without.disability,state,with.insurance,white
2018HU1395868,5,1,51154,3,70_79,f,civilian.employed,same.house,i.0.9999,naturalization,divorced,no.schooling,without.disability,federal,with.insurance,white
2018HU1395868,5,1,51040,3,40_49,f,not.in.labor.force,same.house,i.0.9999,us.born,married,no.schooling,without.disability,not.working,with.insurance,white
2018HU1395868,5,1,51020,3,50_59,f,not.in.labor.force,same.house,i.0.9999,us.born,never,no.schooling,without.disability,private.profit,with.insurance,two.
2018GQ0003338,5,1,51096,3,50_59,m,not.in.labor.force,same.house,i.0.9999,us.born,married,no.schooling,without.disability,local,with.insurance,white
2018GQ0005316,5,1,51089,3,60_69,m,not.in.labor.force,same.house,i.75000.99999,us.born,married,no.schooling,without.disability,private.no.profit,with.insurance,white
2018GQ0006854,5,1,51044,3,60_69,f,not.in.labor.force,same.house,i.0.9999,not.citizen,married,no.schooling,without.disability,private.profit,with.insurance,white
2018GQ0008802,5,1,51115,3,50_59,m,civilian.employed,same.house,i.75000.99999,not.citizen,widowed,no.schooling,without.disability,federal,with.insurance,white
2018GQ0009699,5,1,59303,3,80_89,m,civilian.employed,same.house,i.75000.99999,us.born,married,no.schooling,without.disability,not.working,with.insurance,two.
2018GQ0011939,5,1,51154,3,50_59,m,not.in.labor.force,diff.us.house,i.75000.99999,abroad.born,separated,no.schooling,without.disability,not.working,with.insurance,white
2018GQ0013089,5,1,51110,3,60_69,m,not.in.labor.force,same.house,i.50000.64999,us.born,divorced,no.schooling,without.disability,not.working,with.insurance,white
2018GQ0013753,5,1,51020,3,60_69,m,civilian.employed,abroad.house,i.75000.99999,us.born,married,public,with.disability,not.working,with.insurance,white
2018GQ0013911,5,1,51040,3,20_29,f,not.in.labor.force,same.house,i.75000.99999,abroad.born,widowed,no.schooling,without.disability,not.working,with.insurance,asian
2018GQ0015676,5,1,51167,3,20_29,f,civilian.employed,same.house,i.75000.99999,us.born,never,no.schooling,without.disability,not.working,with.insurance,white
2018GQ0015874,5,1,51206,3,70_79,m,not.in.labor.force,same.house,i.0.9999,us.born,never,public,without.disability,self.employed.no.corp,with.insurance,white
2018GQ0016489,5,1,51186,3,40_49,f,civilian.employed,same.house,i.75000.99999,us.born,married,no.schooling,without.disability,not.working,with.insurance,asian
2018GQ0016999,5,1,51245,3,70_79,m,civilian.employed,same.house,i.0.9999,us.born,married,no.schooling,without.disability,private.profit,with.insurance,white
2018GQ0017075,5,1,51154,3,10_19,f,civilian.employed,same.house,i.0.9999,naturalization,divorced,private,without.disability,not.working,with.insurance,black
2018GQ0020197,5,1,51115,3,10_19,f,not.in.labor.force,same.house,i.50000.64999,us.born,married,no.schooling,without.disability,not.working,with.insurance,white
2018GQ0020523,5,1,51206,3,30_39,f,civilian.employed,same.house,i.0.9999,us.born,married,no.schooling,without.disability,private.profit,with.insurance,white
2018GQ0020930,5,1,51080,3,0_9,m,civilian.employed,diff.us.house,i.75000.99999,not.citizen,married,no.schooling,without.disability,not.working,with.insurance,white
2018GQ0021416,5,1,51154,3,50_59,f,civilian.employed,same.house,i.0.9999,us.born,married,no.schooling,without.disability,private.profit,with.insurance,white
2018GQ0021573,5,1,51040,3,30_39,f,civilian.employed,same.house,i.75000.99999,us.born,married,no.schooling,without.disability,not.working,with.insurance,white
2018GQ0023189,5,1,51135,3,40_49,m,not.in.labor.force,same.house,i.75000.99999,us.born,married,no.schooling,without.disability,private.profit,with.insurance,white
2018GQ0023987,5,1,59303,3,10_19,f,not.in.labor.force,same.house,i.75000.99999,us.born,widowed,no.schooling,with.disability,private.no.profit,with.insurance,white
2018GQ0026168,5,1,51020,3,10_19,f,civilian.employed,same.house,i.75000.99999,us.born,married,no.schooling,without.disability,self.employed.no.corp,with.insurance,white
2018GQ0026221,5,1,51154,3,30_39,m,not.in.labor.force,same.house,i.75000.99999,naturalization,married,public,without.disability,private.no.profit,with.insurance,two.
2018GQ0026733,5,1,51096,3,60_69,m,civilian.employed,same.house,i.65000.74999,naturalization,divorced,public,without.disability,private.no.profit,with.insurance,asian
2018GQ0027414,5,1,51206,3,60_69,m,civilian.employed,same.house,i.0.9999,us.born,never,no.schooling,without.disability,not.working,with.insurance,asian
2018GQ0030033,5,1,51090,3,70_79,f,not.in.labor.force,same.house,i.0.9999,naturalization,married,no.schooling,without.disability,private.no.profit,with.insurance,asian
2018GQ0033274,5,1,51044,3,60_69,m,civilian.employed,same.house,i.0.9999,us.born,divorced,no.schooling,without.disability,not.working,with.insurance,white
2018GQ0033673,5,1,51080,3,0_9,f,civilian.employed,same.house,i.75000.99999,us.born,never,private,without.disability,not.working,with.insurance,white
2018GQ0034779,5,1,51186,3,40_49,f,civilian.employed,same.house,i.0.9999,not.citizen,never,no.schooling,without.disability,private.profit,with.insurance,white
2018GQ0034792,5,1,51154,3,70_79,f,not.in.labor.force,same.house,i.0.9999,us.born,married,no.schooling,without.disability,self.employed.no.corp,with.insurance,white
2018GQ0038003,5,1,51155,3,20_29,f,civilian.employed,same.house,i.50000.64999,abroad.born,divorced,no.schooling,without.disability,not.working,with.insurance,white
2018GQ0041100,5,1,51135,3,0_9,m,not.in.labor.force,same.house,i.0.9999,not.citizen,married,no.schooling,without.disability,private.profit,with.insurance,white
2018GQ0042934,5,1,59301,3,50_59,f,civilian.employed,same.house,i.0.9999,us.born,married,no.schooling,without.disability,private.profit,with.insurance,white
2018GQ0043786,5,1,51135,3,30_39,f,civilian.employed,same.house,i.0.9999,us.born,never,no.schooling,without.disability,self.employed.no.corp,with.insurance,white
2018GQ0044564,5,1,51206,3,0_9,f,civilian.employed,abroad.house,i.75000.99999,us.born,married,no.schooling,without.disability,private.profit,with.insurance,white
2018GQ0045785,5,1,51154,3,60_69,m,civilian.employed,same.house,i.75000.99999,us.born,married,no.schooling,without.disability,private.profit,with.insurance,white
2018GQ0046870,5,1,59306,3,20_29,m,not.in.labor.force,diff.us.house,i.65000.74999,us.born,married,no.schooling,without.disability,not.working,with.insurance,asian
2018GQ0047600,5,1,51080,3,40_49,f,not.in.labor.force,diff.us.house,i.50000.64999,naturalization,divorced,no.schooling,without.disability,private.no.profit,with.insurance,asian
2018GQ0049051,5,1,51167,3,60_69,m,civilian.employed,same.house,i.75000.99999,us.born,divorced,no.schooling,without.disability,private.profit,with.insurance,white
2018GQ0051978,5,1,1302,3,50_59,m,not.in.labor.force,same.house,i.0.9999,us.born,never,no.schooling,without.disability,not.working,with.insurance,white
2018GQ0054723,5,1,4101,3,40_49,f,civilian.employed,same.house,i.0.9999,us.born,widowed,no.schooling,without.disability,private.profit,with.insurance,white
2018GQ0056617,5,1,51040,3,70_79,m,civilian.employed,diff.us.house,i.0.9999,us.born,married,no.schooling,without.disability,private.profit,with.insurance,asian
2018GQ0057079,5,1,51154,3,50_59,m,not.in.labor.force,same.house,i.0.9999,us.born,never,private,without.disability,not.working,with.insurance,asian
2018GQ0057828,5,1,51206,3,40_49,m,not.in.labor.force,same.house,i.0.9999,naturalization,never,no.schooling,without.disability,self.employed.corp,with.insurance,white
2018GQ0058045,5,1,51084,3,50_59,f,civilian.employed,same.house,i.0.9999,us.born,married,no.schooling,without.disability,not.working,with.insurance,white
2018GQ0058586,5,1,51040,3,20_29,f,civilian.employed,same.house,i.0.9999,naturalization,divorced,no.schooling,without.disability,not.working,with.insurance,white
2018GQ0058982,5,1,51206,3,50_59,m,not.in.labor.force,diff.us.house,i.0.9999,us.born,never,no.schooling,without.disability,private.profit,with.insurance,white
2018GQ0060731,5,1,55002,3,50_59,f,not.in.labor.force,same.house,i.65000.74999,us.born,married,private,without.disability,local,with.insurance,asian
2018GQ0060877,5,1,51115,3,50_59,f,civilian.employed,same.house,i.0.9999,naturalization,divorced,no.schooling,without.disability,private.profit,with.insurance,asian
2018GQ0064970,5,1,51080,3,70_79,f,not.in.labor.force,same.house,i.0.9999,us.born,never,no.schooling,without.disability,private.profit,with.insurance,asian
2018GQ0065609,5,1,10703,3,50_59,f,civilian.employed,same.house,i.0.9999,us.born,divorced,public,without.disability,private.profit,with.insurance,white
2018GQ0065750,5,1,51090,3,20_29,m,not.in.labor.force,same.house,i.75000.99999,us.born,married,private,without.disability,not.working,with.insurance,white
2018GQ0065846,5,1,51154,3,50_59,m,not.in.labor.force,diff.us.house,i.0.9999,us.born,married,no.schooling,without.disability,private.profit,with.insurance,white
2018GQ0066772,5,1,51135,3,0_9,f,not.in.labor.force,same.house,i.0.9999,us.born,never,no.schooling,without.disability,self.employed.no.corp,with.insurance,white
2018GQ0068574,5,1,51105,3,70_79,m,civilian.employed,same.house,i.0.9999,not.citizen,married,no.schooling,without.disability,local,with.insurance,white
2018GQ0069481,5,1,51105,3,0_9,f,unemployed,same.house,i.0.9999,us.born,married,no.schooling,without.disability,not.working,with.insurance,two.
2018GQ0070349,5,1,51010,3,70_79,f,civilian.employed,same.house,i.0.9999,us.born,married,no.schooling,without.disability,private.profit,with.insurance,asian
2018GQ0070628,5,1,51010,3,50_59,f,not.in.labor.force,same.house,i.75000.99999,us.born,never,no.schooling,without.disability,private.profit,with.insurance,white
2018GQ0072103,5,1,51165,3,30_39,f,civilian.employed,same.house,i.0.9999,naturalization,never,no.schooling,without.disability,not.working,with.insurance,black
2018GQ0072696,5,1,59303,3,20_29,m,civilian.employed,diff.us.house,i.0.9999,us.born,married,public,without.disability,not.working,with.insurance,white
2018GQ0072811,5,1,51040,3,80_89,f,civilian.employed,same.house,i.50000.64999,us.born,married,no.schooling,without.disability,federal,with.insurance,white
2018GQ0074692,5,1,55001,3,0_9,m,civilian.employed,same.house,i.50000.64999,us.born,married,public,without.disability,private.profit,with.insurance,white
2018GQ0075349,5,1,51090,3,30_39,f,civilian.employed,same.house,i.0.9999,us.born,never,no.schooling,without.disability,private.profit,with.insurance,white
2018GQ0077448,5,1,51096,3,30_39,f,civilian.employed,same.house,i.65000.74999,naturalization,divorced,no.schooling,without.disability,federal,with.insurance,asian
2018GQ0077710,5,1,51145,3,50_59,f,civilian.employed,same.house,i.0.9999,not.citizen,married,no.schooling,without.disability,private.profit,with.insurance,white
2018GQ0077718,5,1,51095,3,20_29,f,civilian.employed,same.house,i.65000.74999,us.born,divorced,no.schooling,without.disability,not.working,with.insurance,white
2018GQ0077898,5,1,51154,3,30_39,f,not.in.labor.force,same.house,i.0.9999,us.born,married,no.schooling,without.disability,private.profit,with.insurance,white
2018GQ0083373,5,1,59303,3,30_39,f,civilian.employed,same.house,i.0.9999,naturalization,married,no.schooling,without.disability,not.working,with.insurance,white
2018GQ0086776,5,1,59309,3,30_39,m,civilian.employed,same.house,i.75000.99999,us.born,divorced,no.schooling,without.disability,not.working,with.insurance,white
2018GQ0088192,5,1,51155,3,60_69,m,not.in.labor.force,same.house,i.50000.64999,us.born,never,no.schooling,without.disability,self.employed.corp,with.insurance,white
2018GQ0088614,5,1,51167,3,50_59,m,civilian.employed,same.house,i.0.9999,us.born,divorced,no.schooling,without.disability,not.working,with.insurance,white
2018GQ0088668,5,1,51080,3,40_49,m,not.in.labor.force,same.house,i.0.9999,naturalization,never,no.schooling,without.disability,not.working,without.insurance,white
2018GQ0088804,5,1,51045,3,0_9,m,civilian.employed,same.house,i.75000.99999,us.born,married,no.schooling,without.disability,private.profit,with.insurance,white
2018GQ0091321,5,1,51135,3,10_19,f,unemployed,same.house,i.0.9999,not.citizen,separated,no.schooling,without.disability,self.employed.no.corp,with.insurance,white
2018GQ0092180,5,1,51125,3,0_9,m,civilian.employed,same.house,i.0.9999,us.born,never,public,with.disability,not.working,with.insurance,white
2018GQ0095703,5,1,51010,3,60_69,f,civilian.employed,same.house,i.0.9999,us.born,never,no.schooling,without.disability,private.profit,with.insurance,white
2018GQ0096939,5,1,51135,3,40_49,f,not.in.labor.force,same.house,i.0.9999,naturalization,married,public,without.disability,private.profit,with.insurance,white
2018GQ0101386,5,1,51020,3,0_9,m,not.in.labor.force,same.house,i.75000.99999,us.born,married,no.schooling,without.disability,federal,with.insurance,white
2018GQ0101922,5,1,10701,3,40_49,f,civilian.employed,same.house,i.0.9999,naturalization,separated,no.schooling,without.disability,private.profit,with.insurance,white
2018GQ0102272,5,1,51010,3,70_79,f,not.in.labor.force,same.house,i.0.9999,us.born,married,no.schooling,without.disability,self.employed.no.corp,with.insurance,white
2018GQ0102612,5,1,51010,3,80_89,f,not.in.labor.force,same.house,i.65000.74999,us.born,married,no.schooling,without.disability,private.profit,with.insurance,asian
2018GQ0102850,5,1,1301,3,50_59,f,civilian.employed,same.house,i.75000.99999,us.born,never,no.schooling,with.disability,not.working,with.insurance,white
2018GQ0103050,5,1,51154,3,30_39,m,not.in.labor.force,diff.us.house,i.0.9999,us.born,divorced,no.schooling,without.disability,not.working,with.insurance,white
2018GQ0104362,5,1,51090,3,70_79,f,civilian.employed,same.house,i.0.9999,naturalization,never,no.schooling,without.disability,self.employed.corp,with.insurance,white
2018GQ0104864,5,1,51105,3,20_29,f,civilian.employed,same.house,i.75000.99999,us.born,married,no.schooling,without.disability,federal,with.insurance,white
2018GQ0106827,5,1,51110,3,50_59,f,not.in.labor.force,same.house,i.0.9999,us.born,never,private,without.disability,self.employed.corp,with.insurance,asian
2018GQ0107003,5,1,51235,3,10_19,f,not.in.labor.force,same.house,i.0.9999,us.born,never,no.schooling,without.disability,private.profit,with.insurance,white
2018GQ0107665,5,1,51235,3,20_29,m,civilian.employed,same.house,i.0.9999,not.citizen,never,no.schooling,without.disability,federal,with.insurance,white
2018GQ0110025,5,1,51040,3,60_69,m,unemployed,abroad.house,i.0.9999,us.born,never,no.schooling,without.disability,private.profit,with.insurance,asian
2018GQ0110134,5,1,59303,3,30_39,f,not.in.labor.force,same.house,i.0.9999,naturalization,married,no.schooling,without.disability,private.profit,with.insurance,white
2018GQ0113985,5,1,51154,3,30_39,f,not.in.labor.force,same.house,i.0.9999,us.born,never,no.schooling,without.disability,private.no.profit,with.insurance,white
2018GQ0114205,5,1,51105,3,60_69,f,civilian.employed,same.house,i.0.9999,us.born,married,no.schooling,without.disability,not.working,with.insurance,white
2018GQ0114677,5,1,51167,3,50_59,m,civilian.employed,same.house,i.75000.99999,us.born,divorced,no.schooling,without.disability,private.profit,with.insurance,white
2018GQ0114808,5,1,51224,3,70_79,f,unemployed,same.house,i.50000.64999,us.born,married,no.schooling,without.disability,self.employed.no.corp,with.insurance,white
2018GQ0116081,5,1,51154,3,60_69,f,not.in.labor.force,same.house,i.0.9999,naturalization,married,no.schooling,without.disability,federal,with.insurance,white
2018GQ0116511,5,1,51235,3,50_59,m,civilian.employed,same.house,i.50000.64999,us.born,never,no.schooling,with.disability,private.profit,with.insurance,white
2018GQ0118620,5,1,51089,3,0_9,m,civilian.employed,diff.us.house,i.75000.99999,us.born,never,no.schooling,without.disability,not.working,with.insurance,white
2018GQ0118793,5,1,51110,3,40_49,m,civilian.employed,same.house,i.0.9999,us.born,never,no.schooling,without.disability,private.profit,with.insurance,white
2018GQ0118864,5,1,51164,3,70_79,m,not.in.labor.force,same.house,i.0.9999,us.born,married,no.schooling,without.disability,private.profit,with.insurance,white
2018GQ0122642,5,1,51215,3,40_49,m,not.in.labor.force,same.house,i.75000.99999,not.citizen,never,no.schooling,without.disability,not.working,with.insurance,white
2018GQ0122847,5,1,51040,3,30_39,f,civilian.employed,diff.us.house,i.0.9999,us.born,divorced,no.schooling,without.disability,self.employed.no.corp,with.insurance,white
2018GQ0123947,5,1,51154,3,0_9,f,civilian.employed,same.house,i.0.9999,us.born,never,public,without.disability,private.profit,with.insurance,white
2018GQ0124880,5,1,51154,3,30_39,m,civilian.employed,diff.us.house,i.50000.64999,us.born,married,no.schooling,without.disability,private.no.profit,with.insurance,white
2018GQ0125223,5,1,51110,3,60_69,f,not.in.labor.force,same.house,i.0.9999,not.citizen,married,no.schooling,without.disability,not.working,with.insurance,white
2018GQ0127830,5,1,51155,3,70_79,f,civilian.employed,same.house,i.75000.99999,us.born,married,no.schooling,without.disability,not.working,with.insurance,white
2018GQ0128299,5,1,51087,3,30_39,m,not.in.labor.force,same.house,i.0.9999,us.born,never,no.schooling,without.disability,private.profit,with.insurance,white
2018GQ0130789,5,1,51020,3,40_49,f,civilian.employed,same.house,i.0.9999,us.born,widowed,public,without.disability,not.working,with.insurance,white
2018GQ0134266,5,1,51096,3,50_59,f,not.in.labor.force,same.house,i.0.9999,us.born,divorced,no.schooling,with.disability,not.working,with.insurance,white
2018GQ0134970,5,1,10703,3,50_59,m,civilian.employed,same.house,i.0.9999,us.born,married,no.schooling,without.disability,private.profit,with.insurance,white
2018GQ0136669,5,1,1302,3,40_49,f,civilian.employed,same.house,i.0.9999,us.born,married,no.schooling,without.disability,self.employed.no.corp,with.insurance,white
2018GQ0137818,5,1,51020,3,30_39,m,not.in.labor.force,same.house,i.0.9999,us.born,married,no.schooling,without.disability,not.working,with.insurance,white
2018GQ0142663,5,1,51096,3,30_39,f,not.in.labor.force,same.house,i.0.9999,us.born,divorced,no.schooling,without.disability,private.profit,with.insurance,white
2018GQ0144083,5,1,51105,3,10_19,f,not.in.labor.force,same.house,i.75000.99999,us.born,never,no.schooling,without.disability,private.no.profit,with.insurance,white
2018GQ0146945,5,1,51115,3,60_69,f,civilian.employed,same.house,i.75000.99999,us.born,divorced,public,without.disability,private.profit,with.insurance,white
2018GQ0148342,5,1,51096,3,80_89,m,not.in.labor.force,same.house,i.75000.99999,us.born,married,no.schooling,without.disability,not.working,without.insurance,white
2018HU0001053,5,1,51235,3,0_9,f,not.in.labor.force,same.house,i.0.9999,us.born,divorced,no.schooling,without.disability,private.profit,with.insurance,white
2018HU0003860,5,1,51040,3,0_9,f,civilian.employed,same.house,i.0.9999,us.born,married,no.schooling,without.disability,private.profit,with.insurance,white
2018HU0003860,5,1,51215,3,70_79,f,not.in.labor.force,diff.us.house,i.0.9999,us.born,married,no.schooling,without.disability,not.working,with.insurance,white
2018HU0003860,5,1,51096,3,40_49,f,not.in.labor.force,same.house,i.0.9999,us.born,divorced,no.schooling,without.disability,private.profit,with.insurance,white
2018HU0011866,5,1,51235,3,10_19,f,civilian.employed,same.house,i.75000.99999,naturalization,never,no.schooling,without.disability,not.working,with.insurance,white
2018HU0011866,5,1,51215,3,60_69,f,civilian.employed,same.house,i.25000.34999,us.born,married,no.schooling,without.disability,not.working,with.insurance,white
2018HU0012513,5,1,51040,3,30_39,f,civilian.employed,diff.us.house,i.0.9999,naturalization,never,no.schooling,without.disability,federal,with.insurance,white
2018HU0012513,5,1,51096,3,40_49,m,civilian.employed,diff.us.house,i.75000.99999,us.born,married,no.schooling,without.disability,private.no.profit,with.insurance,white
2018HU0013484,5,1,51154,3,70_79,m,unemployed,same.house,i.50000.64999,naturalization,never,no.schooling,without.disability,private.profit,with.insurance,two.
2018HU0013484,5,1,51020,3,50_59,m,civilian.employed,same.house,i.0.9999,us.born,married,no.schooling,without.disability,local,with.insurance,asian
2018HU0013484,5,1,51167,3,70_79,m,civilian.employed,same.house,i.75000.99999,us.born,widowed,no.schooling,without.disability,private.profit,with.insurance,white
2018HU0013484,5,1,51115,3,10_19,m,not.in.labor.force,same.house,i.75000.99999,us.born,married,no.schooling,without.disability,private.profit,with.insurance,white
2018HU0013484,5,1,51135,3,40_49,f,not.in.labor.force,same.house,i.75000.99999,us.born,married,no.schooling,without.disability,private.profit,with.insurance,white
2018HU0018063,5,1,51090,3,70_79,f,civilian.employed,same.house,i.0.9999,us.born,never,no.schooling,without.disability,not.working,with.insurance,white
2018HU0018063,5,1,51154,3,80_89,m,civilian.employed,diff.us.house,i.75000.99999,us.born,married,no.schooling,without.disability,private.no.profit,with.insurance,black
2018HU0018063,5,1,51235,3,30_39,m,not.in.labor.force,same.house,i.35000.49999,not.citizen,divorced,private,without.disability,private.profit,with.insurance,white
2018HU0022902,5,1,51020,3,40_49,f,civilian.employed,same.house,i.50000.64999,naturalization,married,no.schooling,without.disability,not.working,with.insurance,white
2018HU0022902,5,1,51096,3,80_89,m,not.in.labor.force,same.house,i.50000.64999,us.born,divorced,public,without.disability,not.working,with.insurance,white
2018HU0023557,5,1,51225,3,50_59,m,not.in.labor.force,diff.us.house,i.75000.99999,us.born,never,public,without.disability,self.employed.no.corp,with.insurance,white
2018HU0023557,5,1,51154,3,40_49,f,not.in.labor.force,same.house,i.75000.99999,us.born,married,no.schooling,without.disability,not.working,with.insurance,white
2018HU0023557,5,1,51105,3,80_89,m,civilian.employed,same.house,i.75000.99999,us.born,married,no.schooling,without.disability,private.profit,with.insurance,white
2018HU0023557,5,1,51105,3,40_49,f,not.in.labor.force,same.house,i.0.9999,us.born,married,no.schooling,without.disability,not.working,with.insurance,white
2018HU0026548,5,1,51135,3,80_89,m,civilian.employed,same.house,i.0.9999,us.born,married,no.schooling,without.disability,private.profit,with.insurance,white
2018HU0026548,5,1,51125,3,10_19,f,civilian.employed,same.house,i.0.9999,us.born,divorced,no.schooling,without.disability,not.working,with.insurance,white
2018HU0028620,5,1,55002,3,0_9,m,not.in.labor.force,same.house,i.75000.99999,us.born,married,no.schooling,without.disability,not.working,with.insurance,white
2018HU0028620,5,1,51085,3,20_29,m,civilian.employed,same.house,i.0.9999,us.born,never,no.schooling,without.disability,self.employed.no.corp,with.insurance,white
2018HU0030626,5,1,51040,3,40_49,f,civilian.employed,same.house,i.0.9999,us.born,widowed,no.schooling,without.disability,private.profit,with.insurance,white
2018HU0030626,5,1,51010,3,40_49,f,not.in.labor.force,same.house,i.0.9999,us.born,divorced,no.schooling,without.disability,not.working,with.insurance,white
2018HU0030626,5,1,51154,3,60_69,f,not.in.labor.force,same.house,i.75000.99999,us.born,married,no.schooling,without.disability,private.profit,with.insurance,white
2018HU0030626,5,1,51097,3,20_29,m,civilian.employed,same.house,i.0.9999,not.citizen,never,no.schooling,with.disability,not.working,with.insurance,white
2018HU0033044,5,1,51164,3,20_29,f,civilian.employed,same.house,i.50000.64999,naturalization,married,no.schooling,with.disability,not.working,with.insurance,white
2018HU0033044,5,1,51125,3,70_79,m,unemployed,same.house,i.50000.64999,us.born,married,no.schooling,without.disability,private.profit,with.insurance,white
2018HU0033044,5,1,51040,3,30_39,m,civilian.employed,same.house,i.0.9999,not.citizen,divorced,no.schooling,without.disability,not.working,with.insurance,white
2018HU0034243,5,1,51145,3,50_59,m,civilian.employed,same.house,i.75000.99999,naturalization,never,private,without.disability,not.working,with.insurance,asian
2018HU0034243,5,1,51135,3,80_89,f,civilian.employed,diff.us.house,i.0.9999,naturalization,married,no.schooling,without.disability,not.working,with.insurance,white
2018HU0034243,5,1,51044,3,30_39,f,civilian.employed,same.house,i.0.9999,naturalization,married,no.schooling,without.disability,private.no.profit,with.insurance,white
2018HU0037628,5,1,51080,3,0_9,m,not.in.labor.force,same.house,i.0.9999,not.citizen,married,no.schooling,without.disability,not.working,with.insurance,white
2018HU0037628,5,1,51040,3,20_29,f,not.in.labor.force,same.house,i.0.9999,us.born,never,no.schooling,without.disability,not.working,with.insurance,white
2018HU0044610,5,1,51084,3,60_69,f,civilian.employed,same.house,i.50000.64999,not.citizen,never,no.schooling,without.disability,not.working,with.insurance,white
2018HU0044610,5,1,51115,3,60_69,f,civilian.employed,same.house,i.0.9999,us.born,married,no.schooling,without.disability,private.profit,with.insurance,asian
2018HU0044620,5,1,51145,3,70_79,m,civilian.employed,same.house,i.0.9999,us.born,never,no.schooling,without.disability,private.profit,with.insurance,white
2018HU0044620,5,1,51145,3,50_59,m,civilian.employed,same.house,i.0.9999,us.born,never,no.schooling,without.disability,not.working,with.insurance,white
2018HU0044620,5,1,51235,3,0_9,m,civilian.employed,same.house,i.0.9999,naturalization,never,no.schooling,without.disability,self.employed.corp,with.insurance,white
2018HU0044620,5,1,51235,3,50_59,m,not.in.labor.force,same.house,i.0.9999,us.born,divorced,no.schooling,without.disability,self.employed.corp,with.insurance,white
2018HU0044620,5,1,59303,3,0_9,f,not.in.labor.force,same.house,i.50000.64999,us.born,never,public,without.disability,not.working,with.insurance,white
2018HU0044620,5,1,51096,3,50_59,m,civilian.employed,same.house,i.0.9999,us.born,never,public,with.disability,private.no.profit,with.insurance,white
2018HU0045954,5,1,59303,3,50_59,m,civilian.employed,same.house,i.75000.99999,us.born,married,no.schooling,without.disability,not.working,with.insurance,white
2018HU0045954,5,1,51215,3,60_69,f,civilian.employed,same.house,i.0.9999,us.born,never,private,without.disability,federal,with.insurance,white
2018HU0045954,5,1,51020,3,30_39,f,civilian.employed,same.house,i.75000.99999,naturalization,married,no.schooling,without.disability,self.employed.corp,with.insurance,white
2018HU0045954,5,1,51110,3,0_9,f,not.in.labor.force,same.house,i.75000.99999,us.born,never,no.schooling,without.disability,not.working,with.insurance,white
2018HU0048927,5,1,10702,3,30_39,m,civilian.employed,same.house,i.75000.99999,us.born,married,private,without.disability,self.employed.no.corp,with.insurance,white
2018HU0048927,5,1,51215,3,40_49,m,not.in.labor.force,same.house,i.65000.74999,us.born,married,no.schooling,without.disability,not.working,with.insurance,white
2018HU0049074,5,1,51110,3,60_69,f,not.in.labor.force,diff.us.house,i.75000.99999,us.born,never,no.schooling,without.disability,federal,with.insurance,white
2018HU0049074,5,1,51175,3,50_59,f,civilian.employed,same.house,i.0.9999,us.born,never,no.schooling,without.disability,not.working,with.insurance,white
2018HU0049074,5,1,51040,3,60_69,m,civilian.employed,same.house,i.50000.64999,us.born,married,no.schooling,without.disability,not.working,with.insurance,white
2018HU0049123,5,1,51105,3,30_39,f,civilian.employed,same.house,i.0.9999,us.born,married,no.schooling,without.disability,private.profit,with.insurance,white
2018HU0049123,5,1,51175,3,60_69,f,unemployed,same.house,i.0.9999,us.born,never,no.schooling,without.disability,private.profit,with.insurance,white
2018HU0049123,5,1,51115,3,50_59,m,civilian.employed,same.house,i.0.9999,us.born,divorced,no.schooling,without.disability,private.profit,with.insurance,asian
2018HU0049123,5,1,51010,3,30_39,f,not.in.labor.force,same.house,i.0.9999,us.born,married,no.schooling,without.disability,not.working,with.insurance,asian
2018HU0049123,5,1,51155,3,60_69,m,not.in.labor.force,same.house,i.75000.99999,us.born,married,no.schooling,without.disability,not.working,with.insurance,white
2018HU0049252,5,1,51125,3,20_29,f,civilian.employed,same.house,i.35000.49999,us.born,married,no.schooling,without.disability,private.no.profit,with.insurance,white
2018HU0049252,5,1,51044,3,60_69,f,not.in.labor.force,same.house,i.0.9999,us.born,divorced,no.schooling,without.disability,not.working,with.insurance,asian
2018HU0049252,5,1,51090,3,30_39,f,civilian.employed,same.house,i.0.9999,us.born,married,no.schooling,without.disability,local,with.insurance,white
2018HU0049252,5,1,51255,3,20_29,f,civilian.employed,same.house,i.75000.99999,us.born,widowed,no.schooling,without.disability,private.profit,with.insurance,white
2018HU0049689,5,1,51020,3,50_59,m,not.in.labor.force,same.house,i.0.9999,us.born,married,public,without.disability,private.profit,with.insurance,white
2018HU0049689,5,1,51135,3,20_29,f,civilian.employed,same.house,i.50000.64999,abroad.born,married,public,without.disability,not.working,with.insurance,white
2018HU0049689,5,1,51154,3,0_9,m,not.in.labor.force,abroad.house,i.65000.74999,us.born,divorced,public,without.disability,not.working,with.insurance,white
2018HU0049760,5,1,4103,3,30_39,f,civilian.employed,same.house,i.50000.64999,naturalization,married,public,without.disability,private.profit,without.insurance,white
2018HU0049760,5,1,51154,3,40_49,f,not.in.labor.force,same.house,i.0.9999,us.born,divorced,no.schooling,without.disability,not.working,with.insurance,white
2018HU0049760,5,1,51040,3,40_49,f,civilian.employed,same.house,i.75000.99999,us.born,married,no.schooling,without.disability,private.profit,with.insurance,white
2018HU0049760,5,1,51097,3,50_59,f,unemployed,same.house,i.0.9999,us.born,married,private,without.disability,private.profit,with.insurance,white
2018HU0050017,5,1,59301,3,60_69,f,not.in.labor.force,diff.us.house,i.0.9999,us.born,never,no.schooling,without.disability,private.profit,with.insurance,two.
2018HU0050017,5,1,51145,3,20_29,m,not.in.labor.force,same.house,i.0.9999,us.born,never,no.schooling,without.disability,not.working,with.insurance,white
2018HU0050017,5,1,51020,3,70_79,m,civilian.employed,same.house,i.0.9999,us.born,married,no.schooling,without.disability,not.working,with.insurance,white
2018HU0052072,5,1,51105,3,20_29,f,civilian.employed,same.house,i.0.9999,us.born,divorced,private,without.disability,private.profit,with.insurance,white
2018HU0052072,5,1,51105,3,30_39,m,not.in.labor.force,same.house,i.0.9999,naturalization,married,no.schooling,without.disability,not.working,with.insurance,white
2018HU0052072,5,1,51040,3,40_49,f,civilian.employed,same.house,i.0.9999,us.born,never,no.schooling,without.disability,self.employed.corp,with.insurance,white
2018HU0052072,5,1,51145,3,30_39,m,not.in.labor.force,same.house,i.0.9999,us.born,never,no.schooling,without.disability,private.profit,with.insurance,white
2018HU0052072,5,1,51206,3,60_69,f,civilian.employed,same.house,i.0.9999,us.born,never,no.schooling,without.disability,private.no.profit,with.insurance,white
2018HU0052072,5,1,51080,3,20_29,f,not.in.labor.force,same.house,i.0.9999,us.born,married,no.schooling,with.disability,private.profit,with.insurance,white
2018HU0060432,5,1,51206,3,50_59,f,not.in.labor.force,diff.us.house,i.75000.99999,abroad.born,divorced,no.schooling,without.disability,not.working,with.insurance,white
2018HU0063760,5,1,51186,3,0_9,f,not.in.labor.force,diff.us.house,i.75000.99999,us.born,married,no.schooling,without.disability,self.employed.corp,with.insurance,white
2018HU0063760,5,1,51105,3,30_39,f,civilian.employed,diff.us.house,i.75000.99999,us.born,never,private,without.disability,private.profit,with.insurance,white
2018HU0064033,5,1,51084,3,50_59,m,civilian.employed,diff.us.house,i.50000.64999,us.born,widowed,no.schooling,without.disability,not.working,with.insurance,white
2018HU0064033,5,1,51235,3,60_69,m,civilian.employed,same.house,i.65000.74999,us.born,married,no.schooling,without.disability,not.working,with.insurance,white
2018HU0065762,5,1,51045,3,30_39,f,unemployed,same.house,i.0.9999,us.born,married,no.schooling,without.disability,private.profit,with.insurance,white
2018HU0065762,5,1,51115,3,60_69,f,civilian.employed,diff.us.house,i.50000.64999,naturalization,married,no.schooling,without.disability,private.profit,with.insurance,black
2018HU0065762,5,1,51085,3,40_49,m,civilian.employed,same.house,i.75000.99999,puerto.rico.born,married,no.schooling,without.disability,private.profit,with.insurance,black
2018HU0065762,5,1,51175,3,60_69,f,civilian.employed,same.house,i.0.9999,us.born,married,no.schooling,without.disability,private.no.profit,with.insurance,white
2018HU0065762,5,1,51135,3,60_69,f,civilian.employed,same.house,i.0.9999,abroad.born,never,no.schooling,without.disability,local,with.insurance,asian
2018HU0067124,5,1,51096,3,30_39,m,civilian.employed,same.house,i.0.9999,not.citizen,never,no.schooling,without.disability,not.working,with.insurance,white
2018HU0067124,5,1,51125,3,40_49,m,civilian.employed,diff.us.house,i.0.9999,naturalization,never,no.schooling,without.disability,not.working,with.insurance,white
2018HU0067711,5,1,51235,3,20_29,m,civilian.employed,same.house,i.75000.99999,us.born,married,no.schooling,without.disability,not.working,with.insurance,white
2018HU0069523,5,1,51096,3,20_29,f,not.in.labor.force,same.house,i.75000.99999,us.born,widowed,no.schooling,without.disability,private.profit,with.insurance,white
2018HU0069523,5,1,51125,3,30_39,f,not.in.labor.force,same.house,i.65000.74999,us.born,married,no.schooling,without.disability,private.profit,with.insurance,white
2018HU0069523,5,1,51105,3,60_69,f,civilian.employed,same.house,i.0.9999,us.born,never,no.schooling,without.disability,local,with.insurance,white
2018HU0070334,5,1,51224,3,50_59,f,civilian.employed,diff.us.house,i.50000.64999,us.born,married,no.schooling,without.disability,private.profit,with.insurance,white
2018HU0070334,5,1,51090,3,60_69,m,civilian.employed,same.house,i.0.9999,us.born,never,private,without.disability,not.working,with.insurance,white
2018HU0070334,5,1,51135,3,40_49,m,not.in.labor.force,same.house,i.75000.99999,us.born,never,no.schooling,without.disability,self.employed.no.corp,with.insurance,white
2018HU0070334,5,1,51235,3,50_59,m,civilian.employed,same.house,i.0.9999,us.born,never,public,without.disability,not.working,with.insurance,white
2018HU0074532,5,1,51110,3,20_29,f,not.in.labor.force,same.house,i.0.9999,us.born,married,no.schooling,without.disability,not.working,with.insurance,white
2018HU0074532,5,1,51110,3,70_79,f,civilian.employed,same.house,i.0.9999,us.born,never,no.schooling,without.disability,private.profit,with.insurance,white
2018HU0083346,5,1,51096,3,50_59,f,civilian.employed,same.house,i.0.9999,us.born,married,no.schooling,without.disability,private.profit,with.insurance,white
2018HU0088708,5,1,51040,3,50_59,m,civilian.employed,same.house,i.75000.99999,us.born,married,no.schooling,without.disability,not.working,with.insurance,black
2018HU0090355,5,1,51135,3,0_9,m,civilian.employed,same.house,i.75000.99999,us.born,never,no.schooling,without.disability,private.profit,with.insurance,white
2018HU0090355,5,1,51044,3,60_69,f,civilian.employed,diff.us.house,i.75000.99999,us.born,married,no.schooling,without.disability,private.profit,with.insurance,two.
2018HU0090355,5,1,51215,3,60_69,f,civilian.employed,same.house,i.50000.64999,us.born,married,no.schooling,without.disability,federal,with.insurance,white
2018HU0092534,5,1,51097,3,30_39,f,civilian.employed,same.house,i.0.9999,not.citizen,widowed,no.schooling,without.disability,private.profit,with.insurance,white
2018HU0092534,5,1,51235,3,0_9,f,not.in.labor.force,diff.us.house,i.0.9999,us.born,widowed,no.schooling,without.disability,self.employed.corp,with.insurance,asian
2018HU0093620,5,1,51010,3,60_69,m,not.in.labor.force,same.house,i.0.9999,us.born,divorced,no.schooling,with.disability,private.profit,with.insurance,white
2018HU0093620,5,1,51110,3,30_39,m,civilian.employed,same.house,i.0.9999,us.born,never,no.schooling,with.disability,private.profit,with.insurance,black
2018HU0093620,5,1,51097,3,10_19,f,civilian.employed,same.house,i.50000.64999,us.born,never,no.schooling,without.disability,private.profit,without.insurance,white
2018HU0093620,5,1,1302,3,0_9,f,civilian.employed,same.house,i.75000.99999,us.born,never,public,without.disability,private.profit,with.insurance,white
2018HU0093620,5,1,51097,3,60_69,m,not.in.labor.force,same.house,i.0.9999,us.born,never,no.schooling,without.disability,not.working,with.insurance,white
2018HU0095431,5,1,51110,3,60_69,m,civilian.employed,same.house,i.0.9999,us.born,divorced,private,without.disability,private.no.profit,with.insurance,white
2018HU0095431,5,1,51206,3,70_79,m,not.in.labor.force,same.house,i.0.9999,not.citizen,married,public,without.disability,self.employed.corp,with.insurance,two.
2018HU0102330,5,1,51090,3,50_59,f,civilian.employed,same.house,i.50000.64999,us.born,married,no.schooling,without.disability,private.profit,with.insurance,white
2018HU0102330,5,1,51105,3,60_69,m,not.in.labor.force,same.house,i.10000.14999,us.born,never,no.schooling,without.disability,self.employed.no.corp,with.insurance,asian
2018HU0102330,5,1,59308,3,70_79,m,not.in.labor.force,diff.us.house,i.0.9999,naturalization,married,no.schooling,without.disability,local,with.insurance,white
2018HU0103524,5,1,51206,3,70_79,f,civilian.employed,diff.us.house,i.75000.99999,us.born,never,public,without.disability,local,with.insurance,white
2018HU0103524,5,1,51097,3,40_49,m,civilian.employed,same.house,i.0.9999,us.born,divorced,no.schooling,without.disability,federal,with.insurance,asian
2018HU0106390,5,1,51167,3,30_39,f,not.in.labor.force,same.house,i.50000.64999,us.born,married,no.schooling,without.disability,not.working,with.insurance,white
2018HU0106390,5,1,51206,3,30_39,m,not.in.labor.force,same.house,i.0.9999,us.born,married,no.schooling,without.disability,not.working,with.insurance,white
2018HU0106390,5,1,51255,3,50_59,f,civilian.employed,same.house,i.35000.49999,naturalization,married,public,without.disability,private.profit,with.insurance,asian
2018HU0107695,5,1,51096,3,70_79,f,civilian.employed,same.house,i.0.9999,us.born,never,no.schooling,without.disability,not.working,with.insurance,white
2018HU0107695,5,1,51155,3,70_79,f,not.in.labor.force,diff.us.house,i.0.9999,naturalization,widowed,no.schooling,with.disability,private.profit,with.insurance,white
2018HU0107695,5,1,51096,3,40_49,f,not.in.labor.force,same.house,i.0.9999,naturalization,divorced,no.schooling,without.disability,federal,with.insurance,white
2018HU0107695,5,1,51255,3,50_59,f,civilian.employed,same.house,i.0.9999,us.born,married,public,without.disability,private.profit,with.insurance,white
2018HU0107695,5,1,51090,3,30_39,f,not.in.labor.force,same.house,i.0.9999,us.born,married,public,without.disability,not.working,with.insurance,white
2018HU0110038,5,1,51154,3,40_49,m,civilian.employed,diff.us.house,i.0.9999,us.born,married,no.schooling,without.disability,private.profit,with.insurance,white
2018HU0110038,5,1,51080,3,30_39,f,not.in.labor.force,same.house,i.35000.49999,us.born,married,no.schooling,without.disability,not.working,with.insurance,white
2018HU0110038,5,1,51125,3,30_39,f,civilian.employed,same.house,i.75000.99999,us.born,married,no.schooling,without.disability,not.working,with.insurance,white
2018HU0112706,5,1,51085,3,60_69,m,not.in.labor.force,diff.us.house,i.0.9999,naturalization,never,no.schooling,without.disability,not.working,with.insurance,asian
2018HU0112706,5,1,51110,3,40_49,m,civilian.employed,diff.us.house,i.50000.64999,us.born,married,no.schooling,without.disability,not.working,with.insurance,white
2018HU0112706,5,1,51154,3,60_69,f,not.in.labor.force,same.house,i.65000.74999,us.born,divorced,no.schooling,without.disability,self.employed.corp,with.insurance,asian
2018HU0112706,5,1,51090,3,20_29,f,civilian.employed,same.house,i.0.9999,us.born,married,no.schooling,without.disability,private.no.profit,with.insurance,white
2018HU0112706,5,1,51080,3,0_9,f,unemployed,same.house,i.75000.99999,us.born,married,no.schooling,without.disability,self.employed.no.corp,with.insurance,two.
2018HU0113282,5,1,59303,3,0_9,f,civilian.employed,same.house,i.0.9999,us.born,never,no.schooling,without.disability,not.working,with.insurance,white
2018HU0113282,5,1,51080,3,70_79,f,civilian.employed,diff.us.house,i.0.9999,us.born,married,no.schooling,without.disability,private.profit,with.insurance,white
2018HU0113282,5,1,59303,3,20_29,f,not.in.labor.force,same.house,i.0.9999,us.born,married,no.schooling,without.disability,not.working,with.insurance,white
2018HU0113282,5,1,51040,3,50_59,m,civilian.employed,same.house,i.0.9999,us.born,married,no.schooling,without.disability,not.working,with.insurance,white
2018HU0114133,5,1,51215,3,50_59,f,civilian.employed,diff.us.house,i.75000.99999,us.born,never,no.schooling,without.disability,private.profit,with.insurance,white
2018HU0114133,5,1,51105,3,50_59,f,civilian.employed,diff.us.house,i.0.9999,naturalization,never,no.schooling,without.disability,private.profit,with.insurance,white
2018HU0115560,5,1,51105,3,40_49,m,civilian.employed,same.house,i.0.9999,us.born,never,no.schooling,without.disability,not.working,with.insurance,white
2018HU0115560,5,1,51096,3,30_39,f,civilian.employed,same.house,i.50000.64999,abroad.born,separated,no.schooling,without.disability,local,with.insurance,white
2018HU0115560,5,1,51080,3,60_69,f,not.in.labor.force,diff.us.house,i.0.9999,naturalization,never,no.schooling,without.disability,self.employed.no.corp,with.insurance,white
2018HU0116915,5,1,51125,3,20_29,m,civilian.employed,same.house,i.0.9999,us.born,divorced,private,without.disability,self.employed.corp,with.insurance,white
2018HU0116915,5,1,59303,3,60_69,f,civilian.employed,same.house,i.0.9999,us.born,married,public,without.disability,private.profit,with.insurance,white
2018HU0117226,5,1,51105,3,50_59,m,not.in.labor.force,same.house,i.50000.64999,us.born,never,no.schooling,without.disability,private.profit,with.insurance,white
2018HU0117226,5,1,59303,3,10_19,f,not.in.labor.force,same.house,i.75000.99999,us.born,married,no.schooling,with.disability,self.employed.no.corp,with.insurance,white
2018HU0117226,5,1,51110,3,30_39,f,civilian.employed,diff.us.house,i.0.9999,us.born,never,no.schooling,with.disability,private.profit,with.insurance,white
2018HU0117226,5,1,51186,3,80_89,m,not.in.labor.force,same.house,i.0.9999,naturalization,married,no.schooling,without.disability,private.profit,with.insurance,white
2018HU0118521,5,1,4101,3,10_19,m,not.in.labor.force,same.house,i.35000.49999,us.born,never,no.schooling,without.disability,not.working,with.insurance,white
2018HU0118521,5,1,51165,3,50_59,m,not.in.labor.force,diff.us.house,i.0.9999,us.born,never,no.schooling,without.disability,private.profit,with.insurance,white
2018HU0118521,5,1,55001,3,20_29,f,not.in.labor.force,diff.us.house,i.0.9999,not.citizen,divorced,no.schooling,without.disability,not.working,with.insurance,white
2018HU0118521,5,1,51125,3,40_49,m,not.in.labor.force,same.house,i.0.9999,us.born,never,no.schooling,without.disability,not.working,with.insurance,white
2018HU0122597,5,1,51235,3,10_19,f,not.in.labor.force,same.house,i.75000.99999,us.born,married,no.schooling,without.disability,not.working,with.insurance,white
2018HU0122597,5,1,51105,3,10_19,f,civilian.employed,same.house,i.0.9999,not.citizen,widowed,no.schooling,without.disability,private.profit,with.insurance,white
2018HU0123041,5,1,51084,3,70_79,m,civilian.employed,same.house,i.65000.74999,us.born,divorced,no.schooling,without.disability,private.no.profit,without.insurance,white
2018HU0124377,5,1,51105,3,20_29,f,civilian.employed,abroad.house,i.15000.24999,us.born,never,no.schooling,without.disability,not.working,with.insurance,white
2018HU0124630,5,1,51090,3,20_29,m,not.in.labor.force,abroad.house,i.0.9999,us.born,married,no.schooling,without.disability,private.no.profit,with.insurance,white
2018HU0124630,5,1,51155,3,60_69,f,civilian.employed,same.house,i.75000.99999,us.born,divorced,no.schooling,without.disability,self.employed.no.corp,with.insurance,white
2018HU0124630,5,1,51154,3,0_9,f,civilian.employed,same.house,i.50000.64999,us.born,never,no.schooling,without.disability,not.working,with.insurance,white
2018HU0126563,5,1,51246,3,50_59,f,civilian.employed,same.house,i.0.9999,us.born,married,no.schooling,with.disability,local,with.insurance,white
2018HU0126563,5,1,51235,3,60_69,m,not.in.labor.force,same.house,i.0.9999,us.born,never,no.schooling,without.disability,not.working,with.insurance,white
2018HU0126563,5,1,51105,3,40_49,m,civilian.employed,diff.us.house,i.0.9999,us.born,married,no.schooling,without.disability,federal,with.insurance,white
2018HU0126563,5,1,51110,3,30_39,f,not.in.labor.force,same.house,i.0.9999,us.born,married,no.schooling,without.disability,self.employed.corp,with.insurance,white
2018HU0126563,5,1,51089,3,20_29,m,not.in.labor.force,same.house,i.0.9999,us.born,never,no.schooling,without.disability,self.employed.corp,with.insurance,white
2018HU0126563,5,1,51080,3,50_59,f,not.in.labor.force,abroad.house,i.0.9999,us.born,never,private,without.disability,private.profit,with.insurance,white
2018HU0126563,5,1,51096,3,30_39,f,not.in.labor.force,same.house,i.0.9999,us.born,divorced,no.schooling,without.disability,not.working,with.insurance,white
2018HU0128675,5,1,51110,3,40_49,m,civilian.employed,same.house,i.0.9999,us.born,widowed,no.schooling,without.disability,self.employed.corp,with.insurance,white
2018HU0130766,5,1,51010,3,30_39,f,civilian.employed,diff.us.house,i.0.9999,us.born,divorced,no.schooling,without.disability,not.working,with.insurance,white
2018HU0130766,5,1,4102,3,0_9,m,civilian.employed,same.house,i.65000.74999,puerto.rico.born,married,no.schooling,without.disability,private.profit,with.insurance,white
2018HU0130766,5,1,51125,3,30_39,f,civilian.employed,same.house,i.0.9999,us.born,married,no.schooling,without.disability,not.working,with.insurance,white
2018HU0130766,5,1,51110,3,50_59,m,not.in.labor.force,same.house,i.50000.64999,us.born,never,no.schooling,without.disability,not.working,with.insurance,asian
2018HU0131067,5,1,59303,3,50_59,m,civilian.employed,same.house,i.75000.99999,us.born,widowed,no.schooling,without.disability,private.profit,with.insurance,white
2018HU0131067,5,1,51040,3,30_39,f,not.in.labor.force,diff.us.house,i.0.9999,us.born,never,no.schooling,without.disability,not.working,with.insurance,white
2018HU0135952,5,1,51040,3,30_39,f,civilian.employed,same.house,i.0.9999,not.citizen,divorced,no.schooling,without.disability,private.profit,with.insurance,white
2018HU0135952,5,1,55002,3,50_59,f,not.in.labor.force,same.house,i.0.9999,us.born,never,private,without.disability,not.working,with.insurance,white
2018HU0138918,5,1,51105,3,50_59,f,not.in.labor.force,same.house,i.50000.64999,naturalization,never,no.schooling,without.disability,not.working,with.insurance,two.
2018HU0142823,5,1,1301,3,70_79,f,unemployed,same.house,i.0.9999,us.born,never,no.schooling,without.disability,federal,with.insurance,white
2018HU0142823,5,1,51010,3,30_39,m,civilian.employed,same.house,i.50000.64999,us.born,never,no.schooling,without.disability,not.working,with.insurance,white
2018HU0142823,5,1,51154,3,50_59,m,not.in.labor.force,diff.us.house,i.75000.99999,not.citizen,married,no.schooling,without.disability,federal,with.insurance,white
2018HU0144029,5,1,51105,3,50_59,f,civilian.employed,same.house,i.25000.34999,us.born,married,no.schooling,without.disability,private.no.profit,with.insurance,white
2018HU0144029,5,1,51105,3,0_9,m,civilian.employed,same.house,i.0.9999,us.born,never,no.schooling,without.disability,not.working,with.insurance,white
2018HU0144029,5,1,51206,3,20_29,f,civilian.employed,diff.us.house,i.0.9999,us.born,divorced,no.schooling,without.disability,self.employed.no.corp,with.insurance,white
2018HU0144115,5,1,51167,3,50_59,m,civilian.employed,diff.us.house,i.65000.74999,not.citizen,married,no.schooling,without.disability,private.no.profit,with.insurance,white
2018HU0144115,5,1,51105,3,30_39,f,not.in.labor.force,same.house,i.75000.99999,us.born,divorced,private,without.disability,not.working,with.insurance,black
2018HU0144115,5,1,59303,3,0_9,f,civilian.employed,same.house,i.0.9999,us.born,never,no.schooling,without.disability,not.working,with.insurance,white
2018HU0150995,5,1,51040,3,60_69,f,civilian.employed,diff.us.house,i.50000.64999,us.born,never,no.schooling,without.disability,private.profit,with.insurance,white
2018HU0152851,5,1,51186,3,40_49,m,civilian.employed,same.house,i.0.9999,us.born,married,no.schooling,without.disability,private.profit,with.insurance,white
2018HU0152851,5,1,51145,3,50_59,m,not.in.labor.force,same.house,i.75000.99999,us.born,married,no.schooling,without.disability,not.working,with.insurance,white
2018HU0152951,5,1,51110,3,40_49,f,civilian.employed,same.house,i.0.9999,naturalization,never,no.schooling,without.disability,self.employed.corp,with.insurance,white
2018HU0152951,5,1,51105,3,20_29,f,civilian.employed,same.house,i.75000.99999,us.born,widowed,no.schooling,with.disability,private.profit,with.insurance,white
2018HU0153291,5,1,51040,3,80_89,f,civilian.employed,same.house,i.0.9999,us.born,never,no.schooling,without.disability,private.no.profit,with.insurance,white
2018HU0153291,5,1,51246,3,40_49,f,not.in.labor.force,same.house,i.50000.64999,naturalization,married,no.schooling,without.disability,not.working,with.insurance,white
2018HU0153291,5,1,51135,3,0_9,f,civilian.employed,same.house,i.75000.99999,us.born,married,no.schooling,without.disability,not.working,with.insurance,white
2018HU0153291,5,1,51135,3,10_19,f,not.in.labor.force,same.house,i.75000.99999,us.born,married,no.schooling,without.disability,not.working,with.insurance,white
2018HU0154650,5,1,51095,3,50_59,m,civilian.employed,diff.us.house,i.75000.99999,us.born,never,no.schooling,without.disability,not.working,with.insurance,white
2018HU0154650,5,1,51090,3,20_29,f,not.in.labor.force,same.house,i.75000.99999,us.born,married,no.schooling,without.disability,private.profit,with.insurance,asian
2018HU0154650,5,1,51154,3,40_49,f,not.in.labor.force,same.house,i.0.9999,us.born,married,no.schooling,with.disability,private.profit,with.insurance,black
2018HU0154650,5,1,51090,3,30_39,m,not.in.labor.force,same.house,i.0.9999,us.born,married,no.schooling,without.disability,private.profit,with.insurance,white
2018HU0154650,5,1,51155,3,50_59,f,civilian.employed,same.house,i.0.9999,puerto.rico.born,married,no.schooling,without.disability,private.profit,with.insurance,white
2018HU0154834,5,1,51154,3,50_59,f,not.in.labor.force,same.house,i.0.9999,us.born,married,public,without.disability,not.working,with.insurance,white
2018HU0154834,5,1,51186,3,80_89,f,civilian.employed,same.house,i.75000.99999,us.born,married,no.schooling,without.disability,self.employed.corp,with.insurance,white
2018HU0154834,5,1,51105,3,40_49,f,civilian.employed,same.house,i.0.9999,us.born,married,no.schooling,without.disability,private.profit,with.insurance,white
2018HU0158619,5,1,51154,3,0_9,f,not.in.labor.force,same.house,i.75000.99999,us.born,married,no.schooling,without.disability,not.working,with.insurance,asian
2018HU0158849,5,1,51096,3,10_19,f,not.in.labor.force,same.house,i.0.9999,us.born,married,public,without.disability,not.working,with.insurance,other
2018HU0158849,5,1,51186,3,0_9,m,not.in.labor.force,same.house,i.0.9999,us.born,separated,no.schooling,without.disability,private.profit,with.insurance,white
2018HU0163594,5,1,51135,3,60_69,m,not.in.labor.force,same.house,i.0.9999,naturalization,never,public,without.disability,self.employed.corp,with.insurance,white
2018HU0163594,5,1,51095,3,50_59,f,civilian.employed,same.house,i.75000.99999,us.born,divorced,no.schooling,without.disability,private.profit,with.insurance,white
2018HU0163594,5,1,55002,3,30_39,f,not.in.labor.force,same.house,i.0.9999,us.born,married,no.schooling,without.disability,private.profit,with.insurance,white
2018HU0167157,5,1,51040,3,60_69,f,civilian.employed,same.house,i.0.9999,us.born,married,no.schooling,without.disability,private.profit,with.insurance,white
2018HU0167157,5,1,51097,3,60_69,f,civilian.employed,abroad.house,i.0.9999,us.born,married,public,without.disability,private.profit,with.insurance,white
2018HU0167157,5,1,51090,3,40_49,f,civilian.employed,same.house,i.25000.34999,abroad.born,married,no.schooling,without.disability,private.no.profit,with.insurance,white
2018HU0167157,5,1,51010,3,60_69,f,civilian.employed,same.house,i.0.9999,us.born,never,no.schooling,without.disability,private.profit,with.insurance,white
2018HU0167249,5,1,51135,3,60_69,f,civilian.employed,same.house,i.65000.74999,naturalization,never,no.schooling,without.disability,not.working,with.insurance,black
2018HU0167249,5,1,51090,3,20_29,f,civilian.employed,same.house,i.0.9999,not.citizen,married,no.schooling,without.disability,self.employed.corp,with.insurance,white
2018HU0167249,5,1,51235,3,60_69,m,not.in.labor.force,same.house,i.0.9999,naturalization,married,no.schooling,without.disability,local,with.insurance,asian
2018HU0176572,5,1,51044,3,70_79,m,civilian.employed,same.house,i.75000.99999,not.citizen,divorced,no.schooling,without.disability,not.working,with.insurance,asian
2018HU0176572,5,1,51225,3,20_29,f,not.in.labor.force,same.house,i.65000.74999,naturalization,married,no.schooling,without.disability,not.working,with.insurance,white
2018HU0176572,5,1,51154,3,40_49,m,civilian.employed,same.house,i.75000.99999,us.born,married,no.schooling,without.disability,not.working,with.insurance,white
2018HU0176572,5,1,51045,3,60_69,f,not.in.labor.force,diff.us.house,i.0.9999,us.born,separated,no.schooling,without.disability,private.profit,with.insurance,white
2018HU0179228,5,1,51154,3,30_39,f,civilian.employed,same.house,i.50000.64999,us.born,married,no.schooling,without.disability,private.profit,with.insurance,white
2018HU0179228,5,1,51215,3,70_79,m,civilian.employed,same.house,i.25000.34999,naturalization,never,no.schooling,without.disability,not.working,with.insurance,asian
2018HU0179228,5,1,51085,3,20_29,f,not.in.labor.force,same.house,i.0.9999,us.born,divorced,no.schooling,without.disability,not.working,with.insurance,white
2018HU0180635,5,1,51020,3,0_9,f,civilian.employed,same.house,i.0.9999,abroad.born,never,no.schooling,without.disability,local,with.insurance,white
2018HU0180635,5,1,51215,3,30_39,f,civilian.employed,same.house,i.75000.99999,us.born,married,no.schooling,with.disability,self.employed.corp,with.insurance,asian
2018HU0183906,5,1,51087,3,10_19,f,civilian.employed,same.house,i.50000.64999,us.born,divorced,public,without.disability,private.profit,with.insurance,white
2018HU0185831,5,1,51186,3,30_39,f,civilian.employed,same.house,i.75000.99999,abroad.born,divorced,no.schooling,without.disability,not.working,with.insurance,white
2018HU0185831,5,1,51167,3,30_39,f,civilian.employed,same.house,i.0.9999,us.born,divorced,no.schooling,without.disability,private.profit,with.insurance,white
2018HU0185831,5,1,51125,3,60_69,m,not.in.labor.force,same.house,i.0.9999,us.born,married,no.schooling,without.disability,private.profit,with.insurance,white
2018HU0185831,5,1,51165,3,10_19,f,civilian.employed,same.house,i.75000.99999,us.born,never,no.schooling,without.disability,not.working,with.insurance,white
2018HU0187154,5,1,51097,3,40_49,f,civilian.employed,same.house,i.0.9999,us.born,separated,no.schooling,without.disability,not.working,with.insurance,white
2018HU0187154,5,1,51097,3,20_29,f,civilian.employed,same.house,i.0.9999,us.born,widowed,no.schooling,without.disability,private.profit,with.insurance,white
2018HU0187154,5,1,51175,3,70_79,f,civilian.employed,same.house,i.75000.99999,us.born,married,public,without.disability,self.employed.corp,with.insurance,asian
2018HU0187154,5,1,59303,3,20_29,m,civilian.employed,same.house,i.0.9999,us.born,never,no.schooling,without.disability,federal,with.insurance,white
2018HU0187154,5,1,51154,3,50_59,f,not.in.labor.force,same.house,i.75000.99999,naturalization,never,no.schooling,without.disability,not.working,with.insurance,white
2018HU0187154,5,1,51154,3,70_79,f,civilian.employed,diff.us.house,i.0.9999,us.born,married,no.schooling,without.disability,not.working,with.insurance,white
2018HU0187154,5,1,51044,3,50_59,f,not.in.labor.force,diff.us.house,i.75000.99999,us.born,married,no.schooling,without.disability,private.profit,with.insurance,white
2018HU0188291,5,1,51154,3,0_9,f,civilian.employed,same.house,i.0.9999,us.born,never,no.schooling,without.disability,not.working,with.insurance,black
2018HU0188291,5,1,51105,3,40_49,f,civilian.employed,same.house,i.0.9999,us.born,widowed,no.schooling,without.disability,self.employed.no.corp,with.insurance,two.
2018HU0188291,5,1,51089,3,70_79,m,civilian.employed,same.house,i.35000.49999,us.born,divorced,no.schooling,without.disability,not.working,with.insurance,white
2018HU0188291,5,1,59303,3,50_59,f,civilian.employed,same.house,i.65000.74999,us.born,married,no.schooling,without.disability,private.profit,with.insurance,two.
2018HU0188291,5,1,59303,3,30_39,f,civilian.employed,same.house,i.0.9999,us.born,never,no.schooling,without.disability,private.profit,with.insurance,white
2018HU0189153,5,1,51105,3,30_39,m,civilian.employed,same.house,i.0.9999,not.citizen,married,no.schooling,with.disability,private.profit,with.insurance,white
2018HU0189153,5,1,51125,3,60_69,f,civilian.employed,same.house,i.0.9999,not.citizen,divorced,no.schooling,without.disability,not.working,with.insurance,white
2018HU0189153,5,1,51020,3,70_79,f,civilian.employed,same.house,i.75000.99999,us.born,never,no.schooling,without.disability,not.working,with.insurance,white
2018HU0189153,5,1,51044,3,20_29,m,not.in.labor.force,same.house,i.50000.64999,us.born,married,no.schooling,without.disability,private.profit,with.insurance,white
2018HU0192638,5,1,51125,3,40_49,f,civilian.employed,same.house,i.0.9999,naturalization,divorced,no.schooling,without.disability,private.no.profit,with.insurance,asian
2018HU0195144,5,1,51010,3,40_49,m,not.in.labor.force,same.house,i.0.9999,us.born,married,no.schooling,without.disability,not.working,with.insurance,white
2018HU0195144,5,1,51090,3,40_49,f,civilian.employed,same.house,i.0.9999,us.born,never,no.schooling,without.disability,self.employed.corp,with.insurance,white
2018HU0195791,5,1,51115,3,30_39,f,not.in.labor.force,same.house,i.25000.34999,naturalization,married,no.schooling,without.disability,self.employed.corp,with.insurance,white
2018HU0195791,5,1,51225,3,40_49,f,civilian.employed,diff.us.house,i.0.9999,abroad.born,never,no.schooling,without.disability,not.working,with.insurance,white
2018HU0195791,5,1,51096,3,80_89,f,civilian.employed,same.house,i.75000.99999,us.born,married,no.schooling,without.disability,private.profit,with.insurance,white
2018HU0195952,5,1,51090,3,70_79,m,civilian.employed,diff.us.house,i.0.9999,us.born,divorced,no.schooling,without.disability,self.employed.corp,with.insurance,white
2018HU0195952,5,1,51245,3,50_59,f,not.in.labor.force,same.house,i.0.9999,us.born,divorced,no.schooling,without.disability,self.employed.corp,with.insurance,white
2018HU0195952,5,1,51154,3,60_69,f,not.in.labor.force,same.house,i.0.9999,us.born,married,no.schooling,without.disability,not.working,with.insurance,asian
2018HU0196882,5,1,51044,3,20_29,f,not.in.labor.force,diff.us.house,i.0.9999,abroad.born,never,public,without.disability,local,with.insurance,black
2018HU0196882,5,1,51090,3,60_69,m,civilian.employed,same.house,i.0.9999,us.born,married,no.schooling,without.disability,private.no.profit,with.insurance,white
2018HU0197345,5,1,51080,3,60_69,m,civilian.employed,same.house,i.75000.99999,us.born,separated,no.schooling,without.disability,not.working,with.insurance,white
2018HU0197345,5,1,51097,3,40_49,f,not.in.labor.force,same.house,i.75000.99999,us.born,married,no.schooling,without.disability,private.no.profit,without.insurance,white
2018HU0197863,5,1,51040,3,50_59,m,civilian.employed,diff.us.house,i.0.9999,abroad.born,never,no.schooling,without.disability,not.working,with.insurance,white
2018HU0197863,5,1,51105,3,40_49,f,civilian.employed,same.house,i.75000.99999,naturalization,married,no.schooling,without.disability,private.profit,with.insurance,white
2018HU0197863,5,1,51010,3,40_49,m,unemployed,same.house,i.65000.74999,us.born,divorced,no.schooling,without.disability,private.profit,with.insurance,white
2018HU0197863,5,1,51105,3,40_49,f,not.in.labor.force,same.house,i.0.9999,us.born,never,private,without.disability,not.working,with.insurance,white
2018HU0198382,5,1,51045,3,10_19,f,not.in.labor.force,same.house,i.0.9999,naturalization,divorced,no.schooling,without.disability,private.no.profit,with.insurance,white
2018HU0198382,5,1,51084,3,60_69,m,civilian.employed,same.house,i.75000.99999,not.citizen,married,no.schooling,without.disability,not.working,with.insurance,white
2018HU0198382,5,1,51186,3,20_29,m,civilian.employed,same.house,i.75000.99999,us.born,separated,no.schooling,without.disability,not.working,with.insurance,white
2018HU0198433,5,1,51135,3,40_49,m,civilian.employed,same.house,i.75000.99999,us.born,never,no.schooling,without.disability,private.profit,with.insurance,white
2018HU0198433,5,1,51154,3,60_69,m,civilian.employed,same.house,i.50000.64999,us.born,never,no.schooling,without.disability,self.employed.corp,with.insurance,white
2018HU0198433,5,1,51084,3,80_89,f,civilian.employed,same.house,i.0.9999,us.born,divorced,no.schooling,without.disability,private.no.profit,with.insurance,white
2018HU0198801,5,1,51010,3,40_49,f,civilian.employed,same.house,i.0.9999,us.born,never,public,without.disability,not.working,with.insurance,white
2018HU0198801,5,1,51044,3,20_29,f,not.in.labor.force,same.house,i.0.9999,naturalization,married,no.schooling,with.disability,not.working,with.insurance,white
2018HU0200758,5,1,51175,3,50_59,f,civilian.employed,same.house,i.10000.14999,us.born,divorced,no.schooling,without.disability,not.working,with.insurance,white
2018HU0200758,5,1,55002,3,70_79,m,not.in.labor.force,same.house,i.0.9999,us.born,never,no.schooling,without.disability,not.working,with.insurance,white
2018HU0200758,5,1,51155,3,10_19,m,not.in.labor.force,same.house,i.0.9999,us.born,never,no.schooling,without.disability,not.working,with.insurance,white
2018HU0204606,5,1,51154,3,40_49,m,not.in.labor.force,same.house,i.0.9999,us.born,married,no.schooling,without.disability,not.working,with.insurance,black
2018HU0204606,5,1,51084,3,40_49,f,not.in.labor.force,same.house,i.50000.64999,us.born,never,no.schooling,without.disability,not.working,with.insurance,white
2018HU0204606,5,1,51044,3,60_69,f,civilian.employed,same.house,i.75000.99999,us.born,divorced,no.schooling,without.disability,self.employed.no.corp,with.insurance,two.
2018HU0205183,5,1,51105,3,50_59,f,civilian.employed,same.house,i.0.9999,us.born,never,no.schooling,without.disability,private.profit,with.insurance,white
2018HU0205183,5,1,51175,3,60_69,f,not.in.labor.force,same.house,i.65000.74999,us.born,separated,no.schooling,without.disability,private.profit,with.insurance,asian
2018HU0207211,5,1,51154,3,70_79,f,not.in.labor.force,same.house,i.75000.99999,us.born,married,no.schooling,with.disability,not.working,with.insurance,white
2018HU0207211,5,1,51105,3,0_9,m,civilian.employed,diff.us.house,i.0.9999,us.born,never,no.schooling,without.disability,not.working,with.insurance,white
2018HU0207250,5,1,4102,3,50_59,f,not.in.labor.force,same.house,i.65000.74999,us.born,never,no.schooling,without.disability,private.no.profit,with.insurance,asian
2018HU0210145,5,1,51115,3,30_39,m,civilian.employed,same.house,i.0.9999,us.born,divorced,no.schooling,without.disability,private.profit,with.insurance,white
2018HU0210145,5,1,51097,3,0_9,f,not.in.labor.force,same.house,i.75000.99999,us.born,never,no.schooling,without.disability,self.employed.corp,with.insurance,white
2018HU0210145,5,1,51090,3,50_59,f,civilian.employed,diff.us.house,i.75000.99999,us.born,divorced,no.schooling,without.disability,local,with.insurance,asian
2018HU0210145,5,1,51105,3,50_59,m,civilian.employed,same.house,i.0.9999,us.born,married,no.schooling,without.disability,not.working,with.insurance,white
2018HU0210457,5,1,51165,3,50_59,m,not.in.labor.force,same.house,i.75000.99999,us.born,married,no.schooling,without.disability,not.working,with.insurance,white
2018HU0210457,5,1,51096,3,50_59,m,not.in.labor.force,same.house,i.50000.64999,us.born,married,no.schooling,without.disability,private.profit,with.insurance,white
2018HU0211238,5,1,51090,3,60_69,m,civilian.employed,same.house,i.75000.99999,us.born,never,no.schooling,without.disability,local,with.insurance,white
2018HU0211238,5,1,51110,3,50_59,f,civilian.employed,same.house,i.0.9999,us.born,married,public,without.disability,self.employed.no.corp,with.insurance,white
2018HU0211704,5,1,51097,3,50_59,m,civilian.employed,same.house,i.0.9999,us.born,married,no.schooling,without.disability,not.working,without.insurance,white
2018HU0211704,5,1,51087,3,40_49,m,civilian.employed,same.house,i.0.9999,us.born,married,public,without.disability,private.profit,with.insurance,white
2018HU0211704,5,1,51246,3,60_69,m,not.in.labor.force,diff.us.house,i.10000.14999,us.born,never,no.schooling,without.disability,not.working,with.insurance,asian
2018HU0211704,5,1,51110,3,0_9,f,civilian.employed,same.house,i.75000.99999,us.born,never,public,with.disability,federal,with.insurance,white
2018HU0216387,5,1,51096,3,70_79,m,not.in.labor.force,same.house,i.50000.64999,us.born,never,no.schooling,without.disability,not.working,with.insurance,asian
2018HU0216387,5,1,51145,3,50_59,f,civilian.employed,diff.us.house,i.0.9999,naturalization,separated,no.schooling,without.disability,federal,with.insurance,white
