PPSORT,CMA,AGE,SEX,RACE
79737,933,a0_4,f,eo_weo_Dutch
901009,933,a15_19,f,ao
179132,933,a20_24,m,ao_sao_ei
46534,933,a45_49,f,ao
359252,933,a50_54,f,onao_Canadian
518428,933,a5_9,m,onao_Canadian
216158,933,a20_24,m,eo_bio_Irish
574968,933,a80_84,m,eo_weo_German
899521,933,a80_84,f,ao_osao
885033,933,a50_54,m,onao_Canadian
813896,933,a45_49,f,eo_bio_Irish
322371,933,a30_34,m,ao_osao
416740,933,a20_24,m,naao
57672,933,a15_19,m,onao_Canadian
926184,933,a50_54,f,ao_esao_Chinese
455975,933,a45_49,m,ao_wcameo
922622,933,a45_49,f,ao_esao_Chinese
65698,933,a55_59,m,eo_weo_German
413182,933,a65_69,m,eo_bio_Scottish
628915,933,a20_24,f,ao_sao_ei
704848,933,a5_9,m,ao_oesao
836425,933,a35_39,f,ao_esao_Chinese
544618,933,a45_49,m,onao_Canadian
325505,933,a55_59,f,eo_bio_English
612542,933,a15_19,f,ao
581173,933,a60_64,m,eo_bio_Irish
135261,933,a50_54,f,ao_esao_Chinese
193058,933,a5_9,f,ao_wcameo
822005,933,a15_19,f,ao_esao_Filipino
528783,933,a15_19,m,ao_esao_Chinese
782648,933,a35_39,f,eo_bio_Irish
380191,933,a20_24,f,oo
521243,933,a65_69,f,eo_eeo_Polish
101773,933,a45_49,m,eo_weo_German
710817,933,a60_64,m,eo_eeo_Ukrainian
789160,933,a10_14,m,oo
613428,933,a5_9,m,eo_oseo
401141,933,a0_4,f,onao_Canadian
201155,933,a45_49,m,eo_fo
442972,933,a50_54,m,eo_bio_English
786368,933,a5_9,m,eo_eeo_Russian
567450,933,a50_54,m,eo_weo_Dutch
528667,933,a35_39,m,ao_esao_Filipino
674438,933,a60_64,f,eo_weo_German
610759,933,a30_34,m,ao_esao_Chinese
667610,933,a0_4,f,eo_bio_English
573221,933,a45_49,f,ao_esao_Chinese
315187,933,a15_19,f,eo_bio_Irish
108977,933,a40_44,m,ao_esao_Filipino
797238,933,a85_,m,eo_weo_German
907179,933,a50_54,f,ao_wcameo
582364,933,a50_54,m,ao
927835,933,a70_74,f,eo_seo_Italian
899673,933,a15_19,f,eo_bio_English
723853,933,a0_4,f,eo_oseo
513963,933,a40_44,m,eo_bio_English
784428,933,a15_19,f,onao_Canadian
733049,933,a30_34,m,eo_weo_German
501322,933,a5_9,f,ao_osao
547960,933,a5_9,f,ao_wcameo
400949,933,a35_39,f,ao_sao_ei
328245,933,a30_34,m,ao_esao_Chinese
364685,933,a45_49,m,eo_eeo_Ukrainian
188824,933,a20_24,f,onao_Canadian
864335,933,a65_69,f,ao_oesao
709103,933,a55_59,f,eo_neo
280105,933,a50_54,m,eo_bio_Irish
520977,933,a35_39,f,ao_esao_Filipino
602015,933,a45_49,f,eo_neo
553876,933,a65_69,m,eo_bio_Scottish
779622,933,a60_64,m,ao_osao
194039,933,a60_64,m,onao_Canadian
564576,933,a70_74,f,eo_eeo_Ukrainian
428752,933,a15_19,f,ao_oesao
538103,933,a15_19,f,ao_esao_Filipino
58010,933,a15_19,f,ao
166127,933,a50_54,f,ao_esao_Chinese
576619,933,a50_54,m,eo_fo
444572,933,a20_24,f,ao_esao_Chinese
351120,933,a30_34,m,eo_eeo_Ukrainian
573434,933,a75_79,m,eo_weo_German
651688,933,a15_19,f,eo_bio_Scottish
232999,933,a15_19,m,ao_esao_Filipino
219764,933,a5_9,m,ao_sao_ei
924454,933,a0_4,m,ao_esao_Chinese
190176,933,a40_44,f,ao_sao_ei
144618,933,a70_74,m,eo_bio_Scottish
638026,933,a10_14,f,eo_seo_Greek
360835,933,a35_39,f,ao_sao_ei
888202,933,a45_49,m,eo_bio_English
121988,933,a25_29,m,eo_weo_German
895734,933,a35_39,f,ao_esao_Chinese
886123,933,a55_59,m,eo_bio_Irish
196811,933,a55_59,f,eo_fo
460002,933,a5_9,m,ao_osao
105462,933,a15_19,f,ao_oesao
504924,933,a35_39,f,onao_Canadian
765470,933,a35_39,m,eo_bio_Irish
295501,933,a60_64,m,onao_Canadian
362424,933,a60_64,m,eo_seo_Italian
598402,933,a15_19,f,ao_esao_Chinese
702713,933,a25_29,m,eo_weo_Dutch
165320,933,a45_49,m,ao_esao_Chinese
729291,933,a0_4,f,ao_sao_ei
555266,933,a20_24,f,ao_esao_Chinese
429106,933,a70_74,m,eo_bio_English
722808,933,a15_19,m,eo_oseo
468893,933,a10_14,m,ao_sao_ei
66582,933,a10_14,f,ao_wcameo
646881,933,a70_74,m,ao_esao_Chinese
6804,933,a35_39,m,ao_sao_ei
260600,933,a15_19,m,onao_Canadian
599306,933,a10_14,m,onao_Canadian
651638,933,a0_4,f,ao_esao_Chinese
769155,933,a5_9,f,ao_osao
56995,933,a65_69,m,eo_bio_English
913799,933,a50_54,f,eo_weo_Dutch
202032,933,a50_54,f,ao
907276,933,a50_54,f,eo_bio_English
907285,933,a45_49,f,ao_oesao
795311,933,a0_4,f,onao_Canadian
921944,933,a50_54,m,eo_eeo_Polish
110223,933,a75_79,f,eo_weo_Dutch
724614,933,a10_14,m,eo_bio_Scottish
107044,933,a30_34,f,onao_Canadian
859130,933,a5_9,m,onao_Canadian
540190,933,a10_14,m,ao_sao_ei
220590,933,a40_44,f,eo_weo_German
581623,933,a40_44,m,eo_fo
566964,933,a25_29,m,ao_esao_Chinese
882959,933,a15_19,f,ao_esao_Chinese
707404,933,a55_59,f,eo_weo_German
414611,933,a20_24,m,eo_weo_Dutch
881674,933,a35_39,m,ao_osao
220946,933,a20_24,m,ao_osao
437472,933,a30_34,m,onao_Canadian
279870,933,a80_84,m,eo_seo_Italian
890233,933,a30_34,m,onao_Canadian
663775,933,a20_24,m,onao_Canadian
678782,933,a75_79,f,eo_weo_Dutch
437073,933,a5_9,f,eo_weo_German
697527,933,a50_54,m,eo_seo_Italian
155900,933,a20_24,m,ao_esao_Chinese
429073,933,a25_29,f,ao_oesao
40453,933,a65_69,f,eo_bio_English
549090,933,a45_49,m,eo_weo_German
50286,933,a50_54,m,eo_weo_Dutch
488395,933,a20_24,f,eo_weo_German
289850,933,a45_49,f,eo_fo
204896,933,a35_39,f,onao_Canadian
770090,933,a40_44,f,ao_esao_Chinese
380096,933,a55_59,m,onao_Canadian
629945,933,a5_9,m,onao_Canadian
855455,933,a15_19,f,ao_esao_Filipino
367719,933,a45_49,m,ao_sao_ei
369162,933,a40_44,m,eo_oseo
666976,933,a65_69,f,eo_bio_English
229435,933,a40_44,m,eo_oseo
821163,933,a40_44,f,onao_Canadian
204752,933,a45_49,m,eo_eeo_Ukrainian
197940,933,a45_49,f,onao_Canadian
562773,933,a30_34,m,eo_eeo_Polish
461777,933,a55_59,f,onao_Canadian
801400,933,a40_44,f,onao_Canadian
738365,933,a10_14,m,ao_sao_ei
771654,933,a10_14,f,eo_bio_English
338259,933,a45_49,m,ao_oesao
862630,933,a55_59,f,eo_weo_German
647134,933,a55_59,m,onao_Canadian
524206,933,a50_54,f,eo_seo_Greek
916825,933,a30_34,f,ao
172224,933,a40_44,m,naao
892886,933,a50_54,m,eo_weo_Dutch
383729,933,a10_14,m,onao_Canadian
30202,933,a40_44,m,eo_weo_German
565148,933,a0_4,m,ao_sao_ei
531489,933,a10_14,f,eo_bio_English
435399,933,a5_9,f,eo_weo_Dutch
396811,933,a50_54,f,eo_bio_Scottish
525624,933,a55_59,m,ao_esao_Chinese
593912,933,a65_69,m,onao_Canadian
345621,933,a10_14,f,ao_osao
689966,933,a40_44,m,ao_oesao
349383,933,a0_4,f,ao_esao_Chinese
5856,933,a35_39,m,eo_seo_Greek
471470,933,a45_49,m,eo_weo_German
358548,933,a80_84,f,eo_eeo_Ukrainian
673771,933,a60_64,f,eo_weo_Dutch
170605,933,a85_,m,eo_bio_Scottish
724135,933,a55_59,m,oco
166941,933,a55_59,f,ao_esao_Filipino
816272,933,a65_69,f,ao_esao_Chinese
475182,933,a55_59,f,ao_esao_Chinese
564594,933,a15_19,f,eo_seo_Spanish
163679,933,a25_29,f,eo_bio_English
891196,933,a45_49,m,eo_fo
889451,933,a85_,f,eo_bio_Scottish
632106,933,a50_54,f,ao_esao_Chinese
336940,933,a45_49,m,eo_bio_Scottish
926529,933,a25_29,f,ao_sao_ei
234145,933,a30_34,f,naao
544131,933,a35_39,f,ao_esao_Filipino
578106,933,a40_44,m,eo_weo_German
505895,933,a65_69,f,eo_bio_English
77505,933,a40_44,m,eo_bio_Scottish
41479,933,a30_34,m,onao_Canadian
215076,933,a0_4,m,eo_weo_German
159924,933,a55_59,m,eo_neo
331558,933,a10_14,m,eo_bio_English
304349,933,a45_49,f,ao_esao_Chinese
116398,933,a45_49,f,eo_seo_Greek
518447,933,a15_19,m,ao_sao_ei
587653,933,a25_29,f,eo_bio_Irish
721914,933,a20_24,m,onao_Canadian
677281,933,a45_49,f,ao_sao_ei
156162,933,a50_54,f,ao_sao_ei
726153,933,a10_14,f,onao_Canadian
269217,933,a35_39,m,onao_Canadian
135967,933,a30_34,f,eo_eeo_Polish
696375,933,a45_49,m,onao_Canadian
274310,933,a55_59,m,eo_weo_German
805104,933,a65_69,m,eo_bio_English
664749,933,a55_59,m,eo_bio_English
818902,933,a50_54,m,naao
869127,933,a45_49,m,eo_neo
918999,933,a55_59,m,eo_bio_English
826189,933,a55_59,m,ao_esao_Chinese
82588,933,a60_64,f,eo_bio_English
151587,933,a55_59,m,eo_bio_English
463638,933,a50_54,m,naao
916138,933,a75_79,m,eo_weo_Dutch
507579,933,a30_34,m,ao_sao_ei
884951,933,a0_4,m,ao_esao_Chinese
336974,933,a10_14,f,ao_sao_ei
382088,933,a0_4,f,onao_Canadian
809651,933,a10_14,m,onao_Canadian
783093,933,a5_9,m,ao_esao_Chinese
190222,933,a45_49,f,naao
110015,933,a5_9,m,eo_bio_English
331500,933,a10_14,m,onao_Canadian
364092,933,a45_49,m,eo_weo_German
479213,933,a45_49,f,ao_esao_Chinese
703437,933,a45_49,f,eo_seo_Italian
106770,933,a65_69,m,ao_sao_ei
834463,933,a70_74,f,onao_Canadian
601556,933,a55_59,m,eo_oweo
552024,933,a10_14,f,ao_sao_ei
258751,933,a45_49,m,onao_Canadian
309905,933,a5_9,m,onao_Canadian
719316,933,a5_9,m,ao_osao
467740,933,a50_54,f,eo_weo_German
207905,933,a5_9,f,ao_osao
326182,933,a50_54,m,eo_bio_Scottish
470121,933,a30_34,f,eo_bio_English
68633,933,a5_9,f,ao_wcameo
390147,933,a10_14,m,ao
599177,933,a30_34,f,ao_osao
449003,933,a0_4,f,eo_weo_Dutch
809513,933,a70_74,m,eo_bio_Scottish
145894,933,a55_59,m,eo_bio_Irish
111483,933,a0_4,f,onao_Canadian
506024,933,a75_79,m,eo_weo_German
192833,933,a45_49,m,eo_bio_Irish
67839,933,a60_64,f,eo_bio_English
928615,933,a10_14,m,ao_osao
23385,933,a35_39,f,eo_eeo_Polish
283266,933,a15_19,f,eo_weo_German
483908,933,a5_9,f,eo_neo
414356,933,a0_4,f,onao_Canadian
692162,933,a15_19,m,ao_sao_ei
364951,933,a0_4,m,eo_bio_English
549071,933,a45_49,f,ao_esao_Filipino
767497,933,a50_54,f,eo_eeo_Polish
397604,933,a35_39,m,eo_bio_Irish
132645,933,a40_44,f,eo_oeeo
821432,933,a0_4,f,ao_oesao
537050,933,a80_84,f,eo_seo_Greek
413148,933,a25_29,f,onao_Canadian
724285,933,a25_29,f,eo_weo_German
104817,933,a40_44,m,ao_sao_ei
715738,933,a50_54,f,ao_sao_ei
533673,933,a10_14,f,ao_esao_Chinese
818638,933,a30_34,f,ao_wcameo
923697,933,a15_19,m,onao_Canadian
627677,933,a45_49,m,eo_weo_German
452003,933,a20_24,m,onao_Canadian
138737,933,a10_14,m,eo_bio_English
889750,933,a55_59,m,eo_bio_Irish
410306,933,a75_79,f,eo_bio_English
103020,933,a5_9,f,onao_Canadian
870753,933,a5_9,m,onao_Canadian
116217,933,a10_14,m,ao
738868,933,a5_9,m,onao_Canadian
740693,933,a55_59,f,eo_weo_German
592880,933,a45_49,f,eo_fo
461691,933,a40_44,f,onao_Canadian
873563,933,a15_19,f,ao_esao_Chinese
823907,933,a5_9,m,ao_esao_Chinese
619975,933,a5_9,m,eo_bio_English
636255,933,a50_54,m,eo_weo_Dutch
25545,933,a40_44,m,ao_esao_Chinese
908640,933,a55_59,f,ao_sao_ei
159092,933,a0_4,f,ao_esao_Chinese
792747,933,a5_9,f,ao_sao_ei
888048,933,a85_,f,eo_weo_Dutch
523277,933,a40_44,m,eo_bio_English
265228,933,a5_9,f,onao_Canadian
223102,933,a5_9,m,onao_Canadian
788726,933,a0_4,m,eo_bio_Irish
170210,933,a45_49,m,eo_bio_Irish
444244,933,a30_34,m,eo_bio_Scottish
5005,933,a15_19,f,onao_Canadian
735875,933,a10_14,m,ao_esao_Chinese
181271,933,a25_29,f,onao_Canadian
5865,933,a55_59,f,ao_esao_Chinese
196837,933,a65_69,f,eo_bio_English
399192,933,a55_59,f,eo_fo
694240,933,a30_34,f,ao_esao_Filipino
563711,933,a5_9,m,ao_esao_Filipino
42080,933,a10_14,f,onao_Canadian
71931,933,a40_44,f,ao_sao_ei
567975,933,a5_9,m,ao_sao_ei
13625,933,a20_24,f,onao_Canadian
425885,933,a45_49,f,ao_sao_ei
819334,933,a25_29,f,ao_esao_Chinese
826576,933,a20_24,f,eo_bio_English
688306,933,a60_64,f,ao_esao_Chinese
22699,933,a5_9,m,onao_Canadian
222247,933,a20_24,m,ao_esao_Chinese
118543,933,a35_39,f,onao_Canadian
679885,933,a60_64,m,eo_weo_Dutch
584431,933,a45_49,f,eo_weo_German
634121,933,a30_34,m,onao_Canadian
177381,933,a20_24,m,ao_oesao
909828,933,a50_54,f,ao_esao_Chinese
21529,933,a50_54,f,eo_bio_Scottish
492153,933,a35_39,m,ao_osao
484944,933,a35_39,f,ao_esao_Filipino
516445,933,a10_14,m,eo_weo_German
102897,933,a35_39,m,eo_eeo_Polish
555398,933,a70_74,f,eo_neo
419276,933,a10_14,m,eo_weo_German
473259,933,a10_14,m,ao_esao_Chinese
119038,933,a35_39,m,eo_bio_English
262973,933,a25_29,f,onao_Canadian
423279,933,a55_59,f,onao_Canadian
470809,933,a45_49,f,ao_esao_Chinese
8394,933,a30_34,m,ao_esao_Chinese
131939,933,a30_34,m,onao_Canadian
661145,933,a55_59,m,eo_weo_German
874990,933,a15_19,f,onao_Canadian
666265,933,a55_59,m,ao_esao_Chinese
156108,933,a45_49,m,eo_neo
851190,933,a75_79,f,ao_esao_Chinese
833536,933,a60_64,f,eo_bio_Scottish
198211,933,a30_34,m,ao_sao_ei
734444,933,a75_79,m,eo_bio_Scottish
253832,933,a35_39,m,oco
700371,933,a10_14,f,ao_sao_ei
285024,933,a10_14,m,ao_oesao
339230,933,a15_19,m,ao_esao_Filipino
614634,933,a65_69,f,eo_bio_English
471900,933,a35_39,f,eo_bio_Irish
601700,933,a10_14,m,onao_Canadian
609221,933,a30_34,f,ao_esao_Chinese
850653,933,a25_29,m,eo_bio_English
735875,933,a10_14,m,ao_esao_Chinese
225317,933,a45_49,m,onao_Canadian
376484,933,a40_44,m,eo_weo_German
287867,933,a40_44,f,ao_esao_Filipino
34725,933,a35_39,f,eo_seo_Italian
14631,933,a10_14,f,ao_esao_Chinese
129626,933,a20_24,f,eo_bio_English
320367,933,a45_49,f,ao_esao_Filipino
703281,933,a10_14,f,onao_Canadian
540543,933,a50_54,m,ao_esao_Chinese
236650,933,a5_9,m,ao_esao_Chinese
6140,933,a20_24,m,eo_seo_Italian
679896,933,a45_49,m,ao_sao_ei
910103,933,a85_,f,eo_eeo_Ukrainian
104804,933,a0_4,f,eo_eeo_Russian
592736,933,a0_4,f,ao_sao_ei
485222,933,a40_44,m,onao_Canadian
601923,933,a15_19,m,onao_Canadian
411370,933,a50_54,m,ao_osao
715698,933,a60_64,f,eo_weo_German
809444,933,a40_44,f,ao_sao_ei
377652,933,a45_49,f,eo_bio_English
757307,933,a55_59,m,eo_bio_English
435496,933,a50_54,m,eo_bio_English
527036,933,a60_64,m,eo_bio_Irish
212967,933,a50_54,f,ao_oesao
112902,933,a40_44,f,eo_weo_Dutch
96200,933,a0_4,f,eo_bio_English
453069,933,a5_9,f,eo_seo_Portuguese
526920,933,a5_9,m,eo_bio_Irish
655328,933,a25_29,f,eo_bio_Scottish
24561,933,a15_19,f,onao_Canadian
286686,933,a15_19,m,eo_seo_Portuguese
333213,933,a5_9,m,ao_esao_Chinese
843507,933,a15_19,m,ao_esao_Chinese
108926,933,a30_34,m,eo_bio_Irish
878521,933,a15_19,m,ao_oesao
198783,933,a60_64,m,eo_bio_Irish
564432,933,a40_44,m,eo_bio_Scottish
479044,933,a80_84,f,onao
875220,933,a0_4,f,lcsao
142396,933,a45_49,m,eo_weo_German
827268,933,a50_54,m,ao_esao_Filipino
297554,933,a35_39,f,eo_weo_German
891524,933,a30_34,m,ao_osao
658412,933,a5_9,m,ao_esao_Chinese
125336,933,a45_49,f,ao_esao_Chinese
780169,933,a45_49,m,ao_esao_Chinese
227644,933,a45_49,f,eo_bio_English
820965,933,a60_64,m,eo_bio_Scottish
19639,933,a40_44,f,ao_esao_Chinese
895600,933,a65_69,f,eo_bio_English
855756,933,a55_59,f,ao_esao_Chinese
83305,933,a30_34,f,eo_weo_German
479979,933,a45_49,m,ao_sao_ei
403646,933,a15_19,f,onao_Canadian
365264,933,a10_14,m,onao_Canadian
212224,933,a50_54,f,onao_Canadian
644022,933,a15_19,m,ao_esao_Chinese
193034,933,a20_24,f,onao_Canadian
462049,933,a5_9,f,eo_eeo_Ukrainian
125605,933,a10_14,m,ao_sao_ei
160096,933,a60_64,m,eo_bio_Scottish
415360,933,a65_69,f,naao
925294,933,a15_19,f,eo_weo_German
135129,933,a60_64,f,eo_bio_English
778281,933,a40_44,f,eo_eeo_Ukrainian
458997,933,a15_19,m,ao_sao_ei
201570,933,a40_44,m,ao_sao_ei
811910,933,a40_44,m,eo_bio_English
609612,933,a10_14,f,onao_Canadian
927194,933,a5_9,m,eo_neo
417896,933,a25_29,m,eo_bio_English
79819,933,a15_19,m,eo_fo
246051,933,a20_24,m,naao
128164,933,a15_19,m,onao_Canadian
50382,933,a15_19,m,eo_weo_German
874571,933,a0_4,f,onao_Canadian
85602,933,a25_29,m,onao_Canadian
712306,933,a30_34,f,eo_bio_Scottish
98866,933,a65_69,m,eo_bio_Irish
120712,933,a40_44,m,ao_esao_Filipino
867822,933,a70_74,m,eo_bio_English
702181,933,a50_54,f,eo_obio
496963,933,a20_24,f,onao_Canadian
350778,933,a25_29,m,ao
543214,933,a35_39,f,eo_bio_English
120376,933,a15_19,m,eo_oseo
444403,933,a70_74,f,ao
273543,933,a60_64,m,eo_bio_English
303865,933,a60_64,m,ao_esao_Filipino
358541,933,a15_19,f,onao_Canadian
594197,933,a50_54,f,eo_weo_Dutch
643323,933,a40_44,m,eo_bio_English
849894,933,a0_4,m,eo_bio_English
39509,933,a70_74,f,eo_bio_English
473295,933,a10_14,m,ao_osao
620359,933,a60_64,m,oo
361438,933,a10_14,f,eo_seo_Italian
667792,933,a60_64,f,eo_fo
167473,933,a70_74,f,ao_sao_ei
352187,933,a35_39,f,eo_fo
680199,933,a40_44,f,eo_eeo_Ukrainian
578294,933,a5_9,m,onao_Canadian
713619,933,a15_19,f,onao_Canadian
653166,933,a10_14,f,ao_osao
45904,933,a0_4,f,ao
923752,933,a55_59,f,eo_seo_Greek
517459,933,a45_49,m,eo_bio_English
212224,933,a50_54,f,onao_Canadian
879728,933,a35_39,m,ao_sao_ei
337982,933,a40_44,m,eo_fo
883891,933,a20_24,m,ao_esao_Chinese
231636,933,a10_14,m,onao_Canadian
671687,933,a20_24,f,ao
10877,933,a45_49,f,eo_oeeo
77251,933,a60_64,m,eo_bio_Irish
5257,933,a55_59,m,eo_weo_German
900292,933,a30_34,m,eo_oseo
323162,933,a10_14,m,ao_oesao
224062,933,a5_9,f,oco
638079,933,a35_39,m,eo_oseo
784129,933,a60_64,f,eo_bio_Scottish
185799,933,a75_79,f,ao_sao_ei
776723,933,a35_39,f,ao_esao_Filipino
652771,933,a25_29,f,onao_Canadian
429106,933,a70_74,m,eo_bio_English
604177,933,a60_64,f,eo_bio_Irish
465045,933,a60_64,f,onao_Canadian
63824,933,a10_14,f,eo_bio_Irish
126676,933,a20_24,f,ao_osao
493130,933,a15_19,m,ao_esao_Filipino
165875,933,a5_9,m,ao_osao
310867,933,a10_14,m,ao
532239,933,a50_54,f,eo_weo_German
393438,933,a10_14,m,ao_esao_Filipino
543214,933,a35_39,f,eo_bio_English
506140,933,a50_54,m,eo_bio_Irish
676661,933,a70_74,m,eo_neo
132638,933,a20_24,m,naao
300807,933,a5_9,f,onao_Canadian
101436,933,a50_54,m,eo_neo
836263,933,a35_39,m,ao_osao
307784,933,a50_54,f,eo_weo_German
154427,933,a15_19,m,ao_esao_Chinese
607085,933,a55_59,f,naao
108443,933,a70_74,m,eo_weo_German
45730,933,a60_64,f,ao_sao_ei
491766,933,a45_49,m,onao_Canadian
594060,933,a35_39,f,eo_bio_Scottish
265351,933,a50_54,m,eo_bio_English
286268,933,a80_84,f,eo_bio_Scottish
281625,933,a60_64,f,eo_obio
263671,933,a75_79,f,eo_bio_English
822728,933,a60_64,f,eo_eeo_Ukrainian
892541,933,a70_74,f,ao_osao
162856,933,a20_24,f,ao_esao_Chinese
395226,933,a40_44,f,ao_oesao
145748,933,a25_29,f,eo_weo_German
118636,933,a65_69,f,eo_fo
360516,933,a30_34,m,eo_weo_German
805697,933,a30_34,m,eo_obio
114865,933,a55_59,f,eo_weo_German
533778,933,a15_19,f,ao_osao
911038,933,a40_44,f,ao_esao_Chinese
294161,933,a15_19,f,ao_esao_Chinese
239169,933,a35_39,f,ao_wcameo
476124,933,a15_19,m,eo_seo_Italian
256496,933,a0_4,f,eo_oseo
702716,933,a60_64,f,ao_esao_Chinese
20100,933,a65_69,f,eo_fo
922937,933,a35_39,f,eo_bio_English
256142,933,a15_19,f,ao_esao_Chinese
255405,933,a60_64,f,eo_weo_German
90938,933,a5_9,m,ao_esao_Chinese
42074,933,a40_44,f,eo_oeeo
145602,933,a65_69,m,eo_weo_German
478037,933,a25_29,f,onao_Canadian
451201,933,a40_44,m,eo_weo_Dutch
212215,933,a20_24,m,onao_Canadian
274203,933,a45_49,m,eo_neo
808442,933,a15_19,f,ao_esao_Chinese
703745,933,a5_9,m,ao_esao_Chinese
86768,933,a15_19,m,onao_Canadian
20246,933,a0_4,m,ao_esao_Filipino
471470,933,a45_49,m,eo_weo_German
168555,933,a40_44,f,onao_Canadian
734392,933,a15_19,f,onao_Canadian
359792,933,a45_49,m,eo_neo
57321,933,a35_39,f,ao_esao_Chinese
74720,933,a60_64,f,onao_Canadian
364092,933,a45_49,m,eo_weo_German
194039,933,a60_64,m,onao_Canadian
266084,933,a0_4,f,ao_osao
702818,933,a70_74,f,eo_bio_Scottish
825438,933,a50_54,m,ao_sao_ei
494767,933,a25_29,m,eo_fo
345670,933,a10_14,f,ao
248468,933,a60_64,f,eo_bio_English
799098,933,a10_14,f,ao_esao_Filipino
74774,933,a65_69,m,eo_bio_Scottish
648770,933,a55_59,f,ao_esao_Chinese
805526,933,a0_4,f,ao_esao_Chinese
555768,933,a25_29,f,eo_bio_Scottish
348511,933,a50_54,m,ao_esao_Chinese
445001,933,a15_19,m,eo_seo_Spanish
704949,933,a40_44,f,eo_bio_English
581179,933,a10_14,f,onao_Canadian
877351,933,a30_34,f,ao_osao
604177,933,a60_64,f,eo_bio_Irish
411309,933,a10_14,f,onao_Canadian
537911,933,a10_14,m,onao_Canadian
107601,933,a40_44,m,ao_osao
151587,933,a55_59,m,eo_bio_English
593912,933,a65_69,m,onao_Canadian
452131,933,a40_44,m,oo
924702,933,a40_44,m,ao_oesao
121732,933,a45_49,m,ao
542788,933,a65_69,m,eo_obio
711933,933,a30_34,m,onao_Canadian
87098,933,a10_14,m,onao_Canadian
177234,933,a45_49,m,ao_osao
423833,933,a35_39,m,eo_weo_Dutch
239804,933,a50_54,m,eo_fo
726707,933,a20_24,f,ao_esao_Chinese
681320,933,a50_54,f,ao_esao_Chinese
607038,933,a20_24,f,onao_Canadian
735953,933,a30_34,m,eo_fo
635704,933,a25_29,m,eo_neo
467226,933,a35_39,m,oo
656978,933,a20_24,m,ao_oesao
573918,933,a65_69,m,eo_bio_English
783026,933,a35_39,f,onao_Canadian
722783,933,a20_24,f,eo_bio_English
242438,933,a40_44,m,ao_sao_ei
625894,933,a70_74,m,eo_bio_English
427827,933,a5_9,f,ao_esao_Chinese
486636,933,a60_64,m,ao_oesao
126387,933,a35_39,f,onao_Canadian
648347,933,a75_79,f,onao_Canadian
443885,933,a35_39,f,eo_weo_Dutch
922049,933,a50_54,f,onao_Canadian
46795,933,a15_19,m,onao_Canadian
613433,933,a45_49,f,onao_Canadian
593610,933,a35_39,m,ao_esao_Chinese
152006,933,a80_84,f,eo_eeo_Ukrainian
398371,933,a25_29,f,onao_Canadian
39593,933,a50_54,f,eo_weo_Dutch
13334,933,a40_44,f,ao_osao
736841,933,a35_39,f,ao_sao_ei
249388,933,a55_59,m,onao_Canadian
315366,933,a55_59,m,ao_wcameo
193324,933,a70_74,f,eo_bio_Scottish
287558,933,a65_69,f,eo_bio_Scottish
858157,933,a60_64,m,eo_seo_Italian
262754,933,a5_9,f,ao_sao_ei
318749,933,a30_34,m,ao_esao_Filipino
365264,933,a10_14,m,onao_Canadian
97940,933,a45_49,f,oo
706963,933,a15_19,m,ao
89233,933,a35_39,m,onao_Canadian
196535,933,a50_54,f,eo_bio_English
128909,933,a30_34,m,eo_bio_English
65781,933,a15_19,m,ao_esao_Chinese
909324,933,a45_49,f,eo_bio_Scottish
28209,933,a25_29,m,eo_eeo_Russian
141776,933,a80_84,m,eo_bio_English
889010,933,a50_54,m,onao_Canadian
252567,933,a65_69,m,eo_bio_English
458798,933,a45_49,f,eo_bio_Scottish
76942,933,a35_39,f,ao_esao_Chinese
745345,933,a55_59,f,onao_Canadian
346786,933,a0_4,m,eo_seo_Portuguese
398718,933,a10_14,f,onao_Canadian
840056,933,a45_49,f,ao_esao_Chinese
546367,933,a40_44,m,ao_sao_ei
230492,933,a15_19,f,ao_sao_ei
544285,933,a20_24,f,ao_sao_ei
453196,933,a10_14,m,eo_bio_English
382129,933,a50_54,f,ao_esao_Chinese
490658,933,a15_19,m,eo_weo_German
240883,933,a15_19,m,eo_bio_Scottish
638194,933,a50_54,m,ao_esao_Filipino
266019,933,a30_34,f,ao_sao_ei
501638,933,a40_44,m,eo_bio_Scottish
706057,933,a35_39,f,lcsao
101546,933,a55_59,m,ao
831084,933,a60_64,m,eo_eeo_Polish
437660,933,a5_9,m,eo_oseo
614714,933,a50_54,m,eo_weo_German
215275,933,a65_69,m,ao_esao_Chinese
156365,933,a75_79,f,eo_eeo_Polish
343865,933,a25_29,m,eo_fo
434982,933,a0_4,m,ao_esao_Chinese
74421,933,a85_,m,eo_bio_English
86553,933,a5_9,f,ao_sao_ei
75972,933,a65_69,f,ao_sao_ei
790631,933,a15_19,f,ao_wcameo
614587,933,a20_24,f,eo_bio_Scottish
358548,933,a80_84,f,eo_eeo_Ukrainian
871904,933,a10_14,f,ao_sao_ei
667742,933,a45_49,m,eo_seo_Italian
666662,933,a75_79,f,eo_bio_Irish
586410,933,a50_54,f,ao_esao_Chinese
854731,933,a75_79,m,onao_Canadian
774364,933,a50_54,m,ao_wcameo
595436,933,a30_34,f,ao
611693,933,a65_69,m,onao_Canadian
299684,933,a45_49,m,ao_esao_Chinese
839272,933,a5_9,m,onao_Canadian
542461,933,a60_64,f,eo_bio_English
465568,933,a35_39,f,eo_weo_Dutch
698815,933,a15_19,f,onao_Canadian
341554,933,a65_69,f,eo_bio_English
776532,933,a10_14,f,ao_wcameo
152351,933,a15_19,f,onao_Canadian
61962,933,a35_39,f,ao_oesao
313316,933,a75_79,f,eo_bio_Irish
596119,933,a5_9,f,onao_Canadian
508063,933,a45_49,f,ao_sao_ei
807730,933,a20_24,m,onao_Canadian
228285,933,a20_24,f,ao_esao_Filipino
393890,933,a65_69,m,eo_bio_Scottish
121372,933,a55_59,f,eo_weo_German
463753,933,a30_34,m,ao_osao
881001,933,a45_49,f,onao_Canadian
707818,933,a45_49,m,eo_seo_Italian
103619,933,a60_64,f,eo_oseo
434854,933,a30_34,m,ao_esao_Chinese
626300,933,a70_74,m,eo_bio_English
110385,933,a50_54,m,eo_bio_English
563318,933,a40_44,m,eo_weo_German
217628,933,a15_19,f,ao_esao_Filipino
771120,933,a0_4,m,ao
190405,933,a50_54,f,ao_esao_Chinese
343976,933,a45_49,m,onao_Canadian
364366,933,a65_69,f,eo_weo_Dutch
30760,933,a40_44,f,eo_weo_German
881275,933,a0_4,m,onao_Canadian
540006,933,a0_4,f,eo_bio_Scottish
240167,933,a40_44,f,naao
478726,933,a35_39,f,lcsao
188647,933,a60_64,m,ao_oesao
693160,933,a10_14,m,oco
413539,933,a55_59,f,ao_esao_Chinese
886787,933,a10_14,f,eo_oeeo
375490,933,a20_24,m,onao_Canadian
690495,933,a15_19,m,ao_wcameo
504924,933,a35_39,f,onao_Canadian
396663,933,a20_24,f,eo_weo_German
329303,933,a5_9,f,onao_Canadian
87662,933,a20_24,f,onao_Canadian
40295,933,a55_59,m,eo_seo_Italian
648240,933,a45_49,m,eo_bio_Irish
728240,933,a55_59,m,eo_seo_Italian
442054,933,a70_74,m,eo_bio_Scottish
242148,933,a10_14,f,ao_esao_Chinese
926679,933,a10_14,m,ao_esao_Chinese
745198,933,a50_54,f,ao_oesao
286952,933,a60_64,f,eo_bio_English
522466,933,a40_44,f,ao_esao_Chinese
578829,933,a70_74,f,eo_weo_German
318988,933,a15_19,m,onao_Canadian
581844,933,a70_74,f,eo_bio_English
356121,933,a70_74,m,eo_neo
449003,933,a0_4,f,eo_weo_Dutch
908515,933,a60_64,f,eo_weo_German
232795,933,a55_59,f,eo_neo
903512,933,a10_14,f,onao_Canadian
837676,933,a30_34,m,eo_eeo_Polish
458182,933,a45_49,f,eo_weo_German
533054,933,a45_49,f,eo_bio_Scottish
133189,933,a15_19,f,onao_Canadian
757140,933,a35_39,m,eo_weo_German
44474,933,a65_69,m,ao_osao
145425,933,a30_34,f,ao
919664,933,a45_49,f,oo
466166,933,a60_64,m,ao_esao_Chinese
151361,933,a30_34,m,eo_bio_English
32197,933,a35_39,m,ao_esao_Chinese
491928,933,a15_19,m,onao_Canadian
919312,933,a20_24,m,eo_fo
207077,933,a45_49,f,eo_bio_English
32258,933,a45_49,m,eo_bio_Irish
118924,933,a10_14,f,ao_esao_Chinese
236157,933,a50_54,m,eo_oseo
495422,933,a25_29,f,ao_sao_ei
99051,933,a60_64,f,eo_fo
124194,933,a45_49,f,ao_osao
807319,933,a45_49,m,eo_obio
902427,933,a15_19,m,ao_esao_Chinese
52692,933,a65_69,m,eo_seo_Greek
893972,933,a20_24,m,ao_wcameo
95752,933,a65_69,m,eo_bio_English
460495,933,a60_64,f,ao_esao_Chinese
101419,933,a20_24,m,eo_weo_German
154027,933,a50_54,f,ao_esao_Chinese
854619,933,a55_59,m,eo_weo_German
851903,933,a50_54,m,ao_esao_Chinese
755776,933,a0_4,m,onao_Canadian
383221,933,a70_74,f,eo_weo_Dutch
396357,933,a50_54,f,ao_sao_ei
186840,933,a5_9,m,onao_Canadian
592603,933,a50_54,f,eo_neo
709700,933,a60_64,m,ao_esao_Chinese
55954,933,a15_19,f,ao_esao_Chinese
866726,933,a35_39,m,ao
757307,933,a55_59,m,eo_bio_English
786534,933,a20_24,f,ao_esao_Chinese
378400,933,a35_39,m,onao_Canadian
401355,933,a40_44,m,ao_sao_ei
851300,933,a55_59,f,eo_bio_English
140026,933,a55_59,m,eo_eeo_Ukrainian
463183,933,a15_19,f,naao
797474,933,a10_14,m,onao
580209,933,a70_74,f,eo_bio_English
771664,933,a20_24,f,ao_osao
146094,933,a15_19,f,ao_sao_ei
167097,933,a40_44,f,ao_oesao
503329,933,a5_9,m,eo_eeo_Ukrainian
28245,933,a10_14,m,eo_eeo_Ukrainian
176247,933,a75_79,f,eo_bio_Irish
621518,933,a55_59,f,eo_neo
272915,933,a75_79,f,onao_Canadian
120434,933,a40_44,f,ao_sao_ei
268173,933,a35_39,m,ao_esao_Chinese
235220,933,a10_14,m,ao_sao_ei
284396,933,a50_54,f,eo_eeo_Polish
92274,933,a15_19,f,ao_esao_Chinese
26447,933,a10_14,m,ao_oesao
240883,933,a15_19,m,eo_bio_Scottish
439356,933,a40_44,m,ao_esao_Chinese
729918,933,a10_14,f,ao
851734,933,a15_19,f,eo_weo_German
523642,933,a15_19,m,eo_eeo_Polish
821985,933,a10_14,f,onao_Canadian
920899,933,a65_69,m,eo_bio_English
68461,933,a50_54,f,eo_neo
561826,933,a20_24,m,oo
124583,933,a25_29,m,eo_eeo_Polish
899920,933,a10_14,m,onao_Canadian
868473,933,a10_14,f,eo_weo_German
336531,933,a70_74,f,eo_bio_English
355559,933,a25_29,m,onao_Canadian
631051,933,a35_39,m,naao
866362,933,a0_4,m,ao
517343,933,a10_14,m,onao_Canadian
655234,933,a20_24,f,onao_Canadian
560764,933,a35_39,m,eo_seo_Italian
354071,933,a35_39,f,eo_bio_Scottish
586872,933,a30_34,f,onao_Canadian
362480,933,a40_44,m,eo_seo_Greek
22713,933,a45_49,m,eo_bio_Irish
356121,933,a70_74,m,eo_neo
495663,933,a20_24,f,ao_wcameo
871610,933,a45_49,f,ao_esao_Filipino
160258,933,a5_9,m,ao_esao_Chinese
649169,933,a25_29,m,onao_Canadian
424898,933,a5_9,f,onao_Canadian
40295,933,a55_59,m,eo_seo_Italian
537911,933,a10_14,m,onao_Canadian
177254,933,a55_59,m,eo_fo
571758,933,a60_64,m,eo_bio_Scottish
914442,933,a20_24,m,eo_bio_Scottish
25155,933,a25_29,m,ao_sao_ei
163955,933,a45_49,f,ao_esao_Chinese
374308,933,a75_79,m,eo_weo_Dutch
21070,933,a45_49,m,eo_weo_German
919370,933,a45_49,f,eo_seo_Greek
765799,933,a25_29,m,eo_bio_Scottish
785380,933,a40_44,m,ao
780411,933,a35_39,m,eo_eeo_Polish
54601,933,a50_54,f,ao_sao_ei
723942,933,a0_4,f,ao_esao_Chinese
266410,933,a15_19,f,eo_eeo_Russian
444267,933,a10_14,f,ao_esao_Chinese
370960,933,a60_64,m,eo_oweo
467617,933,a65_69,m,eo_fo
563916,933,a55_59,m,eo_oeeo
543658,933,a55_59,f,eo_bio_Scottish
541141,933,a45_49,f,eo_seo_Italian
731497,933,a20_24,f,onao_Canadian
302784,933,a10_14,f,ao_esao_Chinese
133406,933,a30_34,m,lcsao
612088,933,a5_9,f,eo_weo_Dutch
23174,933,a45_49,f,ao_esao_Chinese
363320,933,a50_54,m,onao_Canadian
913633,933,a0_4,m,onao_Canadian
610037,933,a10_14,m,onao
896234,933,a20_24,m,ao_osao
749782,933,a45_49,m,ao_esao_Chinese
137350,933,a10_14,m,onao_Canadian
766880,933,a75_79,m,eo_weo_German
131096,933,a70_74,f,eo_bio_Irish
58767,933,a75_79,m,eo_weo_German
420766,933,a25_29,m,eo_bio_Irish
5287,933,a50_54,f,eo_bio_Irish
848159,933,a20_24,m,eo_bio_English
554063,933,a30_34,f,ao_esao_Chinese
438643,933,a10_14,f,onao_Canadian
382488,933,a10_14,f,naao
58569,933,a20_24,m,ao_oesao
410835,933,a5_9,f,onao_Canadian
657650,933,a15_19,f,ao_sao_ei
59576,933,a20_24,f,ao_esao_Chinese
425547,933,a60_64,m,onao_Canadian
808974,933,a25_29,m,eo_bio_English
242119,933,a5_9,f,ao_oesao
348784,933,a5_9,f,ao_osao
185197,933,a5_9,m,oo
587653,933,a25_29,f,eo_bio_Irish
678780,933,a0_4,m,ao_oesao
7137,933,a55_59,f,eo_bio_English
219892,933,a45_49,m,eo_oeeo
119064,933,a60_64,f,eo_fo
876102,933,a50_54,f,eo_bio_English
562499,933,a25_29,m,ao_oesao
580880,933,a45_49,f,ao_esao_Chinese
199856,933,a15_19,m,onao_Canadian
174308,933,a45_49,f,ao_esao_Chinese
382125,933,a40_44,f,ao_esao_Filipino
537380,933,a10_14,m,ao_esao_Filipino
892122,933,a10_14,f,onao_Canadian
599678,933,a45_49,f,oco
881468,933,a55_59,m,eo_bio_English
794668,933,a40_44,m,oco
393299,933,a35_39,m,eo_eeo_Ukrainian
874871,933,a35_39,m,eo_eeo_Russian
847502,933,a10_14,m,onao_Canadian
841452,933,a35_39,f,ao_sao_ei
646622,933,a65_69,f,ao_esao_Chinese
780901,933,a35_39,f,eo_eeo_Polish
291727,933,a80_84,m,eo_bio_English
192505,933,a0_4,f,eo_neo
870728,933,a55_59,m,eo_bio_English
841683,933,a5_9,m,ao_oesao
466875,933,a40_44,m,ao_esao_Chinese
422599,933,a65_69,m,ao_esao_Filipino
761429,933,a35_39,m,ao_sao_ei
219562,933,a35_39,m,onao_Canadian
656768,933,a45_49,m,eo_neo
821970,933,a5_9,m,onao_Canadian
758270,933,a10_14,f,ao
321867,933,a20_24,f,ao_esao_Filipino
580616,933,a70_74,m,onao_Canadian
567011,933,a10_14,f,ao_sao_ei
623568,933,a25_29,f,ao_osao
540491,933,a45_49,m,ao_wcameo
905398,933,a20_24,m,onao_Canadian
399155,933,a70_74,f,eo_oweo
561163,933,a10_14,m,onao_Canadian
232529,933,a10_14,m,eo_seo_Greek
696530,933,a50_54,f,eo_weo_Dutch
14123,933,a45_49,m,ao_wcameo
614065,933,a20_24,f,onao_Canadian
505817,933,a15_19,f,naao
615592,933,a40_44,f,ao_esao_Chinese
739884,933,a30_34,m,eo_bio_Irish
532193,933,a70_74,m,eo_bio_Irish
821985,933,a10_14,f,onao_Canadian
517762,933,a25_29,m,eo_seo_Spanish
386502,933,a10_14,f,ao_wcameo
98633,933,a35_39,f,ao
244871,933,a40_44,f,eo_bio_English
824929,933,a50_54,f,eo_weo_German
865935,933,a45_49,f,ao_esao_Filipino
373080,933,a70_74,f,onao_Canadian
616238,933,a35_39,m,onao_Canadian
455739,933,a20_24,m,ao_esao_Filipino
144812,933,a25_29,f,ao_esao_Chinese
68606,933,a50_54,f,eo_bio_English
676465,933,a45_49,f,eo_weo_German
539783,933,a60_64,f,ao_esao_Chinese
87568,933,a80_84,f,onao_Canadian
544557,933,a25_29,f,ao_oesao
108417,933,a30_34,f,eo_weo_German
872723,933,a15_19,f,ao_sao_ei
631763,933,a50_54,m,eo_bio_English
678973,933,a50_54,f,ao_esao_Chinese
851734,933,a15_19,f,eo_weo_German
614565,933,a10_14,f,naao
607740,933,a45_49,f,eo_oseo
439283,933,a20_24,f,eo_bio_Irish
159456,933,a45_49,m,ao_osao
442347,933,a70_74,m,ao_sao_ei
570520,933,a15_19,f,onao_Canadian
307997,933,a10_14,f,ao_sao_ei
451292,933,a80_84,f,eo_neo
326337,933,a40_44,m,ao_sao_ei
46582,933,a40_44,f,ao_sao_ei
586307,933,a5_9,m,ao_esao_Chinese
101436,933,a50_54,m,eo_neo
469106,933,a10_14,m,onao_Canadian
535026,933,a50_54,f,ao_esao_Filipino
781928,933,a60_64,f,onao_Canadian
465138,933,a40_44,f,onao_Canadian
361157,933,a70_74,m,eo_eeo_Russian
689472,933,a45_49,f,ao_osao
221809,933,a0_4,f,onao_Canadian
106193,933,a40_44,f,ao_esao_Chinese
124221,933,a50_54,m,eo_weo_German
496895,933,a30_34,m,eo_seo_Italian
469083,933,a70_74,f,eo_bio_English
848017,933,a45_49,m,eo_bio_English
336974,933,a10_14,f,ao_sao_ei
755943,933,a65_69,f,eo_bio_English
109557,933,a35_39,f,ao_osao
164301,933,a25_29,f,onao_Canadian
497505,933,a45_49,f,eo_weo_German
579039,933,a30_34,m,onao_Canadian
909334,933,a85_,f,eo_weo_German
689841,933,a10_14,m,ao_oesao
51903,933,a70_74,m,eo_seo_Italian
818239,933,a10_14,m,onao
719786,933,a15_19,f,eo_eeo_Ukrainian
538122,933,a35_39,f,onao_Canadian
836196,933,a50_54,f,ao_esao_Chinese
154204,933,a15_19,m,ao_sao_ei
874500,933,a5_9,m,ao_oesao
209766,933,a10_14,m,ao_oesao
126574,933,a60_64,m,eo_eeo_Polish
689322,933,a25_29,f,eo_weo_German
266191,933,a10_14,m,oco
100798,933,a40_44,f,eo_bio_Scottish
721304,933,a50_54,f,ao_esao_Chinese
526609,933,a15_19,f,eo_bio_Scottish
740864,933,a40_44,f,onao_Canadian
145831,933,a55_59,f,ao_esao_Chinese
930401,933,a10_14,m,onao_Canadian
630407,933,a75_79,f,ao_oesao
722510,933,a25_29,f,eo_bio_English
94641,933,a60_64,m,eo_fo
724710,933,a0_4,f,ao_sao_ei
764675,933,a30_34,f,ao_esao_Chinese
847040,933,a5_9,m,ao
144634,933,a55_59,m,eo_eeo_Ukrainian
121787,933,a50_54,m,eo_bio_Scottish
244867,933,a20_24,m,ao_esao_Chinese
257893,933,a10_14,f,eo_obio
763235,933,a30_34,f,ao_sao_ei
670896,933,a50_54,f,onao
141066,933,a5_9,m,ao_osao
670583,933,a20_24,f,lcsao
165297,933,a40_44,m,eo_bio_English
667792,933,a60_64,f,eo_fo
879650,933,a65_69,f,onao_Canadian
10331,933,a40_44,f,onao_Canadian
178489,933,a45_49,f,ao_sao_ei
632365,933,a45_49,f,onao_Canadian
391819,933,a5_9,m,eo_oeeo
788893,933,a70_74,m,eo_bio_English
867627,933,a0_4,m,ao_esao_Chinese
447394,933,a65_69,f,eo_bio_Scottish
392053,933,a30_34,m,onao_Canadian
163276,933,a30_34,m,eo_bio_Scottish
394790,933,a50_54,m,eo_weo_Dutch
480634,933,a5_9,m,ao
782712,933,a45_49,f,ao
467665,933,a45_49,f,eo_weo_German
415628,933,a20_24,f,eo_bio_Irish
703748,933,a30_34,f,ao_esao_Filipino
150079,933,a0_4,m,ao_sao_ei
688782,933,a50_54,m,eo_seo_Italian
826208,933,a0_4,m,ao_esao_Chinese
169764,933,a30_34,f,onao_Canadian
33270,933,a20_24,m,ao_sao_ei
18262,933,a25_29,m,eo_bio_Scottish
414502,933,a40_44,m,ao_esao_Chinese
778250,933,a40_44,m,eo_eeo_Ukrainian
370905,933,a10_14,f,eo_bio_English
787572,933,a20_24,f,ao_wcameo
465568,933,a35_39,f,eo_weo_Dutch
220586,933,a25_29,m,onao_Canadian
306875,933,a20_24,f,ao_oesao
182258,933,a5_9,m,ao_esao_Chinese
59795,933,a50_54,m,ao_sao_ei
671925,933,a85_,f,eo_eeo_Ukrainian
868319,933,a50_54,f,ao_esao_Chinese
405142,933,a50_54,f,ao_esao_Chinese
656768,933,a45_49,m,eo_neo
699577,933,a65_69,m,onao_Canadian
531524,933,a10_14,f,eo_weo_Dutch
682665,933,a35_39,m,ao_sao_ei
252896,933,a50_54,f,eo_eeo_Ukrainian
380627,933,a5_9,m,ao_sao_ei
49340,933,a40_44,f,eo_bio_English
43574,933,a10_14,f,eo_weo_German
733813,933,a60_64,m,eo_bio_Irish
311746,933,a75_79,f,onao_Canadian
476141,933,a35_39,m,ao_esao_Chinese
488173,933,a10_14,f,ao
888523,933,a30_34,f,ao_oesao
609285,933,a60_64,f,eo_obio
359419,933,a60_64,f,eo_weo_German
43574,933,a10_14,f,eo_weo_German
916346,933,a35_39,m,eo_bio_English
285015,933,a15_19,m,eo_eeo_Ukrainian
153764,933,a20_24,m,onao_Canadian
397604,933,a35_39,m,eo_bio_Irish
348784,933,a5_9,f,ao_osao
388107,933,a35_39,m,ao_esao_Chinese
858480,933,a15_19,f,eo_weo_Dutch
847229,933,a45_49,f,eo_weo_German
570423,933,a35_39,m,ao_esao_Chinese
182087,933,a40_44,f,ao_oesao
175413,933,a45_49,m,ao_esao_Chinese
662755,933,a35_39,f,ao_oesao
584620,933,a70_74,f,eo_bio_English
743457,933,a60_64,f,eo_bio_English
202430,933,a5_9,f,ao_esao_Chinese
881867,933,a45_49,f,eo_bio_English
306853,933,a40_44,m,eo_bio_Scottish
536500,933,a35_39,m,eo_seo_Greek
292955,933,a55_59,f,eo_seo_Italian
568334,933,a50_54,m,onao_Canadian
272271,933,a30_34,f,eo_bio_Irish
761007,933,a20_24,m,ao_sao_ei
73648,933,a50_54,f,eo_bio_English
307660,933,a65_69,f,eo_fo
332952,933,a50_54,m,eo_bio_English
218376,933,a50_54,f,onao_Canadian
836735,933,a10_14,f,eo_eeo_Russian
916466,933,a60_64,m,onao_Canadian
520955,933,a10_14,f,ao_osao
695670,933,a45_49,m,ao_esao_Chinese
725309,933,a10_14,f,onao_Canadian
872836,933,a15_19,m,onao_Canadian
198742,933,a45_49,m,eo_bio_Scottish
484650,933,a30_34,f,eo_bio_English
546909,933,a75_79,f,eo_eeo_Polish
41258,933,a15_19,m,eo_bio_Scottish
79426,933,a60_64,f,ao_sao_ei
281895,933,a30_34,f,ao_esao_Chinese
303058,933,a75_79,f,eo_neo
313307,933,a15_19,f,onao_Canadian
554198,933,a45_49,f,eo_weo_German
609612,933,a10_14,f,onao_Canadian
101291,933,a75_79,m,eo_weo_German
320241,933,a45_49,f,ao_osao
817905,933,a5_9,f,eo_eeo_Ukrainian
654044,933,a30_34,f,ao_sao_ei
209742,933,a20_24,m,eo_bio_Scottish
290857,933,a55_59,f,ao_sao_ei
399265,933,a45_49,f,ao_osao
597104,933,a15_19,m,ao_wcameo
554132,933,a15_19,f,ao_sao_ei
50382,933,a15_19,m,eo_weo_German
57678,933,a25_29,m,lcsao
388909,933,a45_49,m,eo_neo
818557,933,a40_44,f,ao_esao_Filipino
744632,933,a0_4,f,ao_esao_Chinese
690569,933,a45_49,m,eo_weo_German
698282,933,a30_34,f,ao_sao_ei
280715,933,a45_49,m,eo_seo_Italian
506171,933,a60_64,f,eo_oeeo
173843,933,a45_49,m,ao_esao_Filipino
885821,933,a45_49,f,eo_seo_Greek
142810,933,a10_14,f,onao_Canadian
626474,933,a45_49,m,eo_bio_Scottish
110822,933,a30_34,m,onao_Canadian
594412,933,a15_19,m,eo_bio_English
200052,933,a15_19,m,ao
418369,933,a20_24,f,ao_sao_ei
752431,933,a5_9,m,oo
614815,933,a45_49,m,ao_esao_Chinese
695000,933,a35_39,f,eo_seo_Italian
183249,933,a40_44,m,eo_neo
635185,933,a40_44,m,eo_weo_Dutch
750276,933,a20_24,f,ao_esao_Chinese
9593,933,a45_49,f,ao_sao_ei
84950,933,a45_49,f,eo_seo_Spanish
203015,933,a60_64,f,eo_bio_English
736172,933,a55_59,f,ao_sao_ei
457517,933,a15_19,f,ao_esao_Chinese
249668,933,a35_39,m,eo_oweo
547227,933,a60_64,m,eo_eeo_Ukrainian
491043,933,a45_49,m,onao_Canadian
113198,933,a30_34,m,eo_bio_Irish
132090,933,a45_49,m,eo_weo_German
927635,933,a15_19,m,onao_Canadian
519597,933,a20_24,f,onao_Canadian
846487,933,a10_14,m,ao
832517,933,a50_54,f,onao_Canadian
339340,933,a15_19,f,onao_Canadian
799878,933,a60_64,m,eo_seo_Spanish
805062,933,a70_74,m,ao_sao_ei
538963,933,a45_49,m,ao_esao_Filipino
632515,933,a0_4,f,onao_Canadian
550119,933,a15_19,m,ao_sao_ei
929067,933,a65_69,f,eo_eeo_Ukrainian
599549,933,a25_29,f,ao_esao_Chinese
751348,933,a20_24,f,eo_eeo_Russian
783500,933,a5_9,m,ao_oesao
895214,933,a55_59,m,eo_bio_Irish
341114,933,a20_24,f,onao_Canadian
704384,933,a40_44,f,ao_esao_Filipino
870753,933,a5_9,m,onao_Canadian
425660,933,a50_54,f,eo_bio_English
526553,933,a15_19,m,lcsao
384791,933,a60_64,f,eo_bio_English
357776,933,a35_39,m,onao_Canadian
628058,933,a60_64,m,eo_weo_Dutch
130032,933,a10_14,f,ao_osao
50225,933,a45_49,f,eo_bio_English
233391,933,a20_24,m,eo_neo
529750,933,a25_29,f,ao_esao_Chinese
6188,933,a55_59,m,eo_bio_English
249386,933,a50_54,f,eo_seo_Italian
813424,933,a50_54,f,ao_sao_ei
768236,933,a60_64,m,eo_fo
162013,933,a65_69,m,eo_fo
829491,933,a60_64,f,eo_bio_Scottish
927523,933,a70_74,m,eo_bio_Scottish
101682,933,a45_49,m,ao_sao_ei
3582,933,a70_74,m,eo_weo_German
885683,933,a5_9,f,onao_Canadian
387572,933,a65_69,f,ao_esao_Chinese
621635,933,a35_39,f,ao
415034,933,a30_34,f,eo_bio_Irish
905120,933,a5_9,m,ao_esao_Chinese
465138,933,a40_44,f,onao_Canadian
435399,933,a5_9,f,eo_weo_Dutch
338237,933,a60_64,m,eo_seo_Italian
196811,933,a55_59,f,eo_fo
76317,933,a35_39,m,eo_bio_Scottish
661145,933,a55_59,m,eo_weo_German
567931,933,a10_14,m,ao_sao_ei
878264,933,a10_14,m,eo_weo_Dutch
765239,933,a50_54,f,ao_sao_ei
370236,933,a55_59,m,ao_esao_Chinese
104105,933,a55_59,f,eo_weo_Dutch
148913,933,a80_84,m,eo_weo_German
906973,933,a20_24,m,onao_Canadian
28704,933,a50_54,f,ao_sao_ei
424066,933,a65_69,m,eo_seo_Italian
124057,933,a5_9,m,ao_sao_ei
258726,933,a5_9,m,ao_osao
615592,933,a40_44,f,ao_esao_Chinese
208364,933,a50_54,f,onao_Canadian
433114,933,a40_44,m,ao_osao
109618,933,a10_14,m,onao_Canadian
626231,933,a45_49,m,ao
729128,933,a40_44,f,eo_eeo_Ukrainian
521243,933,a65_69,f,eo_eeo_Polish
131939,933,a30_34,m,onao_Canadian
907332,933,a70_74,f,eo_neo
786534,933,a20_24,f,ao_esao_Chinese
827350,933,a40_44,m,eo_weo_German
892015,933,a20_24,m,eo_weo_German
878264,933,a10_14,m,eo_weo_Dutch
729918,933,a10_14,f,ao
860715,933,a40_44,m,eo_obio
367653,933,a10_14,f,ao_osao
649347,933,a55_59,m,ao
298740,933,a0_4,m,ao_wcameo
703745,933,a5_9,m,ao_esao_Chinese
330743,933,a0_4,m,onao_Canadian
719583,933,a20_24,m,onao_Canadian
817694,933,a60_64,m,eo_fo
264120,933,a30_34,f,eo_bio_English
351349,933,a0_4,m,eo_seo_Italian
194039,933,a60_64,m,onao_Canadian
503132,933,a25_29,m,ao_sao_ei
889237,933,a55_59,m,ao_sao_ei
528182,933,a5_9,m,eo_bio_English
46230,933,a60_64,f,eo_bio_English
160170,933,a50_54,f,ao_esao_Filipino
418671,933,a50_54,f,ao_oesao
89399,933,a50_54,f,eo_bio_English
269594,933,a70_74,m,eo_weo_German
623756,933,a15_19,f,eo_weo_German
207607,933,a65_69,f,onao_Canadian
559126,933,a40_44,m,eo_bio_English
27951,933,a15_19,m,onao_Canadian
613266,933,a50_54,f,ao
51290,933,a75_79,f,eo_fo
531929,933,a15_19,m,ao_sao_ei
346890,933,a45_49,f,ao_esao_Chinese
670148,933,a40_44,f,lcsao
376727,933,a5_9,m,onao_Canadian
558954,933,a45_49,m,eo_bio_English
186784,933,a10_14,f,ao_esao_Chinese
486638,933,a40_44,m,ao_sao_ei
830398,933,a55_59,m,eo_neo
640489,933,a30_34,f,ao_oesao
175015,933,a40_44,m,ao_oesao
537173,933,a5_9,m,ao_esao_Chinese
144140,933,a55_59,f,eo_weo_Dutch
838704,933,a20_24,m,ao_esao_Chinese
377143,933,a10_14,f,ao
633114,933,a5_9,m,ao_osao
667274,933,a55_59,m,onao_Canadian
653083,933,a70_74,f,eo_weo_German
260691,933,a15_19,f,ao_esao_Filipino
177411,933,a60_64,m,eo_bio_Scottish
608782,933,a45_49,f,eo_neo
896295,933,a55_59,f,eo_fo
508486,933,a45_49,m,eo_eeo_Polish
132083,933,a15_19,m,onao_Canadian
162039,933,a45_49,f,eo_bio_English
695879,933,a55_59,f,eo_bio_Scottish
923127,933,a85_,f,eo_neo
881598,933,a40_44,m,ao_oesao
581116,933,a65_69,m,eo_bio_English
779622,933,a60_64,m,ao_osao
627120,933,a60_64,m,eo_bio_Scottish
4354,933,a65_69,f,ao_oesao
189303,933,a20_24,m,eo_eeo_Ukrainian
823024,933,a45_49,m,ao_osao
884232,933,a20_24,f,eo_weo_Dutch
55571,933,a45_49,f,ao_wcameo
488172,933,a40_44,f,eo_weo_German
87098,933,a10_14,m,onao_Canadian
83305,933,a30_34,f,eo_weo_German
878095,933,a15_19,f,eo_bio_Scottish
32468,933,a0_4,f,eo_weo_Dutch
267003,933,a45_49,m,ao_esao_Chinese
121882,933,a45_49,m,onao_Canadian
300666,933,a50_54,m,onao_Canadian
324691,933,a60_64,m,naao
202539,933,a40_44,m,onao
204945,933,a20_24,f,ao_esao_Chinese
906728,933,a25_29,f,eo_bio_Irish
642983,933,a15_19,m,ao_sao_ei
419276,933,a10_14,m,eo_weo_German
717332,933,a20_24,f,ao_esao_Chinese
229899,933,a55_59,m,ao_esao_Chinese
102903,933,a40_44,f,eo_oeeo
23457,933,a15_19,m,onao_Canadian
682413,933,a15_19,f,onao_Canadian
421398,933,a10_14,m,ao_osao
261418,933,a25_29,m,eo_obio
359904,933,a20_24,f,ao_esao_Filipino
224667,933,a15_19,m,ao
851516,933,a35_39,f,ao_oesao
76044,933,a45_49,m,ao_oesao
309905,933,a5_9,m,onao_Canadian
461718,933,a25_29,f,ao_esao_Chinese
530736,933,a55_59,f,eo_bio_English
872109,933,a30_34,m,eo_bio_Irish
405062,933,a50_54,f,eo_bio_Irish
423416,933,a5_9,f,ao_oesao
112858,933,a20_24,f,onao_Canadian
39011,933,a35_39,m,eo_bio_English
170047,933,a0_4,m,onao_Canadian
623140,933,a30_34,f,onao_Canadian
295171,933,a55_59,m,eo_eeo_Polish
639264,933,a25_29,f,onao_Canadian
714657,933,a45_49,m,ao_sao_ei
598122,933,a70_74,m,eo_bio_Scottish
601556,933,a55_59,m,eo_oweo
540818,933,a55_59,m,eo_weo_German
855075,933,a10_14,f,eo_bio_Scottish
571100,933,a70_74,f,onao
242882,933,a45_49,m,eo_weo_Dutch
429877,933,a30_34,m,ao_esao_Chinese
861191,933,a50_54,m,eo_bio_Irish
837842,933,a45_49,m,eo_eeo_Ukrainian
572440,933,a5_9,m,ao_sao_ei
422086,933,a60_64,m,eo_weo_German
903687,933,a10_14,m,ao_esao_Chinese
257029,933,a40_44,m,eo_bio_Scottish
296042,933,a50_54,f,ao
560398,933,a60_64,f,ao_esao_Chinese
290189,933,a40_44,f,ao_esao_Chinese
500325,933,a65_69,f,eo_bio_Scottish
838798,933,a5_9,f,onao_Canadian
403233,933,a50_54,f,ao
797474,933,a10_14,m,onao
279870,933,a80_84,m,eo_seo_Italian
399511,933,a45_49,f,ao_oesao
872723,933,a15_19,f,ao_sao_ei
450913,933,a75_79,f,eo_bio_English
34037,933,a15_19,f,eo_oeeo
424716,933,a30_34,m,eo_eeo_Polish
734401,933,a45_49,m,eo_fo
589176,933,a20_24,m,ao_oesao
52637,933,a60_64,f,eo_bio_English
334566,933,a30_34,m,eo_eeo_Ukrainian
422647,933,a45_49,m,ao_esao_Filipino
782422,933,a5_9,f,ao_sao_ei
571315,933,a5_9,f,ao_sao_ei
488830,933,a25_29,f,onao_Canadian
361710,933,a10_14,f,onao_Canadian
346612,933,a40_44,f,onao_Canadian
19139,933,a60_64,m,eo_seo_Italian
51293,933,a30_34,f,ao_esao_Chinese
76471,933,a0_4,f,onao_Canadian
652015,933,a35_39,m,ao_esao_Filipino
639941,933,a30_34,f,ao
185975,933,a10_14,m,ao_esao_Chinese
334710,933,a15_19,m,oo
201794,933,a30_34,f,eo_oeeo
272156,933,a10_14,m,onao_Canadian
158020,933,a55_59,f,eo_weo_Dutch
517535,933,a15_19,f,onao_Canadian
827070,933,a30_34,m,ao_esao_Filipino
740669,933,a65_69,m,eo_bio_Scottish
241930,933,a10_14,m,eo_bio_Scottish
340687,933,a35_39,m,eo_neo
607074,933,a35_39,f,eo_seo_Italian
215822,933,a30_34,f,eo_weo_German
84933,933,a15_19,f,oo
580213,933,a40_44,m,eo_bio_English
149966,933,a45_49,m,eo_fo
421761,933,a45_49,m,eo_eeo_Ukrainian
723858,933,a15_19,m,eo_bio_English
929714,933,a30_34,f,ao_esao_Chinese
512533,933,a15_19,m,eo_eeo_Hungarian
790213,933,a15_19,m,onao_Canadian
453732,933,a75_79,f,eo_bio_English
863099,933,a5_9,f,ao_sao_ei
212391,933,a5_9,f,eo_eeo_Polish
279391,933,a50_54,f,eo_bio_Irish
575666,933,a20_24,m,ao_esao_Filipino
712702,933,a5_9,f,ao_esao_Chinese
227644,933,a45_49,f,eo_bio_English
718342,933,a70_74,f,eo_neo
709103,933,a55_59,f,eo_neo
689839,933,a70_74,m,eo_bio_Irish
282871,933,a55_59,m,eo_weo_German
592880,933,a45_49,f,eo_fo
918632,933,a15_19,f,oco
486700,933,a35_39,m,eo_bio_Irish
432815,933,a30_34,m,onao_Canadian
231507,933,a35_39,f,oo
907067,933,a20_24,f,ao_esao_Chinese
283266,933,a15_19,f,eo_weo_German
228082,933,a65_69,f,eo_weo_Dutch
428271,933,a30_34,m,onao_Canadian
23385,933,a35_39,f,eo_eeo_Polish
202818,933,a15_19,m,oo
218771,933,a15_19,f,eo_oeeo
275339,933,a35_39,m,onao_Canadian
27458,933,a15_19,f,onao_Canadian
267815,933,a10_14,f,ao_osao
458335,933,a15_19,m,ao_esao_Chinese
670896,933,a50_54,f,onao
822462,933,a65_69,m,ao_esao_Chinese
738632,933,a55_59,m,eo_weo_German
858986,933,a15_19,m,ao_esao_Filipino
412335,933,a0_4,f,onao_Canadian
253499,933,a50_54,m,eo_weo_German
221377,933,a40_44,m,eo_weo_German
858930,933,a10_14,m,onao_Canadian
753363,933,a15_19,m,ao_esao_Chinese
189581,933,a0_4,m,eo_weo_German
295910,933,a25_29,f,ao_oesao
351847,933,a30_34,f,ao_osao
410173,933,a65_69,m,onao_Canadian
460407,933,a5_9,m,eo_oseo
27597,933,a10_14,m,onao_Canadian
808432,933,a70_74,f,eo_oweo
86867,933,a60_64,m,eo_oweo
928498,933,a50_54,m,eo_bio_English
836765,933,a5_9,m,ao_esao_Chinese
432934,933,a80_84,f,eo_seo_Italian
454076,933,a50_54,m,eo_bio_English
888383,933,a45_49,f,onao_Canadian
166659,933,a50_54,f,eo_bio_English
416007,933,a5_9,m,onao_Canadian
274015,933,a0_4,m,ao_esao_Chinese
72841,933,a50_54,m,eo_bio_English
912187,933,a55_59,m,eo_weo_German
923999,933,a30_34,f,eo_eeo_Ukrainian
521137,933,a15_19,m,ao_esao_Filipino
349889,933,a75_79,m,eo_oweo
473574,933,a60_64,f,eo_seo_Italian
238004,933,a50_54,m,eo_weo_German
184735,933,a15_19,f,eo_fo
928364,933,a15_19,m,ao_esao_Chinese
808549,933,a15_19,m,ao_wcameo
751639,933,a65_69,f,eo_neo
427284,933,a45_49,m,eo_bio_Scottish
496963,933,a20_24,f,onao_Canadian
358954,933,a5_9,m,eo_oseo
846158,933,a40_44,f,ao_oesao
37180,933,a55_59,f,ao_esao_Chinese
744885,933,a15_19,m,ao_esao_Chinese
55463,933,a5_9,f,onao_Canadian
334237,933,a35_39,m,ao_esao_Filipino
383326,933,a45_49,m,ao_oesao
623707,933,a30_34,m,onao_Canadian
663635,933,a50_54,m,eo_obio
830601,933,a55_59,m,ao_oesao
19370,933,a5_9,f,ao
655123,933,a10_14,f,ao_sao_ei
501046,933,a65_69,f,eo_obio
361394,933,a75_79,f,eo_weo_German
609772,933,a15_19,m,ao_wcameo
312730,933,a5_9,m,onao_Canadian
300287,933,a65_69,m,eo_neo
388628,933,a50_54,f,eo_weo_Dutch
751446,933,a15_19,m,onao_Canadian
875863,933,a15_19,f,ao_esao_Chinese
641282,933,a5_9,m,eo_eeo_Ukrainian
859027,933,a35_39,f,lcsao
635793,933,a5_9,m,onao_Canadian
24185,933,a55_59,m,eo_oweo
