PPSORT,CMA,AGE,SEX,RACE
69888,933,a20_24,f,ao_oesao
186986,933,a40_44,m,ao_esao_Chinese
209100,933,a75_79,m,ao_esao_Chinese
686763,933,a70_74,m,eo_neo
304535,933,a65_69,f,ao_sao_ei
222329,933,a10_14,m,ao_esao_Filipino
275805,933,a45_49,f,ao_esao_Filipino
306442,933,a55_59,m,ao_oesao
696138,933,a55_59,m,onao_Canadian
860920,933,a40_44,m,ao_esao_Chinese
285826,933,a25_29,f,ao_esao_Chinese
844758,933,a15_19,f,ao_esao_Chinese
157829,933,a70_74,f,ao_esao_Chinese
733719,933,a50_54,f,onao_Canadian
48009,933,a55_59,m,ao_sao_ei
740260,933,a55_59,m,ao_esao_Chinese
753363,933,a15_19,m,ao_esao_Chinese
899563,933,a60_64,m,ao_esao_Chinese
75712,933,a40_44,f,ao_esao_Chinese
710804,933,a20_24,m,ao_osao
164296,933,a20_24,f,ao_esao_Chinese
107777,933,a10_14,f,ao_esao_Chinese
286108,933,a15_19,f,ao_esao_Chinese
822522,933,a20_24,f,ao_sao_ei
397735,933,a50_54,m,ao_esao_Chinese
899665,933,a25_29,f,ao_esao_Chinese
85488,933,a65_69,f,ao_esao_Filipino
882048,933,a40_44,f,ao_esao_Chinese
364621,933,a45_49,m,ao_esao_Chinese
843634,933,a40_44,f,ao_wcameo
809226,933,a0_4,m,lcsao
500982,933,a50_54,m,ao_esao_Chinese
406472,933,a15_19,m,ao_esao_Chinese
572422,933,a20_24,f,ao_sao_ei
338806,933,a60_64,m,ao_sao_ei
263988,933,a55_59,m,ao_wcameo
22473,933,a20_24,f,ao_esao_Chinese
284572,933,a55_59,m,ao_wcameo
13635,933,a55_59,f,ao_esao_Chinese
108773,933,a45_49,m,eo_bio_English
50065,933,a70_74,f,ao_esao_Chinese
511335,933,a55_59,m,ao_sao_ei
267609,933,a5_9,m,ao_oesao
272476,933,a40_44,f,ao_osao
627494,933,a10_14,f,ao_esao_Chinese
268173,933,a35_39,m,ao_esao_Chinese
304349,933,a45_49,f,ao_esao_Chinese
550332,933,a25_29,f,ao_esao_Chinese
729351,933,a45_49,f,ao_esao_Chinese
868569,933,a10_14,f,eo_fo
530177,933,a55_59,f,ao_esao_Chinese
734444,933,a75_79,m,eo_bio_Scottish
720589,933,a20_24,m,ao_esao_Chinese
374162,933,a85_,f,ao_esao_Chinese
278623,933,a20_24,f,oo
360187,933,a20_24,f,ao_oesao
239990,933,a40_44,f,onao_Canadian
228869,933,a45_49,f,lcsao
374812,933,a55_59,f,eo_seo_Italian
708492,933,a20_24,f,ao_esao_Chinese
918689,933,a45_49,m,lcsao
126857,933,a75_79,m,eo_fo
474987,933,a15_19,f,onao_Canadian
780739,933,a70_74,m,eo_bio_Scottish
250551,933,a75_79,f,ao_esao_Chinese
826879,933,a40_44,m,onao_Canadian
141255,933,a65_69,f,ao_esao_Chinese
199320,933,a40_44,m,ao_esao_Chinese
531333,933,a50_54,f,ao_esao_Chinese
575803,933,a40_44,f,ao_esao_Chinese
399309,933,a10_14,f,ao_esao_Chinese
22362,933,a20_24,m,ao_esao_Chinese
861779,933,a50_54,f,eo_bio_English
107584,933,a45_49,f,ao_oesao
509876,933,a20_24,m,ao_esao_Chinese
447060,933,a15_19,f,ao_esao_Chinese
508246,933,a5_9,m,ao_osao
683365,933,a15_19,m,onao_Canadian
844203,933,a0_4,f,ao_esao_Chinese
926444,933,a45_49,f,lcsao
882331,933,a45_49,f,eo_weo_Dutch
47263,933,a50_54,m,ao_esao_Chinese
152176,933,a75_79,m,eo_oeo
119686,933,a60_64,f,ao_esao_Chinese
820,933,a70_74,f,eo_bio_English
56710,933,a75_79,f,eo_seo_Italian
11759,933,a50_54,m,ao_esao_Chinese
397702,933,a80_84,m,eo_fo
446232,933,a25_29,f,ao_esao_Chinese
430992,933,a5_9,f,ao_esao_Chinese
531752,933,a40_44,m,onao_Canadian
795229,933,a15_19,f,ao_esao_Chinese
151199,933,a20_24,f,ao_esao_Chinese
624656,933,a15_19,f,onao_Canadian
867372,933,a25_29,m,ao_wcameo
895627,933,a75_79,f,ao_esao_Chinese
4493,933,a20_24,m,ao_esao_Chinese
461971,933,a15_19,f,ao_esao_Chinese
656854,933,a20_24,m,eo_oeeo
153028,933,a20_24,f,ao_esao_Chinese
462402,933,a15_19,f,ao_wcameo
515285,933,a20_24,f,ao_esao_Chinese
186232,933,a70_74,f,ao_esao_Chinese
347709,933,a50_54,f,ao_esao_Chinese
537210,933,a45_49,f,ao_esao_Chinese
201088,933,a80_84,m,ao_esao_Chinese
513323,933,a60_64,m,ao_osao
479359,933,a5_9,m,ao_wcameo
720418,933,a25_29,f,eo_neo
219177,933,a40_44,f,eo_bio_Scottish
462599,933,a35_39,m,eo_bio_Irish
225791,933,a35_39,m,eo_bio_English
910406,933,a55_59,f,ao_esao_Chinese
453125,933,a0_4,m,ao_sao_ei
234186,933,a50_54,m,ao_esao_Chinese
166743,933,a0_4,m,ao_esao_Chinese
233952,933,a20_24,f,ao_oesao
898708,933,a35_39,m,eo_oeeo
20142,933,a35_39,m,ao_wcameo
360702,933,a40_44,f,ao_esao_Chinese
402762,933,a35_39,f,ao_esao_Chinese
26609,933,a60_64,m,ao_esao_Chinese
690192,933,a70_74,m,eo_oeeo
53510,933,a85_,m,ao_esao_Chinese
137944,933,a30_34,m,ao_esao_Chinese
82304,933,a45_49,f,ao_oesao
715637,933,a50_54,f,ao_wcameo
52430,933,a45_49,f,eo_weo_Dutch
81991,933,a5_9,m,ao_oesao
658591,933,a10_14,m,ao_wcameo
762041,933,a50_54,f,ao_esao_Chinese
193516,933,a25_29,m,ao_esao_Chinese
431853,933,a20_24,f,ao_esao_Chinese
457232,933,a10_14,f,ao_esao_Filipino
712702,933,a5_9,f,ao_esao_Chinese
121525,933,a20_24,m,ao_esao_Chinese
187519,933,a45_49,f,ao_esao_Chinese
462125,933,a20_24,m,ao_esao_Chinese
901011,933,a65_69,m,ao_esao_Chinese
800387,933,a55_59,m,ao_esao_Chinese
232510,933,a50_54,f,ao_esao_Chinese
536330,933,a60_64,f,ao_oesao
126833,933,a65_69,m,eo_weo_German
700160,933,a55_59,m,ao_oesao
65904,933,a70_74,f,ao_esao_Chinese
869140,933,a20_24,f,ao_esao_Chinese
543940,933,a65_69,m,ao_sao_ei
321723,933,a60_64,f,eo_eeo_Russian
722752,933,a35_39,f,ao_oesao
167345,933,a65_69,m,ao_esao_Chinese
52095,933,a55_59,f,ao_esao_Chinese
302270,933,a80_84,m,ao_esao_Chinese
447176,933,a30_34,m,ao_esao_Chinese
695966,933,a60_64,m,ao_esao_Chinese
63970,933,a15_19,m,ao_esao_Chinese
740985,933,a5_9,m,ao_oesao
107742,933,a55_59,m,ao_esao_Chinese
616544,933,a60_64,m,ao_wcameo
338367,933,a35_39,m,ao_wcameo
492498,933,a70_74,f,ao_esao_Chinese
457310,933,a50_54,f,ao_esao_Chinese
123167,933,a25_29,f,ao_esao_Filipino
137087,933,a20_24,m,onao_Canadian
85301,933,a25_29,f,ao_esao_Chinese
484521,933,a75_79,f,ao_esao_Chinese
334892,933,a10_14,f,ao_wcameo
557919,933,a10_14,m,ao_esao_Chinese
555960,933,a25_29,f,ao_oesao
794132,933,a65_69,f,ao_sao_ei
851026,933,a15_19,m,ao_esao_Chinese
129589,933,a45_49,m,ao_wcameo
205372,933,a30_34,m,ao_esao_Chinese
294482,933,a50_54,m,ao_esao_Chinese
178426,933,a45_49,m,eo_seo_Italian
907774,933,a65_69,f,ao_esao_Chinese
315969,933,a15_19,f,ao
736758,933,a45_49,f,ao_osao
480213,933,a20_24,f,ao_sao_ei
356745,933,a55_59,f,ao_esao_Chinese
87268,933,a10_14,m,ao
294921,933,a65_69,f,ao_oesao
686281,933,a50_54,f,ao_esao_Chinese
365301,933,a15_19,f,ao_esao_Chinese
274101,933,a50_54,f,lcsao
360815,933,a40_44,f,ao_wcameo
30915,933,a60_64,f,ao_esao_Chinese
130300,933,a55_59,m,ao_esao_Chinese
490338,933,a25_29,m,ao_esao_Chinese
477660,933,a70_74,f,eo_seo_Italian
678763,933,a15_19,m,ao_esao_Chinese
409491,933,a45_49,f,ao_esao_Chinese
877581,933,a30_34,m,ao_osao
527550,933,a20_24,f,ao_esao_Chinese
193259,933,a55_59,f,ao_esao_Filipino
510672,933,a45_49,m,ao_esao_Chinese
920428,933,a0_4,m,ao_esao_Chinese
159479,933,a15_19,m,ao_esao_Chinese
852318,933,a25_29,f,ao_esao_Chinese
280552,933,a80_84,f,ao_esao_Chinese
912602,933,a50_54,f,eo_seo_Portuguese
133189,933,a15_19,f,onao_Canadian
456999,933,a30_34,f,eo_seo_Spanish
870053,933,a55_59,m,ao_oesao
831106,933,a15_19,m,ao_esao_Chinese
580004,933,a65_69,m,ao
787735,933,a10_14,f,eo_bio_English
877889,933,a50_54,f,ao_esao_Chinese
80557,933,a55_59,m,ao_esao_Chinese
101560,933,a5_9,f,ao_esao_Filipino
775291,933,a45_49,m,ao_esao_Chinese
287641,933,a60_64,m,eo_weo_Dutch
273369,933,a45_49,f,ao_esao_Chinese
841128,933,a60_64,f,ao_esao_Chinese
634433,933,a45_49,m,ao_esao_Chinese
904723,933,a15_19,f,ao_oesao
412959,933,a15_19,m,ao_esao_Chinese
64965,933,a5_9,f,eo_bio_English
564493,933,a15_19,f,ao
276502,933,a10_14,f,ao_esao_Chinese
748207,933,a10_14,f,ao_sao_ei
369649,933,a10_14,m,ao_esao_Chinese
879850,933,a10_14,m,ao_esao_Chinese
692942,933,a65_69,m,ao_wcameo
821754,933,a15_19,m,ao_esao_Chinese
443509,933,a25_29,f,ao_esao_Chinese
245086,933,a60_64,f,ao_esao_Chinese
631743,933,a65_69,m,eo_oseo
680808,933,a15_19,m,ao_esao_Chinese
293914,933,a65_69,m,ao_esao_Chinese
623554,933,a30_34,f,ao_wcameo
579490,933,a65_69,m,ao_esao_Chinese
374347,933,a5_9,f,ao_esao_Chinese
898424,933,a35_39,m,eo_eeo_Ukrainian
49869,933,a40_44,m,ao_esao_Chinese
667822,933,a50_54,m,ao_oesao
365480,933,a10_14,m,eo_seo_Spanish
777848,933,a25_29,f,ao_wcameo
758790,933,a5_9,f,ao_esao_Chinese
516406,933,a55_59,f,ao_esao_Chinese
178613,933,a65_69,f,ao_esao_Chinese
456731,933,a50_54,m,ao_esao_Chinese
507151,933,a25_29,f,ao_esao_Chinese
260483,933,a50_54,m,ao_sao_ei
153094,933,a55_59,m,ao_esao_Chinese
27454,933,a40_44,m,ao_esao_Chinese
899591,933,a80_84,f,ao_esao_Chinese
540788,933,a35_39,f,ao_esao_Chinese
546288,933,a50_54,m,ao_oesao
576760,933,a15_19,f,ao_esao_Chinese
229394,933,a45_49,m,ao_esao_Chinese
89731,933,a15_19,f,ao_esao_Chinese
842684,933,a15_19,f,ao_esao_Chinese
663358,933,a20_24,f,ao_osao
529921,933,a15_19,f,ao_osao
241183,933,a35_39,f,ao_esao_Chinese
94588,933,a45_49,f,ao_esao_Chinese
181476,933,a20_24,f,ao_esao_Chinese
195007,933,a20_24,f,ao_esao_Chinese
540732,933,a55_59,m,ao_esao_Chinese
697229,933,a10_14,f,ao_esao_Filipino
311547,933,a55_59,f,ao_esao_Chinese
105544,933,a65_69,m,ao_esao_Chinese
702430,933,a55_59,f,onao_Canadian
315345,933,a50_54,m,ao_esao_Chinese
128709,933,a45_49,m,eo_seo_Spanish
435214,933,a45_49,m,ao_esao_Chinese
124106,933,a50_54,f,ao_esao_Chinese
135224,933,a40_44,f,ao
662570,933,a65_69,m,ao_esao_Chinese
779055,933,a50_54,f,ao_esao_Chinese
130236,933,a85_,f,ao_esao_Chinese
359228,933,a20_24,m,ao_esao_Chinese
424648,933,a65_69,m,ao_esao_Chinese
185402,933,a10_14,m,ao_sao_ei
14876,933,a0_4,f,ao_oesao
31856,933,a5_9,f,ao_oesao
113617,933,a50_54,m,ao_sao_ei
280789,933,a65_69,m,eo_obio
920932,933,a65_69,f,lcsao
836508,933,a80_84,m,ao_esao_Chinese
237081,933,a60_64,m,ao_wcameo
721397,933,a20_24,f,lcsao
819274,933,a40_44,f,eo_weo_German
893684,933,a50_54,f,ao_esao_Chinese
550892,933,a5_9,m,ao_esao_Chinese
21591,933,a55_59,m,ao_oesao
746402,933,a60_64,f,lcsao
395261,933,a70_74,m,eo_weo_German
454892,933,a50_54,f,ao_esao_Chinese
790296,933,a20_24,f,ao_oesao
592498,933,a45_49,m,ao_wcameo
339806,933,a15_19,m,ao_oesao
387741,933,a55_59,m,ao_wcameo
523392,933,a40_44,m,ao_oesao
188567,933,a45_49,m,onao_Canadian
798218,933,a10_14,f,ao_esao_Chinese
859243,933,a60_64,f,ao_wcameo
186284,933,a15_19,m,ao_esao_Chinese
817965,933,a5_9,m,ao_esao_Chinese
722699,933,a55_59,m,ao_sao_ei
392297,933,a25_29,m,ao_esao_Chinese
578098,933,a25_29,f,ao_esao_Chinese
772202,933,a50_54,m,ao_esao_Chinese
317006,933,a50_54,f,onao_Canadian
157503,933,a45_49,m,ao_oesao
483638,933,a50_54,f,ao_oesao
876882,933,a30_34,m,ao_wcameo
715615,933,a45_49,f,ao_esao_Chinese
6740,933,a55_59,f,ao_esao_Chinese
4705,933,a30_34,f,ao_sao_ei
777396,933,a15_19,f,ao
479786,933,a50_54,m,ao_sao_ei
737671,933,a55_59,f,ao_esao_Chinese
231234,933,a20_24,m,ao_esao_Chinese
152806,933,a50_54,f,ao_esao_Chinese
150755,933,a65_69,m,ao_sao_ei
272099,933,a60_64,f,ao_esao_Chinese
142505,933,a65_69,m,ao_oesao
87787,933,a60_64,m,ao_esao_Chinese
911851,933,a20_24,m,ao_esao_Chinese
20291,933,a10_14,m,onao_Canadian
856797,933,a0_4,m,ao_esao_Chinese
808052,933,a5_9,m,eo_seo_Greek
836560,933,a45_49,f,eo_weo_Dutch
371565,933,a80_84,f,ao_esao_Chinese
827494,933,a45_49,m,ao_wcameo
836296,933,a30_34,f,ao_esao_Chinese
873341,933,a20_24,f,ao_esao_Chinese
817489,933,a15_19,f,ao_esao_Filipino
312363,933,a15_19,m,ao_esao_Chinese
661829,933,a45_49,m,ao_oesao
150223,933,a40_44,m,onao_Canadian
878590,933,a60_64,f,ao_esao_Chinese
14217,933,a50_54,f,ao_esao_Chinese
647571,933,a55_59,m,ao_esao_Chinese
910593,933,a30_34,f,ao_esao_Chinese
104412,933,a45_49,m,ao_wcameo
231514,933,a50_54,f,ao_esao_Chinese
605536,933,a20_24,f,ao_esao_Chinese
750276,933,a20_24,f,ao_esao_Chinese
643606,933,a15_19,f,ao_esao_Chinese
226449,933,a20_24,m,ao_esao_Chinese
466852,933,a15_19,f,ao_esao_Chinese
263196,933,a75_79,f,ao_esao_Chinese
755848,933,a15_19,f,ao_esao_Chinese
173949,933,a20_24,m,ao_sao_ei
172447,933,a25_29,f,ao_esao_Chinese
55035,933,a55_59,m,ao_esao_Chinese
28076,933,a25_29,f,ao_esao_Chinese
878810,933,a70_74,f,ao_esao_Chinese
230438,933,a55_59,m,ao_esao_Chinese
341869,933,a55_59,m,eo_weo_German
567661,933,a45_49,m,eo_fo
217441,933,a55_59,f,eo_weo_Dutch
209458,933,a0_4,f,eo_seo_Italian
91047,933,a40_44,f,ao_esao_Chinese
142357,933,a50_54,f,ao_esao_Chinese
467214,933,a50_54,f,ao_osao
879324,933,a45_49,m,ao_esao_Chinese
192755,933,a65_69,m,ao_wcameo
329972,933,a35_39,m,ao_wcameo
458320,933,a10_14,f,ao_wcameo
656464,933,a25_29,m,ao_oesao
40780,933,a50_54,m,ao_esao_Filipino
687656,933,a55_59,f,eo_weo_Dutch
489034,933,a45_49,m,ao_esao_Chinese
462227,933,a50_54,m,eo_weo_German
573508,933,a10_14,f,ao_esao_Chinese
699495,933,a60_64,f,ao_esao_Filipino
802890,933,a45_49,m,ao_esao_Chinese
684515,933,a45_49,m,eo_weo_German
282295,933,a45_49,f,ao_sao_ei
880384,933,a35_39,m,ao_esao_Filipino
419764,933,a25_29,m,ao_esao_Filipino
404361,933,a15_19,f,eo_eeo_Russian
853531,933,a20_24,f,ao_esao_Chinese
255795,933,a60_64,m,ao_esao_Chinese
212953,933,a25_29,f,ao_esao_Chinese
880502,933,a55_59,f,ao_esao_Chinese
70903,933,a65_69,f,ao_esao_Chinese
882812,933,a45_49,m,ao_esao_Chinese
919969,933,a50_54,m,eo_seo_Italian
360702,933,a40_44,f,ao_esao_Chinese
607943,933,a20_24,f,ao_oesao
346071,933,a55_59,m,ao_esao_Chinese
827321,933,a0_4,f,onao_Canadian
767832,933,a20_24,f,ao_esao_Chinese
834362,933,a35_39,f,eo_eeo_Russian
206738,933,a15_19,m,ao_oesao
345356,933,a55_59,f,ao_wcameo
15665,933,a15_19,m,ao_esao_Chinese
515698,933,a50_54,m,onao_Canadian
658177,933,a5_9,m,ao_esao_Chinese
413110,933,a40_44,m,ao_sao_ei
280715,933,a45_49,m,eo_seo_Italian
207577,933,a0_4,m,ao_esao_Chinese
345015,933,a55_59,m,ao_wcameo
523586,933,a55_59,m,ao_esao_Chinese
489801,933,a60_64,f,ao_esao_Filipino
200589,933,a25_29,m,ao_esao_Chinese
119203,933,a15_19,m,ao_wcameo
852452,933,a15_19,f,ao_esao_Chinese
484329,933,a10_14,m,eo_seo_Greek
740705,933,a15_19,m,ao_esao_Chinese
395841,933,a15_19,m,ao_oesao
698725,933,a55_59,f,ao_esao_Chinese
753306,933,a55_59,f,eo_bio_English
321585,933,a20_24,f,ao_wcameo
316416,933,a65_69,f,ao_esao_Chinese
713297,933,a15_19,f,ao_esao_Chinese
88589,933,a45_49,m,onao_Canadian
186964,933,a30_34,m,ao_esao_Chinese
729584,933,a0_4,f,ao_oesao
15675,933,a5_9,f,ao_sao_ei
403682,933,a80_84,m,ao_esao_Chinese
825996,933,a50_54,m,ao_esao_Chinese
79643,933,a55_59,f,ao_oesao
103724,933,a10_14,m,ao_esao_Chinese
622840,933,a55_59,f,ao_esao_Chinese
764520,933,a20_24,m,ao_esao_Chinese
645434,933,a20_24,m,ao_esao_Chinese
86097,933,a20_24,m,ao_esao_Filipino
386693,933,a20_24,m,ao_esao_Chinese
824618,933,a50_54,f,ao_esao_Chinese
339245,933,a70_74,f,ao_esao_Chinese
535892,933,a15_19,m,ao_esao_Chinese
904883,933,a25_29,m,eo_seo_Italian
181764,933,a15_19,m,ao_esao_Chinese
581218,933,a10_14,f,ao_esao_Chinese
90463,933,a10_14,f,ao_wcameo
224377,933,a45_49,f,ao_esao_Filipino
748837,933,a5_9,m,ao_esao_Chinese
100648,933,a15_19,f,ao_oesao
466847,933,a65_69,m,ao_esao_Chinese
38910,933,a5_9,m,ao_esao_Chinese
717843,933,a85_,m,ao_esao_Chinese
119412,933,a55_59,m,ao_sao_ei
520515,933,a65_69,f,ao_esao_Chinese
619896,933,a55_59,m,eo_eeo_Ukrainian
706774,933,a60_64,f,ao_esao_Filipino
805920,933,a10_14,m,ao_esao_Filipino
475120,933,a35_39,m,ao_esao_Chinese
81641,933,a20_24,m,ao_esao_Chinese
655237,933,a25_29,m,ao_esao_Chinese
206000,933,a10_14,f,ao_osao
263044,933,a20_24,f,onao_Canadian
261732,933,a10_14,f,ao_esao_Chinese
242148,933,a10_14,f,ao_esao_Chinese
866154,933,a60_64,m,ao_esao_Chinese
731348,933,a70_74,f,ao_esao_Chinese
127271,933,a25_29,m,ao_esao_Chinese
868625,933,a35_39,f,ao_osao
854586,933,a0_4,m,ao_esao_Chinese
608852,933,a40_44,f,ao_oesao
407497,933,a70_74,f,ao_esao_Filipino
182809,933,a55_59,m,ao_esao_Chinese
769848,933,a55_59,m,ao_esao_Chinese
308885,933,a50_54,f,ao_sao_ei
66597,933,a65_69,m,ao_esao_Chinese
614912,933,a70_74,f,ao_esao_Chinese
474258,933,a35_39,f,ao_sao_ei
451622,933,a25_29,m,ao_esao_Chinese
42303,933,a45_49,f,ao_esao_Chinese
451434,933,a70_74,f,eo_seo_Italian
43159,933,a60_64,f,eo_fo
342795,933,a35_39,f,ao_esao_Chinese
513752,933,a65_69,f,ao_sao_ei
899505,933,a35_39,f,ao_sao_ei
37185,933,a45_49,m,ao_esao_Chinese
337831,933,a20_24,f,ao_esao_Chinese
350524,933,a50_54,f,ao_esao_Chinese
155826,933,a50_54,f,ao_esao_Chinese
775856,933,a5_9,m,ao_sao_ei
431883,933,a80_84,m,ao_esao_Chinese
765230,933,a65_69,f,eo_weo_German
177735,933,a20_24,f,ao_esao_Chinese
800694,933,a55_59,m,ao_esao_Chinese
616318,933,a10_14,f,ao_esao_Chinese
555464,933,a55_59,m,eo_weo_German
528861,933,a70_74,m,ao_wcameo
502204,933,a45_49,f,eo_neo
631743,933,a65_69,m,eo_oseo
926283,933,a10_14,f,ao_sao_ei
674106,933,a60_64,m,ao_sao_ei
4118,933,a20_24,m,ao_esao_Chinese
6101,933,a5_9,f,ao_sao_ei
278276,933,a45_49,m,ao_oesao
404291,933,a40_44,m,ao_esao_Chinese
165979,933,a20_24,f,ao_wcameo
657913,933,a15_19,m,ao_esao_Chinese
629978,933,a45_49,f,ao_esao_Chinese
922298,933,a70_74,m,ao_wcameo
379888,933,a55_59,f,ao_esao_Chinese
431853,933,a20_24,f,ao_esao_Chinese
266199,933,a50_54,f,ao_esao_Chinese
300205,933,a60_64,m,ao_esao_Chinese
838091,933,a20_24,m,ao_esao_Chinese
766706,933,a15_19,m,ao
818108,933,a15_19,m,ao_oesao
187349,933,a80_84,f,ao_esao_Chinese
184004,933,a15_19,f,ao_esao_Chinese
679088,933,a5_9,m,onao_Canadian
411332,933,a30_34,f,ao_sao_ei
121798,933,a50_54,f,ao_esao_Chinese
630608,933,a30_34,m,ao_esao_Chinese
147445,933,a15_19,m,ao_sao_ei
923957,933,a20_24,f,eo_bio_English
696277,933,a40_44,m,ao_esao_Chinese
55035,933,a55_59,m,ao_esao_Chinese
579343,933,a40_44,m,eo_seo_Greek
815030,933,a40_44,f,ao_esao_Chinese
803758,933,a20_24,m,ao_esao_Chinese
177977,933,a10_14,m,ao_oesao
69138,933,a5_9,m,ao_wcameo
308836,933,a40_44,m,ao_esao_Chinese
796543,933,a30_34,f,lcsao
815077,933,a75_79,m,ao_wcameo
165307,933,a20_24,m,ao_esao_Chinese
540137,933,a50_54,m,ao_osao
40885,933,a15_19,f,ao_esao_Chinese
766,933,a60_64,m,ao_esao_Chinese
842363,933,a45_49,f,ao_esao_Chinese
401314,933,a75_79,f,ao_esao_Chinese
337910,933,a65_69,m,ao_esao_Chinese
761895,933,a5_9,m,naao
13635,933,a55_59,f,ao_esao_Chinese
909809,933,a25_29,f,ao_osao
173793,933,a5_9,f,ao_sao_ei
344231,933,a15_19,m,ao_esao_Chinese
710319,933,a25_29,f,lcsao
237333,933,a60_64,f,eo_weo_Dutch
664554,933,a35_39,m,ao_esao_Chinese
464101,933,a20_24,m,ao_esao_Chinese
582476,933,a45_49,f,ao_esao_Chinese
793467,933,a5_9,f,eo_seo_Greek
35812,933,a55_59,f,ao_esao_Chinese
681744,933,a15_19,f,ao_esao_Chinese
497453,933,a55_59,f,ao_esao_Chinese
500458,933,a25_29,f,ao_esao_Filipino
96294,933,a40_44,f,ao_esao_Chinese
695279,933,a25_29,m,ao_oesao
99435,933,a50_54,m,ao_wcameo
32336,933,a10_14,f,ao_esao_Chinese
369250,933,a5_9,f,ao_esao_Filipino
818171,933,a65_69,m,ao_esao_Chinese
619055,933,a45_49,m,ao_esao_Chinese
158329,933,a55_59,m,ao_esao_Chinese
706148,933,a20_24,f,ao_esao_Chinese
473108,933,a15_19,m,ao_esao_Filipino
105993,933,a20_24,m,ao_esao_Chinese
85757,933,a55_59,f,ao_esao_Chinese
398886,933,a55_59,f,eo_eeo_Polish
35812,933,a55_59,f,ao_esao_Chinese
104412,933,a45_49,m,ao_wcameo
84569,933,a15_19,m,ao_esao_Chinese
195832,933,a45_49,f,ao_esao_Chinese
405062,933,a50_54,f,eo_bio_Irish
2280,933,a45_49,f,ao_esao_Chinese
684682,933,a70_74,m,ao_esao_Chinese
147568,933,a10_14,m,onao_Canadian
655256,933,a25_29,f,ao_esao_Chinese
570897,933,a5_9,m,ao_esao_Filipino
868577,933,a50_54,f,ao_esao_Chinese
141494,933,a75_79,f,eo_neo
210793,933,a60_64,f,ao_esao_Chinese
652838,933,a10_14,f,ao_esao_Chinese
396012,933,a50_54,m,ao_esao_Chinese
495078,933,a35_39,f,ao_esao_Chinese
500499,933,a50_54,m,eo_seo_Italian
274903,933,a55_59,f,eo_neo
837727,933,a5_9,m,ao
799897,933,a40_44,f,ao_oesao
622161,933,a5_9,f,ao
462610,933,a35_39,f,ao_esao_Chinese
271259,933,a15_19,m,ao_esao_Chinese
763440,933,a40_44,m,ao_esao_Chinese
121709,933,a25_29,m,ao_esao_Chinese
832891,933,a50_54,f,eo_bio_Irish
116543,933,a55_59,m,ao_esao_Chinese
356121,933,a70_74,m,eo_neo
604210,933,a50_54,m,ao_osao
854886,933,a45_49,m,ao_esao_Chinese
63121,933,a45_49,m,ao_esao_Chinese
910947,933,a50_54,m,ao_esao_Chinese
412358,933,a25_29,m,ao_sao_ei
468766,933,a25_29,m,ao_esao_Chinese
570892,933,a55_59,f,ao_esao_Chinese
761476,933,a45_49,m,eo_bio_Irish
904980,933,a30_34,f,ao_esao_Chinese
527070,933,a55_59,m,ao_wcameo
737646,933,a10_14,f,ao_esao_Filipino
236681,933,a70_74,m,eo_bio_English
843431,933,a15_19,f,ao_esao_Chinese
641525,933,a5_9,f,ao_esao_Chinese
602628,933,a65_69,m,ao_esao_Chinese
319675,933,a40_44,f,ao_esao_Chinese
236566,933,a25_29,f,ao_esao_Chinese
318001,933,a15_19,m,ao_esao_Chinese
736125,933,a35_39,f,ao_oesao
402825,933,a0_4,f,ao_osao
529434,933,a35_39,f,ao_wcameo
617571,933,a10_14,m,ao_sao_ei
380659,933,a55_59,f,eo_eeo_Polish
688246,933,a0_4,m,ao_osao
94330,933,a10_14,m,ao_esao_Chinese
262214,933,a60_64,f,ao_esao_Chinese
112421,933,a0_4,f,ao_esao_Chinese
410027,933,a40_44,f,ao_esao_Chinese
427386,933,a25_29,m,ao_oesao
774364,933,a50_54,m,ao_wcameo
743196,933,a35_39,m,ao_esao_Chinese
102278,933,a15_19,m,ao_esao_Chinese
231743,933,a25_29,f,ao_wcameo
280240,933,a10_14,f,ao_wcameo
96497,933,a15_19,m,ao_esao_Chinese
698378,933,a50_54,m,ao_wcameo
553982,933,a50_54,f,ao_esao_Chinese
176490,933,a30_34,f,ao_esao_Chinese
742938,933,a25_29,m,ao_esao_Chinese
145404,933,a50_54,m,ao_esao_Chinese
555074,933,a65_69,m,ao_esao_Chinese
702818,933,a70_74,f,eo_bio_Scottish
892350,933,a15_19,m,ao_esao_Chinese
278255,933,a10_14,f,ao_esao_Chinese
887200,933,a55_59,f,ao_esao_Chinese
676410,933,a40_44,f,ao_wcameo
26912,933,a25_29,m,ao_esao_Filipino
681415,933,a55_59,f,ao_esao_Chinese
321098,933,a30_34,m,ao_wcameo
849170,933,a10_14,f,ao_wcameo
706762,933,a65_69,f,ao_wcameo
93956,933,a30_34,f,eo_seo_Greek
913744,933,a35_39,f,ao_wcameo
672063,933,a10_14,m,ao_esao_Chinese
890831,933,a45_49,f,ao_sao_ei
910372,933,a45_49,f,ao
188542,933,a50_54,m,ao_esao_Chinese
256890,933,a65_69,m,ao_esao_Chinese
245285,933,a15_19,m,ao_oesao
354187,933,a25_29,f,ao_esao_Chinese
625426,933,a20_24,m,ao_esao_Filipino
28552,933,a15_19,m,ao_esao_Chinese
645531,933,a70_74,m,eo_bio_English
368612,933,a35_39,m,ao_sao_ei
8830,933,a40_44,m,ao_esao_Filipino
264296,933,a55_59,f,ao_sao_ei
518157,933,a40_44,f,ao_esao_Chinese
353753,933,a25_29,f,ao_osao
134800,933,a45_49,m,ao_esao_Chinese
496668,933,a55_59,m,ao_esao_Chinese
77778,933,a25_29,f,ao_wcameo
196925,933,a5_9,m,onao_Canadian
165791,933,a40_44,m,ao_oesao
61400,933,a55_59,f,ao_oesao
290137,933,a20_24,m,ao_esao_Chinese
701970,933,a60_64,m,ao_esao_Chinese
105668,933,a5_9,f,ao_wcameo
102134,933,a65_69,f,ao_esao_Chinese
157465,933,a55_59,f,ao_esao_Filipino
413805,933,a25_29,m,lcsao
445115,933,a40_44,m,ao_oesao
614815,933,a45_49,m,ao_esao_Chinese
862705,933,a75_79,m,ao_sao_ei
567107,933,a35_39,m,ao_esao_Chinese
695698,933,a60_64,m,eo_bio_Scottish
244656,933,a10_14,m,ao_sao_ei
42469,933,a10_14,m,ao_esao_Chinese
731368,933,a45_49,m,eo_bio_English
609990,933,a55_59,m,ao_esao_Chinese
592401,933,a55_59,m,ao_esao_Chinese
369837,933,a45_49,f,ao_sao_ei
397376,933,a50_54,f,eo_bio_Irish
480946,933,a75_79,f,ao_esao_Chinese
690394,933,a20_24,f,ao_esao_Chinese
562806,933,a65_69,m,ao_sao_ei
663033,933,a50_54,f,ao_sao_ei
903252,933,a50_54,m,ao_esao_Chinese
721967,933,a55_59,f,lcsao
864089,933,a55_59,m,ao_esao_Chinese
163077,933,a5_9,f,ao_esao_Chinese
450594,933,a10_14,f,ao_esao_Chinese
894643,933,a50_54,m,ao_esao_Chinese
202570,933,a45_49,f,ao_esao_Chinese
489277,933,a50_54,m,eo_seo_Italian
66887,933,a50_54,m,ao_esao_Filipino
270787,933,a20_24,f,ao_esao_Chinese
265117,933,a65_69,m,ao_oesao
127318,933,a35_39,m,eo_fo
826498,933,a5_9,m,ao_esao_Chinese
770090,933,a40_44,f,ao_esao_Chinese
247665,933,a55_59,m,ao_esao_Chinese
808220,933,a60_64,m,ao_esao_Chinese
217529,933,a50_54,f,ao_esao_Chinese
832365,933,a35_39,m,eo_oseo
677534,933,a30_34,f,ao_esao_Chinese
347534,933,a15_19,m,ao_wcameo
219410,933,a75_79,m,eo_eeo_Ukrainian
131886,933,a40_44,m,ao_esao_Chinese
207949,933,a50_54,f,ao_esao_Chinese
765116,933,a60_64,f,ao_esao_Chinese
262518,933,a50_54,m,ao_wcameo
878665,933,a45_49,m,ao_esao_Chinese
781175,933,a25_29,f,ao_esao_Chinese
27611,933,a20_24,f,ao_esao_Chinese
638790,933,a70_74,m,ao_wcameo
309643,933,a30_34,f,lcsao
128356,933,a5_9,m,ao_esao_Chinese
846497,933,a60_64,m,lcsao
687289,933,a25_29,f,ao_sao_ei
919406,933,a20_24,f,ao_esao_Chinese
