"PPSORT","CMA","AGE","SEX","RACE"
319440,933,"a30_34","m","onao_Canadian"
698023,933,"a30_34","f","ao_sao_ei"
307599,933,"a65_69","f","ao_sao_ei"
293493,933,"a5_9","m","naao"
530761,933,"a5_9","f","ao_sao_ei"
115049,933,"a30_34","f","ao_sao_ei"
841201,933,"a65_69","m","ao_sao_ei"
86455,933,"a45_49","m","eo_bio_English"
625695,933,"a35_39","m","ao_sao_ei"
594490,933,"a30_34","f","ao_sao_ei"
57667,933,"a55_59","f","ao_osao"
738069,933,"a5_9","f","ao_sao_ei"
242649,933,"a5_9","m","ao_sao_ei"
819450,933,"a45_49","m","ao_sao_ei"
316845,933,"a50_54","m","ao_sao_ei"
758972,933,"a10_14","f","ao_sao_ei"
315352,933,"a70_74","m","ao_sao_ei"
800262,933,"a55_59","m","ao_sao_ei"
418537,933,"a30_34","m","ao_sao_ei"
104463,933,"a70_74","f","ao_sao_ei"
616410,933,"a20_24","f","ao_sao_ei"
854954,933,"a25_29","f","ao_sao_ei"
729128,933,"a40_44","f","eo_eeo_Ukrainian"
465515,933,"a40_44","f","eo_eeo_Hungarian"
762199,933,"a15_19","m","ao_sao_ei"
44571,933,"a20_24","m","ao_sao_ei"
277206,933,"a5_9","f","ao_sao_ei"
209056,933,"a55_59","m","ao_sao_ei"
226673,933,"a60_64","m","ao_sao_ei"
879935,933,"a25_29","m","ao_sao_ei"
742145,933,"a5_9","m","ao_sao_ei"
503046,933,"a20_24","m","ao_sao_ei"
522909,933,"a80_84","f","eo_weo_German"
539540,933,"a80_84","f","ao_sao_ei"
286901,933,"a60_64","f","naao"
376042,933,"a70_74","f","ao_sao_ei"
91687,933,"a55_59","f","ao_esao_Filipino"
876062,933,"a15_19","m","ao_sao_ei"
805550,933,"a15_19","m","ao_sao_ei"
500171,933,"a15_19","m","ao_sao_ei"
593951,933,"a55_59","f","eo_neo"
413573,933,"a30_34","f","ao_sao_ei"
49486,933,"a50_54","m","naao"
99768,933,"a25_29","m","oo"
184580,933,"a75_79","m","ao_sao_ei"
528562,933,"a50_54","m","ao_sao_ei"
340774,933,"a30_34","f","ao_sao_ei"
138737,933,"a10_14","m","eo_bio_English"
732025,933,"a20_24","m","ao_sao_ei"
504812,933,"a45_49","f","eo_oeeo"
336485,933,"a75_79","f","ao_sao_ei"
717049,933,"a15_19","f","ao_sao_ei"
396357,933,"a50_54","f","ao_sao_ei"
172216,933,"a65_69","m","ao_sao_ei"
750579,933,"a40_44","m","oo"
22186,933,"a40_44","f","oo"
461392,933,"a5_9","f","onao_Canadian"
833540,933,"a65_69","m","ao_sao_ei"
5771,933,"a85_","f","eo_oeeo"
107839,933,"a35_39","f","ao_sao_ei"
899609,933,"a65_69","m","ao_sao_ei"
852077,933,"a70_74","m","ao_sao_ei"
121153,933,"a40_44","f","onao_Canadian"
73388,933,"a50_54","f","eo_bio_English"
119412,933,"a55_59","m","ao_sao_ei"
870105,933,"a30_34","f","ao_sao_ei"
180113,933,"a40_44","m","eo_neo"
317677,933,"a30_34","f","ao_sao_ei"
201524,933,"a10_14","m","ao_osao"
482567,933,"a45_49","f","ao_sao_ei"
463638,933,"a50_54","m","naao"
294089,933,"a45_49","m","ao_sao_ei"
658363,933,"a40_44","f","ao_sao_ei"
440156,933,"a15_19","m","ao_sao_ei"
605670,933,"a10_14","f","ao_sao_ei"
688631,933,"a45_49","f","ao_sao_ei"
86553,933,"a5_9","f","ao_sao_ei"
312163,933,"a5_9","f","ao_sao_ei"
918123,933,"a5_9","m","naao"
760365,933,"a60_64","m","ao_sao_ei"
845506,933,"a45_49","f","ao_osao"
724602,933,"a20_24","m","ao_sao_ei"
696096,933,"a45_49","m","ao_sao_ei"
660164,933,"a25_29","m","ao_sao_ei"
776985,933,"a5_9","f","ao_sao_ei"
567144,933,"a60_64","m","ao_sao_ei"
791465,933,"a0_4","f","ao_sao_ei"
114665,933,"a45_49","f","ao_sao_ei"
246707,933,"a15_19","m","eo_bio_Scottish"
752670,933,"a20_24","f","ao_sao_ei"
250055,933,"a30_34","f","ao_sao_ei"
882663,933,"a40_44","f","ao_sao_ei"
564233,933,"a15_19","f","ao_sao_ei"
152019,933,"a0_4","f","ao_sao_ei"
493601,933,"a25_29","f","ao_sao_ei"
678575,933,"a55_59","m","ao_sao_ei"
891837,933,"a25_29","m","ao_sao_ei"
177909,933,"a60_64","m","ao_sao_ei"
270330,933,"a20_24","f","ao_sao_ei"
193445,933,"a70_74","m","ao_sao_ei"
558757,933,"a60_64","f","ao_esao_Filipino"
219892,933,"a45_49","m","eo_oeeo"
761007,933,"a20_24","m","ao_sao_ei"
139382,933,"a15_19","m","ao_sao_ei"
354451,933,"a65_69","m","ao_sao_ei"
881231,933,"a45_49","f","ao_osao"
219243,933,"a20_24","f","ao_sao_ei"
566915,933,"a20_24","m","ao_osao"
329393,933,"a30_34","f","ao_osao"
774778,933,"a0_4","m","ao_sao_ei"
687105,933,"a15_19","f","ao_sao_ei"
703938,933,"a20_24","m","ao_sao_ei"
215977,933,"a30_34","m","ao_sao_ei"
721308,933,"a55_59","m","ao_sao_ei"
585028,933,"a0_4","m","ao_sao_ei"
8926,933,"a30_34","f","ao_osao"
303331,933,"a15_19","m","ao_sao_ei"
671119,933,"a55_59","m","ao_sao_ei"
74471,933,"a15_19","f","ao_osao"
795732,933,"a15_19","f","ao_osao"
831354,933,"a0_4","f","ao_sao_ei"
534914,933,"a30_34","f","ao_sao_ei"
833459,933,"a35_39","m","ao_sao_ei"
851473,933,"a30_34","m","ao_osao"
701915,933,"a50_54","m","ao_sao_ei"
391970,933,"a30_34","f","onao_Canadian"
195040,933,"a40_44","f","ao_sao_ei"
332,933,"a50_54","m","ao_sao_ei"
691211,933,"a35_39","f","oo"
773451,933,"a50_54","m","ao_sao_ei"
142896,933,"a40_44","f","ao_osao"
862905,933,"a10_14","f","ao_osao"
146448,933,"a40_44","f","onao_Canadian"
447951,933,"a75_79","m","ao_osao"
264584,933,"a45_49","f","ao_sao_ei"
651108,933,"a55_59","m","ao_sao_ei"
58802,933,"a40_44","m","ao_sao_ei"
527009,933,"a5_9","m","ao_sao_ei"
100146,933,"a40_44","f","ao_sao_ei"
177291,933,"a50_54","m","ao_sao_ei"
304814,933,"a60_64","m","ao_sao_ei"
623756,933,"a15_19","f","eo_weo_German"
413110,933,"a40_44","m","ao_sao_ei"
332062,933,"a30_34","m","naao"
462438,933,"a30_34","f","ao_sao_ei"
106117,933,"a5_9","f","ao_osao"
614464,933,"a60_64","f","ao_sao_ei"
178925,933,"a10_14","f","ao_sao_ei"
842424,933,"a20_24","m","ao_sao_ei"
641460,933,"a0_4","f","ao_sao_ei"
624977,933,"a55_59","f","ao_sao_ei"
923999,933,"a30_34","f","eo_eeo_Ukrainian"
508102,933,"a50_54","m","ao_sao_ei"
850175,933,"a40_44","f","ao_sao_ei"
201711,933,"a45_49","m","ao_sao_ei"
795363,933,"a20_24","f","ao_sao_ei"
479856,933,"a0_4","f","ao_sao_ei"
62159,933,"a15_19","m","ao_sao_ei"
238340,933,"a35_39","m","ao_sao_ei"
9445,933,"a30_34","f","ao_sao_ei"
218409,933,"a60_64","f","eo_bio_English"
545313,933,"a60_64","m","ao_sao_ei"
331809,933,"a20_24","m","ao_sao_ei"
797753,933,"a30_34","m","ao_sao_ei"
878112,933,"a10_14","m","ao_sao_ei"
588614,933,"a65_69","f","eo_bio_English"
827815,933,"a55_59","f","ao_sao_ei"
184393,933,"a0_4","m","ao_sao_ei"
810579,933,"a50_54","f","ao_sao_ei"
467675,933,"a20_24","f","ao_sao_ei"
164849,933,"a50_54","f","eo_bio_Scottish"
165716,933,"a20_24","f","ao_sao_ei"
907332,933,"a70_74","f","eo_neo"
90912,933,"a20_24","m","ao_osao"
268048,933,"a5_9","f","ao_sao_ei"
468239,933,"a20_24","f","ao_sao_ei"
284732,933,"a25_29","m","ao_sao_ei"
528667,933,"a35_39","m","ao_esao_Filipino"
313327,933,"a10_14","f","ao_esao_Filipino"
7669,933,"a25_29","m","ao_sao_ei"
704218,933,"a65_69","m","ao_sao_ei"
824285,933,"a30_34","m","ao_sao_ei"
882024,933,"a10_14","m","eo_bio_English"
656624,933,"a85_","f","eo_eeo_Hungarian"
693126,933,"a50_54","f","ao_sao_ei"
236662,933,"a60_64","f","ao_sao_ei"
604517,933,"a40_44","m","ao_sao_ei"
478441,933,"a20_24","f","ao_sao_ei"
344781,933,"a5_9","f","ao_sao_ei"
225889,933,"a30_34","m","ao_osao"
717770,933,"a5_9","m","ao_osao"
353457,933,"a20_24","m","ao_sao_ei"
30556,933,"a30_34","f","ao_sao_ei"
89918,933,"a50_54","m","ao_sao_ei"
551307,933,"a15_19","m","ao_sao_ei"
444686,933,"a60_64","m","onao_Canadian"
222789,933,"a35_39","m","ao_osao"
519360,933,"a30_34","m","ao_sao_ei"
352016,933,"a55_59","m","naao"
218654,933,"a40_44","f","ao_sao_ei"
71691,933,"a60_64","f","ao_sao_ei"
916181,933,"a0_4","m","ao_sao_ei"
537031,933,"a30_34","f","ao_osao"
111708,933,"a60_64","m","onao_Canadian"
37478,933,"a55_59","m","eo_neo"
673608,933,"a25_29","m","ao_sao_ei"
473830,933,"a20_24","m","onao_Canadian"
870141,933,"a30_34","f","ao_sao_ei"
16392,933,"a5_9","f","onao_Canadian"
520859,933,"a30_34","m","ao_sao_ei"
347225,933,"a25_29","m","eo_bio_Irish"
9247,933,"a35_39","m","ao_osao"
667415,933,"a10_14","m","ao_sao_ei"
384777,933,"a45_49","f","ao_sao_ei"
442647,933,"a50_54","f","ao_sao_ei"
594717,933,"a85_","m","ao_sao_ei"
880397,933,"a15_19","m","onao_Canadian"
456404,933,"a15_19","m","ao_sao_ei"
884586,933,"a20_24","m","ao_sao_ei"
626081,933,"a60_64","f","naao"
445881,933,"a15_19","m","ao_sao_ei"
474577,933,"a0_4","m","ao_sao_ei"
318564,933,"a20_24","m","ao_sao_ei"
111124,933,"a30_34","m","naao"
324027,933,"a10_14","m","ao_sao_ei"
751187,933,"a70_74","f","ao_sao_ei"
33636,933,"a50_54","f","ao_osao"
448037,933,"a30_34","f","ao_sao_ei"
426072,933,"a0_4","m","ao_osao"
418694,933,"a10_14","m","ao_sao_ei"
585033,933,"a40_44","f","ao_sao_ei"
100547,933,"a50_54","f","oo"
326917,933,"a10_14","f","ao_osao"
491585,933,"a70_74","f","ao_sao_ei"
663843,933,"a30_34","f","ao_sao_ei"
331578,933,"a55_59","m","ao_osao"
854268,933,"a50_54","f","ao_sao_ei"
476452,933,"a30_34","m","onao_Canadian"
156499,933,"a20_24","f","ao_sao_ei"
261199,933,"a15_19","f","ao_sao_ei"
468893,933,"a10_14","m","ao_sao_ei"
700136,933,"a30_34","f","ao_sao_ei"
560488,933,"a35_39","m","ao_sao_ei"
780694,933,"a5_9","f","ao_esao_Filipino"
299360,933,"a65_69","m","ao_sao_ei"
895444,933,"a25_29","f","oo"
489627,933,"a45_49","f","ao_sao_ei"
905877,933,"a40_44","m","ao_sao_ei"
851887,933,"a5_9","f","ao_esao_Filipino"
127481,933,"a0_4","m","ao_sao_ei"
636027,933,"a40_44","m","ao_sao_ei"
381974,933,"a65_69","f","ao_sao_ei"
199601,933,"a25_29","f","ao_sao_ei"
450688,933,"a30_34","f","ao_sao_ei"
173793,933,"a5_9","f","ao_sao_ei"
802502,933,"a40_44","m","ao_sao_ei"
467595,933,"a30_34","f","ao_sao_ei"
348468,933,"a35_39","f","ao_sao_ei"
786107,933,"a25_29","m","ao_sao_ei"
16672,933,"a40_44","f","ao_sao_ei"
820933,933,"a45_49","m","ao_sao_ei"
119558,933,"a70_74","f","ao_sao_ei"
617571,933,"a10_14","m","ao_sao_ei"
164812,933,"a25_29","f","ao_esao_Filipino"
706025,933,"a45_49","m","ao_sao_ei"
15989,933,"a40_44","f","ao_sao_ei"
107601,933,"a40_44","m","ao_osao"
520974,933,"a5_9","f","ao_sao_ei"
821474,933,"a20_24","m","ao_sao_ei"
898987,933,"a10_14","f","ao_esao_Filipino"
312246,933,"a35_39","f","eo_bio_English"
307503,933,"a15_19","f","ao_sao_ei"
196414,933,"a20_24","f","naao"
469070,933,"a70_74","f","eo_bio_Irish"
370318,933,"a50_54","m","ao_sao_ei"
576502,933,"a70_74","m","ao_sao_ei"
320794,933,"a60_64","m","eo_bio_Irish"
355580,933,"a30_34","m","eo_bio_English"
404076,933,"a20_24","m","onao_Canadian"
91178,933,"a25_29","f","ao_sao_ei"
308825,933,"a15_19","f","oo"
674757,933,"a30_34","m","eo_neo"
268940,933,"a50_54","m","ao_sao_ei"
741279,933,"a0_4","f","ao_sao_ei"
143538,933,"a30_34","m","ao_sao_ei"
167381,933,"a70_74","m","ao_sao_ei"
308410,933,"a0_4","m","ao_sao_ei"
57458,933,"a65_69","m","ao_sao_ei"
845018,933,"a60_64","f","ao_sao_ei"
165945,933,"a25_29","f","ao_osao"
610068,933,"a25_29","f","ao_sao_ei"
829284,933,"a40_44","f","ao_sao_ei"
167592,933,"a10_14","f","ao_sao_ei"
809402,933,"a25_29","m","ao_sao_ei"
869444,933,"a10_14","m","ao_sao_ei"
497628,933,"a85_","f","ao_sao_ei"
3190,933,"a20_24","f","ao_osao"
156402,933,"a0_4","m","ao_osao"
501638,933,"a40_44","m","eo_bio_Scottish"
621817,933,"a15_19","m","ao_sao_ei"
156162,933,"a50_54","f","ao_sao_ei"
184435,933,"a10_14","m","ao_sao_ei"
647048,933,"a20_24","f","ao_sao_ei"
890998,933,"a70_74","f","ao_osao"
340806,933,"a25_29","f","ao_sao_ei"
200409,933,"a0_4","m","ao_sao_ei"
490152,933,"a5_9","m","ao_sao_ei"
913517,933,"a35_39","f","ao_sao_ei"
414468,933,"a55_59","f","onao_Canadian"
359083,933,"a20_24","m","ao_sao_ei"
112930,933,"a45_49","f","ao_sao_ei"
144986,933,"a5_9","f","onao_Canadian"
7096,933,"a5_9","f","ao_sao_ei"
249371,933,"a55_59","m","ao_sao_ei"
107287,933,"a15_19","f","ao_sao_ei"
6429,933,"a45_49","f","ao_sao_ei"
103254,933,"a50_54","f","eo_bio_English"
362687,933,"a45_49","m","onao_Canadian"
540535,933,"a80_84","m","onao_Canadian"
216172,933,"a5_9","f","ao_sao_ei"
415910,933,"a40_44","f","ao_sao_ei"
368534,933,"a20_24","f","ao_esao_Filipino"
6083,933,"a50_54","f","eo_eeo_Hungarian"
13238,933,"a20_24","m","onao_Canadian"
23643,933,"a65_69","m","ao_sao_ei"
454684,933,"a25_29","m","ao_sao_ei"
242995,933,"a40_44","m","ao_esao_Filipino"
809249,933,"a40_44","m","eo_neo"
760398,933,"a30_34","f","naao"
676661,933,"a70_74","m","eo_neo"
634530,933,"a25_29","f","ao_sao_ei"
466834,933,"a60_64","m","ao_sao_ei"
59796,933,"a35_39","f","ao_esao_Filipino"
11601,933,"a30_34","f","ao_sao_ei"
315063,933,"a0_4","f","ao_sao_ei"
252554,933,"a0_4","f","ao_sao_ei"
636335,933,"a45_49","m","ao_sao_ei"
318009,933,"a20_24","m","ao_sao_ei"
415800,933,"a35_39","f","eo_bio_English"
191891,933,"a60_64","f","eo_bio_English"
908640,933,"a55_59","f","ao_sao_ei"
113836,933,"a20_24","m","ao_sao_ei"
39225,933,"a25_29","m","ao_sao_ei"
119820,933,"a50_54","f","ao_sao_ei"
355794,933,"a40_44","f","eo_neo"
898837,933,"a60_64","m","ao_sao_ei"
791991,933,"a40_44","m","ao_sao_ei"
658891,933,"a50_54","m","ao_sao_ei"
408774,933,"a20_24","m","ao_sao_ei"
600682,933,"a30_34","m","ao_sao_ei"
511335,933,"a55_59","m","ao_sao_ei"
718234,933,"a50_54","f","ao_sao_ei"
266019,933,"a30_34","f","ao_sao_ei"
801023,933,"a15_19","f","ao_sao_ei"
539204,933,"a30_34","f","ao_sao_ei"
803493,933,"a50_54","f","ao_osao"
446102,933,"a50_54","f","ao_sao_ei"
104356,933,"a50_54","m","eo_eeo_Ukrainian"
148919,933,"a50_54","m","ao_sao_ei"
635586,933,"a0_4","f","ao_esao_Filipino"
477456,933,"a30_34","m","ao_sao_ei"
397076,933,"a15_19","f","ao_osao"
111770,933,"a15_19","m","naao"
522498,933,"a55_59","f","ao_osao"
785093,933,"a55_59","m","ao_sao_ei"
500709,933,"a65_69","m","ao_sao_ei"
311661,933,"a50_54","m","ao_sao_ei"
518810,933,"a10_14","f","ao_sao_ei"
789312,933,"a75_79","m","ao_sao_ei"
599436,933,"a5_9","m","ao_sao_ei"
182659,933,"a20_24","f","ao_sao_ei"
619587,933,"a10_14","f","ao_sao_ei"
131096,933,"a70_74","f","eo_bio_Irish"
713262,933,"a15_19","f","ao_osao"
518405,933,"a25_29","m","ao_osao"
795625,933,"a60_64","f","ao_sao_ei"
920983,933,"a5_9","f","ao_osao"
604197,933,"a30_34","m","ao_osao"
136751,933,"a45_49","m","ao_sao_ei"
670613,933,"a25_29","m","ao_sao_ei"
171107,933,"a0_4","m","ao_osao"
749362,933,"a35_39","m","ao_osao"
614582,933,"a50_54","f","ao_sao_ei"
218052,933,"a20_24","m","onao_Canadian"
776766,933,"a55_59","m","ao_sao_ei"
413502,933,"a15_19","m","ao_sao_ei"
69331,933,"a5_9","f","ao_osao"
290781,933,"a35_39","f","ao_osao"
513260,933,"a0_4","m","ao_esao_Filipino"
886079,933,"a20_24","m","ao_osao"
193212,933,"a20_24","m","ao_sao_ei"
100638,933,"a65_69","f","ao_sao_ei"
338806,933,"a60_64","m","ao_sao_ei"
273496,933,"a20_24","m","ao_esao_Filipino"
518385,933,"a30_34","f","ao_sao_ei"
537284,933,"a15_19","f","ao_sao_ei"
382488,933,"a10_14","f","naao"
268327,933,"a70_74","f","ao_sao_ei"
850034,933,"a5_9","m","ao_sao_ei"
116050,933,"a55_59","m","ao_sao_ei"
173196,933,"a35_39","f","ao_sao_ei"
511724,933,"a20_24","m","onao_Canadian"
898313,933,"a35_39","m","ao_sao_ei"
293162,933,"a30_34","f","ao_esao_Filipino"
406496,933,"a30_34","f","onao_Canadian"
878779,933,"a10_14","f","ao_sao_ei"
590174,933,"a0_4","m","ao_osao"
897285,933,"a0_4","f","ao_sao_ei"
313595,933,"a45_49","m","ao_sao_ei"
146094,933,"a15_19","f","ao_sao_ei"
244157,933,"a40_44","f","ao_sao_ei"
710079,933,"a25_29","m","ao_sao_ei"
749249,933,"a5_9","m","ao_sao_ei"
924219,933,"a5_9","m","ao_sao_ei"
515178,933,"a25_29","m","ao_sao_ei"
200495,933,"a30_34","m","ao_sao_ei"
659850,933,"a5_9","f","ao_sao_ei"
612032,933,"a40_44","m","ao_sao_ei"
499872,933,"a20_24","f","ao_sao_ei"
663401,933,"a60_64","f","ao_sao_ei"
508420,933,"a55_59","f","eo_bio_Irish"
499860,933,"a5_9","m","ao_osao"
163553,933,"a45_49","m","eo_bio_English"
899328,933,"a10_14","f","naao"
503132,933,"a25_29","m","ao_sao_ei"
877752,933,"a55_59","m","ao_sao_ei"
841809,933,"a10_14","f","ao_sao_ei"
678625,933,"a50_54","m","ao_sao_ei"
322087,933,"a60_64","f","ao_esao_Filipino"
706949,933,"a10_14","m","ao_sao_ei"
765286,933,"a50_54","f","ao_osao"
876171,933,"a15_19","m","ao_osao"
502990,933,"a30_34","f","ao_sao_ei"
478121,933,"a10_14","m","eo_bio_English"
793358,933,"a50_54","f","eo_eeo_Ukrainian"
809941,933,"a35_39","m","eo_weo_German"
94237,933,"a0_4","m","ao_sao_ei"
358892,933,"a20_24","f","ao_sao_ei"
586981,933,"a45_49","m","ao_sao_ei"
471597,933,"a45_49","f","ao_sao_ei"
555731,933,"a15_19","m","ao_sao_ei"
651016,933,"a0_4","m","ao_sao_ei"
360981,933,"a45_49","m","ao_sao_ei"
120108,933,"a30_34","m","ao_sao_ei"
562286,933,"a0_4","m","naao"
209630,933,"a30_34","f","ao_sao_ei"
253755,933,"a40_44","m","ao_sao_ei"
684885,933,"a15_19","f","onao_Canadian"
775077,933,"a25_29","m","ao_sao_ei"
118864,933,"a45_49","m","onao_Canadian"
467250,933,"a70_74","m","ao_sao_ei"
237796,933,"a65_69","m","ao_sao_ei"
158605,933,"a10_14","f","onao_Canadian"
642983,933,"a15_19","m","ao_sao_ei"
304078,933,"a45_49","f","ao_sao_ei"
839272,933,"a5_9","m","onao_Canadian"
460451,933,"a15_19","m","ao_sao_ei"
786103,933,"a0_4","f","eo_eeo_Ukrainian"
6451,933,"a50_54","f","eo_oeeo"
687550,933,"a20_24","f","ao_sao_ei"
96885,933,"a75_79","f","ao_sao_ei"
13315,933,"a35_39","f","ao_sao_ei"
684166,933,"a5_9","m","ao_sao_ei"
412594,933,"a50_54","f","ao_sao_ei"
648734,933,"a45_49","f","ao_sao_ei"
401657,933,"a50_54","m","ao_sao_ei"
532583,933,"a20_24","m","ao_osao"
804525,933,"a30_34","f","ao_sao_ei"
206704,933,"a0_4","m","ao_sao_ei"
536755,933,"a15_19","f","ao_esao_Filipino"
503104,933,"a25_29","m","naao"
196853,933,"a15_19","f","ao_sao_ei"
526764,933,"a45_49","f","eo_neo"
554903,933,"a30_34","f","ao_sao_ei"
342206,933,"a5_9","f","ao_sao_ei"
141517,933,"a55_59","f","ao_sao_ei"
465116,933,"a55_59","f","ao_sao_ei"
354189,933,"a20_24","m","ao_sao_ei"
69753,933,"a45_49","f","onao_Canadian"
693054,933,"a0_4","m","oo"
836721,933,"a25_29","m","ao_sao_ei"
676879,933,"a55_59","m","ao_sao_ei"
135315,933,"a35_39","m","ao_osao"
764255,933,"a15_19","m","ao_sao_ei"
239642,933,"a85_","m","eo_bio_English"
635652,933,"a15_19","f","ao_osao"
112016,933,"a70_74","m","ao_sao_ei"
381067,933,"a40_44","f","ao_sao_ei"
261650,933,"a20_24","m","ao_sao_ei"
276707,933,"a15_19","m","naao"
79024,933,"a60_64","m","ao_sao_ei"
633,933,"a0_4","f","ao_sao_ei"
366218,933,"a45_49","f","ao_sao_ei"
348809,933,"a5_9","m","ao_sao_ei"
590037,933,"a85_","f","eo_neo"
628212,933,"a0_4","f","naao"
899101,933,"a55_59","m","onao_Canadian"
306902,933,"a15_19","f","ao_sao_ei"
446644,933,"a20_24","f","ao_sao_ei"
157970,933,"a45_49","f","ao_osao"
710111,933,"a35_39","m","ao_osao"
533140,933,"a70_74","f","eo_bio_English"
297595,933,"a55_59","m","onao_Canadian"
311834,933,"a30_34","f","ao_sao_ei"
564894,933,"a40_44","f","ao_sao_ei"
196318,933,"a5_9","f","ao_sao_ei"
12342,933,"a40_44","f","ao_sao_ei"
779174,933,"a25_29","f","ao_sao_ei"
484030,933,"a15_19","m","ao_sao_ei"
868664,933,"a70_74","m","ao_sao_ei"
696230,933,"a25_29","m","ao_sao_ei"
731855,933,"a0_4","f","naao"
374919,933,"a50_54","f","ao_sao_ei"
900210,933,"a20_24","m","ao_sao_ei"
751601,933,"a25_29","m","ao_sao_ei"
572312,933,"a0_4","m","ao_sao_ei"
305481,933,"a25_29","f","ao_sao_ei"
242870,933,"a80_84","m","ao_sao_ei"
253116,933,"a20_24","m","naao"
286644,933,"a35_39","f","ao_sao_ei"
252066,933,"a55_59","m","onao_Canadian"
54160,933,"a50_54","m","ao_sao_ei"
72509,933,"a15_19","f","ao_sao_ei"
689845,933,"a65_69","f","naao"
500821,933,"a35_39","m","ao_sao_ei"
193396,933,"a0_4","m","ao_sao_ei"
752265,933,"a80_84","f","ao_sao_ei"
862234,933,"a40_44","m","eo_bio_English"
460857,933,"a45_49","m","ao_osao"
566460,933,"a50_54","m","ao_sao_ei"
831761,933,"a30_34","m","ao_esao_Filipino"
876858,933,"a70_74","f","ao_sao_ei"
803395,933,"a0_4","m","ao_sao_ei"
483145,933,"a45_49","m","ao_sao_ei"
695584,933,"a10_14","m","naao"
124322,933,"a20_24","m","ao_sao_ei"
138707,933,"a0_4","m","ao_esao_Filipino"
393359,933,"a35_39","f","ao_esao_Filipino"
266279,933,"a25_29","f","ao_osao"
660600,933,"a15_19","m","ao_sao_ei"
353761,933,"a40_44","m","ao_sao_ei"
323812,933,"a15_19","m","ao_sao_ei"
62734,933,"a40_44","m","ao_esao_Filipino"
129776,933,"a0_4","m","ao_sao_ei"
49146,933,"a0_4","f","onao_Canadian"
920651,933,"a45_49","m","ao_sao_ei"
290927,933,"a45_49","m","onao_Canadian"
716291,933,"a20_24","m","ao_esao_Filipino"
706010,933,"a50_54","m","eo_oeeo"
512851,933,"a20_24","m","ao_esao_Filipino"
75525,933,"a30_34","f","ao_sao_ei"
664928,933,"a40_44","m","ao_sao_ei"
753608,933,"a65_69","f","ao_sao_ei"
419464,933,"a20_24","f","eo_bio_English"
826198,933,"a50_54","m","ao_sao_ei"
49873,933,"a0_4","m","ao_sao_ei"
282494,933,"a25_29","f","ao_osao"
929648,933,"a20_24","f","ao_sao_ei"
919664,933,"a45_49","f","oo"
930365,933,"a5_9","f","ao_sao_ei"
207643,933,"a50_54","f","ao_sao_ei"
383563,933,"a45_49","m","eo_bio_Irish"
241881,933,"a75_79","f","ao_sao_ei"
706628,933,"a85_","f","eo_bio_English"
777775,933,"a0_4","f","ao_sao_ei"
470096,933,"a5_9","f","ao_sao_ei"
46732,933,"a0_4","f","ao_sao_ei"
413535,933,"a5_9","f","ao_sao_ei"
364117,933,"a15_19","m","ao_esao_Filipino"
219251,933,"a20_24","f","ao_sao_ei"
44385,933,"a45_49","f","ao_sao_ei"
88983,933,"a40_44","f","ao_sao_ei"
217765,933,"a45_49","m","ao_sao_ei"
727678,933,"a60_64","m","ao_sao_ei"
443530,933,"a85_","f","ao_sao_ei"
719530,933,"a10_14","f","ao_sao_ei"
902827,933,"a20_24","f","ao_sao_ei"
92730,933,"a55_59","f","eo_eeo_Ukrainian"
283581,933,"a60_64","f","ao_sao_ei"
267469,933,"a10_14","m","ao_sao_ei"
424537,933,"a55_59","m","ao_sao_ei"
789690,933,"a60_64","f","ao_sao_ei"
390186,933,"a5_9","m","ao_sao_ei"
58047,933,"a85_","m","ao_osao"
815433,933,"a30_34","f","ao_sao_ei"
806475,933,"a15_19","m","ao_sao_ei"
899073,933,"a45_49","m","naao"
441753,933,"a10_14","m","ao_sao_ei"
553590,933,"a60_64","m","ao_sao_ei"
138466,933,"a55_59","f","ao_sao_ei"
582231,933,"a35_39","m","ao_sao_ei"
670461,933,"a65_69","m","eo_bio_Scottish"
876848,933,"a25_29","f","ao_sao_ei"
666620,933,"a55_59","f","ao_sao_ei"
530509,933,"a70_74","f","oo"
339006,933,"a75_79","f","ao_sao_ei"
804782,933,"a70_74","m","eo_eeo_Ukrainian"
792747,933,"a5_9","f","ao_sao_ei"
175697,933,"a20_24","m","ao_osao"
814923,933,"a30_34","f","ao_sao_ei"
377201,933,"a15_19","m","ao_sao_ei"
528901,933,"a35_39","m","ao_sao_ei"
349278,933,"a45_49","m","ao_sao_ei"
302347,933,"a10_14","m","ao_osao"
164992,933,"a50_54","f","ao_sao_ei"
332961,933,"a15_19","m","ao_osao"
560458,933,"a40_44","f","ao_sao_ei"
837881,933,"a0_4","m","ao_sao_ei"
67513,933,"a20_24","m","ao_sao_ei"
870711,933,"a10_14","m","onao_Canadian"
920228,933,"a15_19","f","ao_sao_ei"
371294,933,"a25_29","m","eo_neo"
512533,933,"a15_19","m","eo_eeo_Hungarian"
698518,933,"a55_59","f","ao_sao_ei"
567251,933,"a0_4","m","ao_sao_ei"
771058,933,"a30_34","f","ao_sao_ei"
117984,933,"a15_19","f","ao_sao_ei"
202934,933,"a45_49","f","ao_sao_ei"
334073,933,"a60_64","f","ao_sao_ei"
438776,933,"a50_54","m","ao_sao_ei"
530947,933,"a35_39","f","ao_sao_ei"
336234,933,"a45_49","f","onao_Canadian"
226506,933,"a30_34","m","ao_sao_ei"
776076,933,"a85_","f","eo_bio_English"
107661,933,"a30_34","f","ao_esao_Filipino"
204946,933,"a20_24","f","onao_Canadian"
576071,933,"a45_49","f","ao_sao_ei"
322542,933,"a20_24","f","ao_sao_ei"
704440,933,"a35_39","m","ao_sao_ei"
318986,933,"a25_29","m","onao_Canadian"
182976,933,"a20_24","m","ao_sao_ei"
76480,933,"a30_34","m","ao_sao_ei"
506872,933,"a55_59","m","ao_sao_ei"
397653,933,"a30_34","f","ao_sao_ei"
188484,933,"a65_69","m","ao_sao_ei"
462188,933,"a85_","m","eo_neo"
458399,933,"a50_54","m","ao_sao_ei"
191342,933,"a25_29","m","naao"
891457,933,"a45_49","f","ao_esao_Filipino"
729630,933,"a0_4","f","ao_sao_ei"
203925,933,"a30_34","m","ao_sao_ei"
51481,933,"a15_19","m","ao_sao_ei"
75199,933,"a25_29","f","ao_sao_ei"
897427,933,"a55_59","f","ao_sao_ei"
929271,933,"a45_49","m","ao_sao_ei"
891409,933,"a20_24","m","ao_osao"
853209,933,"a5_9","f","ao_sao_ei"
864073,933,"a70_74","f","ao_sao_ei"
324686,933,"a20_24","f","ao_sao_ei"
913597,933,"a35_39","m","ao_sao_ei"
96411,933,"a40_44","f","ao_sao_ei"
606740,933,"a15_19","m","ao_sao_ei"
785690,933,"a0_4","f","ao_sao_ei"
100314,933,"a30_34","m","ao_osao"
432359,933,"a60_64","f","ao_sao_ei"
457196,933,"a20_24","f","ao_sao_ei"
412145,933,"a0_4","m","ao_sao_ei"
30616,933,"a70_74","f","ao_sao_ei"
582649,933,"a10_14","m","oo"
74146,933,"a60_64","m","ao_sao_ei"
829313,933,"a5_9","f","ao_sao_ei"
122811,933,"a0_4","m","ao_sao_ei"
509251,933,"a45_49","f","ao_sao_ei"
297841,933,"a0_4","f","onao_Canadian"
323447,933,"a15_19","m","ao_osao"
524170,933,"a60_64","f","eo_eeo_Ukrainian"
357390,933,"a40_44","f","ao_sao_ei"
325908,933,"a35_39","f","ao_sao_ei"
209135,933,"a20_24","f","ao_sao_ei"
488026,933,"a45_49","m","ao_sao_ei"
315989,933,"a45_49","m","ao_esao_Filipino"
77259,933,"a0_4","f","ao_sao_ei"
723548,933,"a50_54","m","ao_sao_ei"
580623,933,"a75_79","f","ao_sao_ei"
91682,933,"a15_19","m","ao_sao_ei"
583016,933,"a15_19","m","ao_sao_ei"
878510,933,"a70_74","f","ao_sao_ei"
515048,933,"a30_34","f","ao_sao_ei"
383848,933,"a30_34","f","ao_osao"
244249,933,"a25_29","m","ao_sao_ei"
466768,933,"a20_24","f","ao_sao_ei"
539777,933,"a10_14","m","ao_sao_ei"
296536,933,"a15_19","m","ao_sao_ei"
306085,933,"a50_54","f","onao_Canadian"
706913,933,"a0_4","m","ao_sao_ei"
791400,933,"a20_24","f","ao_sao_ei"
361381,933,"a55_59","m","ao_sao_ei"
850357,933,"a0_4","f","eo_eeo_Ukrainian"
700013,933,"a70_74","f","ao_sao_ei"
897349,933,"a15_19","f","ao_sao_ei"
610088,933,"a5_9","m","ao_osao"
115397,933,"a5_9","m","ao_sao_ei"
496348,933,"a10_14","m","oo"
565738,933,"a60_64","m","ao_sao_ei"
370351,933,"a55_59","f","ao_sao_ei"
221972,933,"a30_34","m","ao_sao_ei"
634896,933,"a50_54","m","ao_sao_ei"
75700,933,"a10_14","f","ao_sao_ei"
677125,933,"a35_39","m","onao_Canadian"
635616,933,"a45_49","m","ao_osao"
846097,933,"a10_14","f","ao_sao_ei"
128273,933,"a45_49","f","ao_sao_ei"
847440,933,"a5_9","m","ao_sao_ei"
3785,933,"a50_54","m","onao_Canadian"
89267,933,"a0_4","f","ao_sao_ei"
498087,933,"a75_79","m","eo_bio_Scottish"
550492,933,"a55_59","m","ao_sao_ei"
491667,933,"a55_59","f","ao_sao_ei"
661445,933,"a75_79","f","ao_sao_ei"
883425,933,"a40_44","m","ao_sao_ei"
218516,933,"a55_59","f","ao_sao_ei"
441870,933,"a20_24","f","ao_sao_ei"
230199,933,"a10_14","f","ao_sao_ei"
806351,933,"a5_9","f","ao_sao_ei"
279396,933,"a10_14","f","ao_osao"
109806,933,"a85_","f","eo_bio_English"
710202,933,"a25_29","m","ao_sao_ei"
188872,933,"a50_54","f","ao_sao_ei"
180047,933,"a0_4","m","ao_sao_ei"
301517,933,"a70_74","f","ao_sao_ei"
363774,933,"a40_44","f","onao_Canadian"
574701,933,"a0_4","m","ao_sao_ei"
908170,933,"a40_44","f","ao_sao_ei"
695766,933,"a20_24","f","ao_sao_ei"
30911,933,"a55_59","f","ao_sao_ei"
844533,933,"a80_84","m","ao_osao"
851852,933,"a20_24","f","ao_sao_ei"
101949,933,"a65_69","m","eo_oeeo"
183975,933,"a30_34","m","oo"
390469,933,"a45_49","m","eo_bio_English"
689303,933,"a55_59","f","onao_Canadian"
807257,933,"a30_34","m","oo"
47566,933,"a25_29","f","oo"
100219,933,"a45_49","m","ao_sao_ei"
250161,933,"a35_39","m","ao_sao_ei"
229883,933,"a30_34","f","ao_sao_ei"
396541,933,"a30_34","f","eo_bio_English"
862170,933,"a30_34","m","ao_sao_ei"
836083,933,"a60_64","m","eo_bio_English"
407915,933,"a70_74","m","ao_sao_ei"
529044,933,"a0_4","f","ao_sao_ei"
152261,933,"a20_24","m","ao_sao_ei"
386388,933,"a30_34","m","eo_bio_English"
27450,933,"a50_54","m","ao_esao_Filipino"
579498,933,"a10_14","f","ao_sao_ei"
241571,933,"a40_44","f","ao_osao"
624726,933,"a0_4","m","ao_osao"
496251,933,"a55_59","m","ao_sao_ei"
635259,933,"a45_49","f","ao_esao_Filipino"
801061,933,"a25_29","m","ao_sao_ei"
238529,933,"a65_69","f","ao_sao_ei"
463753,933,"a30_34","m","ao_osao"
765351,933,"a40_44","m","ao_sao_ei"
870338,933,"a10_14","f","onao_Canadian"
75168,933,"a75_79","f","ao_sao_ei"
442526,933,"a5_9","f","ao_sao_ei"
799004,933,"a60_64","f","ao_sao_ei"
557173,933,"a25_29","f","ao_sao_ei"
759767,933,"a25_29","f","oo"
917429,933,"a50_54","m","ao_sao_ei"
131568,933,"a60_64","m","ao_sao_ei"
751613,933,"a10_14","m","ao_sao_ei"
157606,933,"a55_59","m","ao_sao_ei"
886859,933,"a35_39","f","ao_sao_ei"
353020,933,"a20_24","m","ao_osao"
653531,933,"a70_74","f","ao_sao_ei"
730432,933,"a60_64","f","ao_sao_ei"
264551,933,"a5_9","m","ao_sao_ei"
921018,933,"a20_24","f","ao_sao_ei"
859160,933,"a20_24","m","ao_sao_ei"
550872,933,"a15_19","m","ao_sao_ei"
794696,933,"a25_29","m","ao_sao_ei"
9343,933,"a55_59","f","ao_sao_ei"
765662,933,"a50_54","m","ao_sao_ei"
807925,933,"a15_19","f","naao"
234989,933,"a10_14","f","ao_sao_ei"
872723,933,"a15_19","f","ao_sao_ei"
439630,933,"a65_69","f","onao_Canadian"
272394,933,"a50_54","f","ao_sao_ei"
905994,933,"a5_9","m","ao_sao_ei"
639600,933,"a65_69","f","ao_sao_ei"
60245,933,"a60_64","m","naao"
668370,933,"a10_14","f","ao_osao"
781116,933,"a35_39","f","ao_sao_ei"
322548,933,"a20_24","m","ao_esao_Filipino"
52639,933,"a20_24","f","ao_sao_ei"
384319,933,"a50_54","m","ao_sao_ei"
294432,933,"a50_54","m","eo_bio_English"
838141,933,"a85_","m","onao_Canadian"
836101,933,"a20_24","f","ao_sao_ei"
531610,933,"a65_69","f","eo_eeo_Hungarian"
249494,933,"a50_54","m","eo_bio_English"
849721,933,"a25_29","f","ao_sao_ei"
239530,933,"a20_24","m","ao_sao_ei"
21151,933,"a50_54","m","ao_sao_ei"
890789,933,"a5_9","m","eo_weo_German"
228705,933,"a30_34","f","naao"
765350,933,"a10_14","m","ao_sao_ei"
373915,933,"a15_19","m","ao_esao_Filipino"
480709,933,"a60_64","m","onao_Canadian"
548171,933,"a0_4","f","naao"
810905,933,"a20_24","f","ao_sao_ei"
595146,933,"a25_29","m","ao_sao_ei"
138903,933,"a10_14","f","oo"
362259,933,"a10_14","f","ao_osao"
842347,933,"a0_4","f","ao_sao_ei"
8641,933,"a35_39","m","ao_sao_ei"
643461,933,"a35_39","f","ao_sao_ei"
500235,933,"a25_29","f","ao_sao_ei"
660409,933,"a30_34","f","ao_sao_ei"
880711,933,"a45_49","m","ao_sao_ei"
484750,933,"a45_49","f","ao_sao_ei"
101945,933,"a85_","f","ao_sao_ei"
346961,933,"a55_59","m","ao_sao_ei"
401940,933,"a5_9","m","ao_sao_ei"
461579,933,"a40_44","m","ao_osao"
407217,933,"a30_34","f","ao_sao_ei"
179238,933,"a0_4","m","ao_sao_ei"
570719,933,"a20_24","m","ao_sao_ei"
6903,933,"a15_19","m","ao_sao_ei"
184760,933,"a85_","m","ao_esao_Filipino"
720584,933,"a25_29","m","ao_sao_ei"
288924,933,"a40_44","f","ao_sao_ei"
21391,933,"a70_74","m","ao_sao_ei"
498301,933,"a65_69","f","ao_sao_ei"
457322,933,"a25_29","m","ao_sao_ei"
572029,933,"a20_24","m","onao_Canadian"
264345,933,"a60_64","f","ao_sao_ei"
66868,933,"a20_24","m","ao_sao_ei"
215794,933,"a30_34","m","ao_esao_Filipino"
513336,933,"a5_9","m","naao"
616977,933,"a50_54","m","ao_sao_ei"
450486,933,"a85_","m","ao_esao_Filipino"
313470,933,"a40_44","f","ao_sao_ei"
702810,933,"a5_9","m","ao_sao_ei"
131510,933,"a65_69","f","ao_sao_ei"
584943,933,"a5_9","m","ao_sao_ei"
708994,933,"a25_29","m","ao_sao_ei"
22216,933,"a70_74","m","ao_sao_ei"
90775,933,"a65_69","f","ao_sao_ei"
24598,933,"a10_14","m","ao_sao_ei"
430706,933,"a5_9","m","ao_sao_ei"
646089,933,"a15_19","f","ao_osao"
290312,933,"a5_9","f","ao_sao_ei"
79064,933,"a30_34","m","ao_sao_ei"
708540,933,"a15_19","f","ao_sao_ei"
915490,933,"a30_34","m","ao_sao_ei"
651656,933,"a70_74","m","naao"
880438,933,"a70_74","m","ao_sao_ei"
737785,933,"a35_39","f","oo"
