"SERIALNO","DVISION","SPORDER","PUMA","REGION","AGE","SEX","HISP","RACE","PWGTP1"
"2018GQ0003406",5,1,51010,3,"30_39","m","not.hisp.latino","two.",16
"2018GQ0013071",5,1,51135,3,"40_49","m","not.hisp.latino","white",115
"2018GQ0021318",5,1,51090,3,"30_39","m","not.hisp.latino","asian",11
"2018GQ0029007",5,1,51175,3,"30_39","m","not.hisp.latino","black.aa",106
"2018GQ0035256",5,1,51045,3,"40_49","m","not.hisp.latino","white",4
"2018GQ0035582",5,1,55002,3,"40_49","m","not.hisp.latino","black.aa",37
"2018GQ0039059",5,1,51089,3,"50_59","f","not.hisp.latino","black.aa",6
"2018GQ0039087",5,1,51010,3,"30_39","m","not.hisp.latino","black.aa",165
"2018GQ0044102",5,1,51135,3,"30_39","m","not.hisp.latino","black.aa",21
"2018GQ0057772",5,1,51084,3,"40_49","m","not.hisp.latino","black.aa",58
"2018GQ0074653",5,1,51080,3,"30_39","m","not.hisp.latino","white",5
"2018GQ0084396",5,1,51235,3,"70_79","m","not.hisp.latino","black.aa",2
"2018GQ0091004",5,1,51135,3,"30_39","m","not.hisp.latino","black.aa",33
"2018GQ0105782",5,1,51154,3,"20_29","f","not.hisp.latino","black.aa",3
"2018GQ0105863",5,1,51040,3,"20_29","m","not.hisp.latino","white",4
"2018GQ0109252",5,1,51135,3,"30_39","m","not.hisp.latino","black.aa",64
"2018GQ0120162",5,1,4102,3,"40_49","m","not.hisp.latino","white",13
"2018GQ0122373",5,1,51206,3,"60_69","m","not.hisp.latino","white",15
"2018GQ0125673",5,1,51155,3,"30_39","m","not.hisp.latino","white",225
"2018GQ0128528",5,1,51010,3,"30_39","m","not.hisp.latino","black.aa",17
"2018GQ0133140",5,1,51090,3,"40_49","m","not.hisp.latino","asian",49
"2018GQ0136770",5,1,51154,3,"30_39","m","not.hisp.latino","white",7
"2018GQ0138924",5,1,51135,3,"40_49","m","not.hisp.latino","black.aa",106
"2018GQ0140898",5,1,51084,3,"30_39","m","not.hisp.latino","white",21
"2018GQ0150725",5,1,51097,3,"40_49","m","not.hisp.latino","white",132
"2018GQ0151115",5,1,51215,3,"30_39","m","not.hisp.latino","black.aa",111
"2018HU0003639",5,1,51110,3,"40_49","m","not.hisp.latino","white",10
"2018HU0004508",5,2,51087,3,"60_69","f","not.hisp.latino","white",209
"2018HU0004895",5,1,1301,3,"30_39","m","hisp.latino","white",58
"2018HU0006074",5,1,51125,3,"40_49","f","not.hisp.latino","white",19
"2018HU0007894",5,1,59308,3,"30_39","m","not.hisp.latino","black.aa",155
"2018HU0010286",5,2,51154,3,"40_49","f","not.hisp.latino","asian",60
"2018HU0012348",5,1,51084,3,"30_39","f","not.hisp.latino","white",251
"2018HU0012385",5,1,51175,3,"40_49","m","not.hisp.latino","white",34
"2018HU0013484",5,4,59303,3,"30_39","f","hisp.latino","white",97
"2018HU0021232",5,2,59306,3,"30_39","f","not.hisp.latino","black.aa",10
"2018HU0022385",5,1,51080,3,"40_49","m","hisp.latino","white",215
"2018HU0024247",5,2,51154,3,"0_9","m","not.hisp.latino","white",31
"2018HU0024834",5,1,51244,3,"30_39","m","not.hisp.latino","white",56
"2018HU0024870",5,1,51085,3,"40_49","f","not.hisp.latino","two.",19
"2018HU0025191",5,2,55002,3,"40_49","m","not.hisp.latino","white",154
"2018HU0029647",5,2,51089,3,"30_39","m","not.hisp.latino","white",99
"2018HU0030756",5,5,51120,3,"0_9","m","not.hisp.latino","black.aa",119
"2018HU0031306",5,1,51120,3,"30_39","m","not.hisp.latino","black.aa",136
"2018HU0033119",5,4,51045,3,"30_39","f","hisp.latino","two.",85
"2018HU0037483",5,2,51045,3,"30_39","f","not.hisp.latino","two.",447
"2018HU0040382",5,3,51090,3,"0_9","m","not.hisp.latino","black.aa",556
"2018HU0042114",5,4,51110,3,"0_9","f","not.hisp.latino","two.",103
"2018HU0042398",5,5,59305,3,"0_9","f","not.hisp.latino","asian",143
"2018HU0043027",5,2,51224,3,"30_39","f","not.hisp.latino","two.",14
"2018HU0043070",5,1,59301,3,"70_79","m","not.hisp.latino","asian",84
"2018HU0044172",5,1,59306,3,"70_79","f","not.hisp.latino","white",52
"2018HU0044291",5,3,51085,3,"0_9","m","not.hisp.latino","white",74
"2018HU0045597",5,5,59306,3,"0_9","m","not.hisp.latino","two.",67
"2018HU0047520",5,1,4103,3,"60_69","m","not.hisp.latino","white",31
"2018HU0047993",5,1,51215,3,"60_69","m","not.hisp.latino","white",153
"2018HU0048477",5,1,51105,3,"40_49","m","not.hisp.latino","black.aa",39
"2018HU0050258",5,5,59301,3,"0_9","m","not.hisp.latino","asian",15
"2018HU0052573",5,2,51225,3,"30_39","m","not.hisp.latino","white",86
"2018HU0054597",5,1,51044,3,"70_79","m","not.hisp.latino","white",18
"2018HU0056933",5,1,59301,3,"30_39","f","not.hisp.latino","asian",58
"2018HU0056933",5,4,59301,3,"0_9","m","not.hisp.latino","asian",71
"2018HU0059469",5,2,51125,3,"40_49","m","not.hisp.latino","white",258
"2018HU0059469",5,3,51125,3,"0_9","m","not.hisp.latino","two.",824
"2018HU0060625",5,1,51115,3,"30_39","m","not.hisp.latino","white",13
"2018HU0061428",5,1,51165,3,"40_49","m","not.hisp.latino","two.",68
"2018HU0062560",5,4,51105,3,"10_19","m","not.hisp.latino","two.",46
"2018HU0069523",5,2,59303,3,"30_39","f","not.hisp.latino","white",24
"2018HU0069725",5,3,10701,3,"0_9","m","hisp.latino","two.",216
"2018HU0072515",5,2,51244,3,"30_39","m","not.hisp.latino","white",19
"2018HU0078207",5,4,51186,3,"0_9","m","not.hisp.latino","white",193
"2018HU0078643",5,1,59307,3,"30_39","m","not.hisp.latino","asian",95
"2018HU0078643",5,2,59307,3,"30_39","f","not.hisp.latino","asian",56
"2018HU0081216",5,1,51085,3,"60_69","f","not.hisp.latino","white",164
"2018HU0082468",5,2,51089,3,"40_49","m","not.hisp.latino","white",23
"2018HU0083604",5,1,1302,3,"30_39","m","not.hisp.latino","asian",35
"2018HU0084727",5,4,51044,3,"0_9","f","not.hisp.latino","white",89
"2018HU0088593",5,1,51135,3,"60_69","m","not.hisp.latino","black.aa",97
"2018HU0088927",5,1,51225,3,"30_39","m","not.hisp.latino","asian",123
"2018HU0089327",5,4,10702,3,"0_9","m","not.hisp.latino","asian",165
"2018HU0091443",5,2,51080,3,"60_69","m","not.hisp.latino","white",194
"2018HU0091588",5,2,51175,3,"40_49","f","not.hisp.latino","two.",92
"2018HU0092796",5,1,10701,3,"30_39","f","not.hisp.latino","white",123
"2018HU0094521",5,5,51165,3,"0_9","f","not.hisp.latino","two.",91
"2018HU0096344",5,2,51080,3,"30_39","m","not.hisp.latino","white",118
"2018HU0097403",5,2,51115,3,"30_39","f","not.hisp.latino","white",58
"2018HU0098487",5,1,51244,3,"70_79","f","not.hisp.latino","white",430
"2018HU0100681",5,1,51225,3,"60_69","m","not.hisp.latino","asian",161
"2018HU0105196",5,1,51154,3,"30_39","m","not.hisp.latino","black.aa",234
"2018HU0105553",5,2,10702,3,"40_49","f","not.hisp.latino","asian",61
"2018HU0109565",5,2,59307,3,"30_39","f","not.hisp.latino","two.",94
"2018HU0111387",5,5,4101,3,"0_9","m","hisp.latino","white",27
"2018HU0112465",5,2,51167,3,"30_39","f","not.hisp.latino","white",80
"2018HU0112706",5,1,59303,3,"40_49","m","not.hisp.latino","white",59
"2018HU0113727",5,3,10702,3,"30_39","m","hisp.latino","white",223
"2018HU0114999",5,1,55001,3,"70_79","m","not.hisp.latino","white",146
"2018HU0117562",5,2,51085,3,"30_39","f","not.hisp.latino","two.",256
"2018HU0117562",5,3,51085,3,"0_9","f","not.hisp.latino","white",107
"2018HU0119706",5,1,51175,3,"40_49","f","not.hisp.latino","two.",110
"2018HU0125612",5,1,59305,3,"60_69","m","not.hisp.latino","white",111
"2018HU0128827",5,1,51120,3,"30_39","m","not.hisp.latino","white",27
"2018HU0128966",5,4,51154,3,"0_9","f","not.hisp.latino","white",21
"2018HU0129285",5,1,59308,3,"60_69","m","not.hisp.latino","asian",55
"2018HU0131006",5,2,59309,3,"30_39","f","hisp.latino","white",60
"2018HU0131486",5,2,59304,3,"30_39","m","not.hisp.latino","two.",97
"2018HU0134212",5,2,51085,3,"30_39","m","not.hisp.latino","white",72
"2018HU0136470",5,3,59307,3,"60_69","m","not.hisp.latino","white",151
"2018HU0136871",5,2,51087,3,"50_59","m","not.hisp.latino","two.",26
"2018HU0136877",5,2,51097,3,"50_59","m","not.hisp.latino","black.aa",15
"2018HU0139083",5,1,59302,3,"60_69","m","not.hisp.latino","white",16
"2018HU0139905",5,1,51215,3,"30_39","f","not.hisp.latino","white",152
"2018HU0141615",5,1,51165,3,"30_39","m","not.hisp.latino","black.aa",221
"2018HU0142001",5,1,4102,3,"30_39","m","not.hisp.latino","asian",99
"2018HU0144597",5,1,59304,3,"40_49","m","not.hisp.latino","two.",170
"2018HU0144597",5,4,59304,3,"10_19","m","not.hisp.latino","two.",147
"2018HU0145388",5,3,59304,3,"30_39","m","not.hisp.latino","white",23
"2018HU0147490",5,3,51225,3,"0_9","m","not.hisp.latino","white",77
"2018HU0148693",5,1,51145,3,"70_79","f","not.hisp.latino","white",32
"2018HU0150482",5,1,51120,3,"60_69","m","not.hisp.latino","white",40
"2018HU0150559",5,2,10701,3,"60_69","f","not.hisp.latino","white",117
"2018HU0150696",5,2,59307,3,"0_9","f","not.hisp.latino","two.",20
"2018HU0150866",5,1,59305,3,"30_39","m","not.hisp.latino","asian",60
"2018HU0151692",5,2,51120,3,"50_59","m","not.hisp.latino","white",13
"2018HU0152951",5,1,59303,3,"70_79","m","not.hisp.latino","white",31
"2018HU0154483",5,1,4101,3,"60_69","f","hisp.latino","two.",27
"2018HU0156181",5,1,59306,3,"60_69","m","not.hisp.latino","white",61
"2018HU0159397",5,1,59305,3,"30_39","m","not.hisp.latino","asian",259
"2018HU0159826",5,4,51244,3,"0_9","m","not.hisp.latino","asian",165
"2018HU0160220",5,1,51020,3,"30_39","m","not.hisp.latino","white",68
"2018HU0163270",5,2,51044,3,"0_9","f","not.hisp.latino","two.",268
"2018HU0163599",5,1,51090,3,"40_49","m","not.hisp.latino","white",29
"2018HU0165704",5,2,51085,3,"40_49","m","not.hisp.latino","white",232
"2018HU0166095",5,2,59307,3,"40_49","f","not.hisp.latino","asian",84
"2018HU0167676",5,1,59309,3,"60_69","m","hisp.latino","white",113
"2018HU0170155",5,2,51110,3,"40_49","f","hisp.latino","two.",72
"2018HU0172353",5,1,1301,3,"40_49","m","not.hisp.latino","white",10
"2018HU0173139",5,2,51115,3,"60_69","m","not.hisp.latino","black.aa",51
"2018HU0173410",5,2,51165,3,"20_29","m","not.hisp.latino","asian",80
"2018HU0178111",5,1,51044,3,"30_39","m","not.hisp.latino","two.",192
"2018HU0181521",5,2,59302,3,"40_49","m","not.hisp.latino","white",19
"2018HU0183690",5,3,10702,3,"0_9","m","not.hisp.latino","two.",74
"2018HU0183807",5,2,59308,3,"30_39","f","not.hisp.latino","asian",72
"2018HU0184097",5,1,51164,3,"70_79","f","not.hisp.latino","white",150
"2018HU0185009",5,1,10703,3,"50_59","m","not.hisp.latino","white",49
"2018HU0185831",5,1,59303,3,"40_49","m","not.hisp.latino","black.aa",19
"2018HU0187526",5,1,51155,3,"30_39","m","not.hisp.latino","black.aa",249
"2018HU0188238",5,4,51224,3,"0_9","f","not.hisp.latino","two.",79
"2018HU0191038",5,1,51125,3,"60_69","m","not.hisp.latino","white",28
"2018HU0191205",5,1,59301,3,"70_79","m","not.hisp.latino","asian",106
"2018HU0191557",5,1,59302,3,"40_49","f","not.hisp.latino","asian",110
"2018HU0197031",5,2,51110,3,"70_79","f","not.hisp.latino","white",47
"2018HU0197430",5,3,51120,3,"0_9","f","hisp.latino","two.",91
"2018HU0197430",5,4,51120,3,"0_9","m","hisp.latino","two.",238
"2018HU0198707",5,2,59307,3,"30_39","f","not.hisp.latino","two.",108
"2018HU0199909",5,1,59304,3,"60_69","m","not.hisp.latino","white",63
"2018HU0200003",5,2,51175,3,"30_39","f","not.hisp.latino","two.",152
"2018HU0200872",5,1,51165,3,"50_59","m","not.hisp.latino","two.",37
"2018HU0202338",5,1,51090,3,"30_39","f","not.hisp.latino","asian",115
"2018HU0204370",5,2,51235,3,"60_69","m","not.hisp.latino","black.aa",15
"2018HU0204859",5,3,51145,3,"0_9","m","not.hisp.latino","two.",43
"2018HU0207687",5,1,51186,3,"30_39","m","not.hisp.latino","black.aa",175
"2018HU0211132",5,2,59307,3,"30_39","f","not.hisp.latino","white",18
"2018HU0212077",5,1,51215,3,"70_79","m","not.hisp.latino","white",47
"2018HU0213770",5,3,51087,3,"30_39","m","not.hisp.latino","white",16
"2018HU0216503",5,2,51105,3,"60_69","m","not.hisp.latino","black.aa",38
"2018HU0221051",5,1,51155,3,"30_39","f","not.hisp.latino","asian",98
"2018HU0222142",5,1,51186,3,"40_49","f","not.hisp.latino","black.aa",179
"2018HU0223467",5,4,51087,3,"0_9","m","hisp.latino","two.",32
"2018HU0225797",5,2,59305,3,"50_59","f","not.hisp.latino","asian",99
"2018HU0226020",5,1,51186,3,"40_49","m","not.hisp.latino","white",86
"2018HU0226153",5,2,51045,3,"60_69","m","not.hisp.latino","white",62
"2018HU0227079",5,1,51186,3,"70_79","m","not.hisp.latino","white",48
"2018HU0227177",5,1,51125,3,"40_49","m","not.hisp.latino","white",12
"2018HU0227292",5,4,51246,3,"0_9","f","not.hisp.latino","black.aa",30
"2018HU0229655",5,1,51044,3,"50_59","m","not.hisp.latino","black.aa",118
"2018HU0233132",5,2,59307,3,"30_39","m","not.hisp.latino","asian",26
"2018HU0238029",5,1,51135,3,"30_39","f","not.hisp.latino","white",62
"2018HU0240336",5,1,51120,3,"40_49","m","not.hisp.latino","two.",85
"2018HU0240336",5,2,51120,3,"30_39","f","not.hisp.latino","two.",133
"2018HU0240861",5,3,51215,3,"0_9","f","not.hisp.latino","white",23
"2018HU0243306",5,2,51040,3,"60_69","f","not.hisp.latino","white",125
"2018HU0245331",5,1,51244,3,"30_39","m","not.hisp.latino","asian",33
"2018HU0245437",5,1,51087,3,"40_49","m","not.hisp.latino","white",135
"2018HU0246071",5,2,51215,3,"60_69","m","not.hisp.latino","black.aa",40
"2018HU0246705",5,4,51255,3,"0_9","m","not.hisp.latino","white",58
"2018HU0248734",5,1,51110,3,"30_39","m","not.hisp.latino","white",52
"2018HU0249685",5,2,51224,3,"30_39","f","not.hisp.latino","white",128
"2018HU0251512",5,1,51010,3,"50_59","m","not.hisp.latino","white",10
"2018HU0252116",5,3,51045,3,"0_9","m","not.hisp.latino","white",86
"2018HU0252604",5,4,51145,3,"0_9","f","hisp.latino","white",14
"2018HU0253236",5,2,51087,3,"50_59","m","not.hisp.latino","white",44
"2018HU0253824",5,6,51246,3,"60_69","m","not.hisp.latino","black.aa",276
"2018HU0255291",5,2,51154,3,"30_39","f","not.hisp.latino","two.",10
"2018HU0255297",5,2,59301,3,"30_39","m","not.hisp.latino","asian",98
"2018HU0255847",5,3,51096,3,"0_9","f","not.hisp.latino","two.",72
"2018HU0257288",5,4,59308,3,"0_9","m","not.hisp.latino","two.",146
"2018HU0257304",5,8,51044,3,"0_9","m","hisp.latino","white",10
"2018HU0259964",5,5,59309,3,"70_79","m","not.hisp.latino","asian",24
"2018HU0263150",5,2,59309,3,"40_49","f","not.hisp.latino","asian",19
"2018HU0263216",5,3,51145,3,"0_9","m","not.hisp.latino","two.",28
"2018HU0263427",5,8,10701,3,"20_29","f","not.hisp.latino","asian",118
"2018HU0266244",5,1,4103,3,"30_39","m","not.hisp.latino","asian",89
"2018HU0266244",5,3,4103,3,"0_9","m","not.hisp.latino","two.",57
"2018HU0266463",5,1,51096,3,"60_69","m","not.hisp.latino","white",563
"2018HU0266529",5,3,55002,3,"0_9","m","not.hisp.latino","white",345
"2018HU0267731",5,3,51095,3,"0_9","f","not.hisp.latino","white",144
"2018HU0269951",5,3,10703,3,"0_9","f","not.hisp.latino","two.",99
"2018HU0271255",5,3,51120,3,"20_29","m","not.hisp.latino","white",58
"2018HU0271847",5,3,51164,3,"30_39","m","not.hisp.latino","black.aa",82
"2018HU0272835",5,1,51235,3,"60_69","m","not.hisp.latino","black.aa",105
"2018HU0273163",5,2,59305,3,"30_39","m","not.hisp.latino","white",42
"2018HU0274323",5,2,59301,3,"40_49","f","hisp.latino","white",36
"2018HU0277372",5,2,10701,3,"30_39","m","not.hisp.latino","asian",361
"2018HU0283462",5,1,51145,3,"60_69","m","not.hisp.latino","black.aa",71
"2018HU0283476",5,2,51110,3,"30_39","f","not.hisp.latino","white",9
"2018HU0284692",5,4,51120,3,"0_9","f","not.hisp.latino","white",85
"2018HU0284951",5,1,59304,3,"60_69","m","not.hisp.latino","white",91
"2018HU0286860",5,3,51255,3,"0_9","m","not.hisp.latino","black.aa",285
"2018HU0289066",5,1,51084,3,"30_39","m","not.hisp.latino","white",424
"2018HU0289066",5,3,51084,3,"0_9","f","not.hisp.latino","two.",1310
"2018HU0290005",5,5,51245,3,"0_9","f","not.hisp.latino","asian",25
"2018HU0294081",5,4,51090,3,"10_19","f","not.hisp.latino","black.aa",79
"2018HU0300148",5,2,51244,3,"40_49","m","not.hisp.latino","black.aa",21
"2018HU0301844",5,2,10703,3,"60_69","f","not.hisp.latino","white",163
"2018HU0301982",5,2,51097,3,"0_9","f","not.hisp.latino","white",101
"2018HU0302900",5,4,4101,3,"40_49","f","not.hisp.latino","white",104
"2018HU0303614",5,3,55001,3,"0_9","m","not.hisp.latino","two.",60
"2018HU0304583",5,5,51225,3,"0_9","m","not.hisp.latino","black.aa",52
"2018HU0306234",5,1,51097,3,"60_69","m","not.hisp.latino","white",26
"2018HU0306775",5,1,1301,3,"30_39","m","hisp.latino","two.",172
"2018HU0307017",5,4,4102,3,"0_9","f","not.hisp.latino","two.",104
"2018HU0308952",5,1,59303,3,"40_49","m","hisp.latino","two.",37
"2018HU0310585",5,4,51120,3,"0_9","m","not.hisp.latino","white",158
"2018HU0311804",5,1,10703,3,"30_39","m","not.hisp.latino","white",221
"2018HU0311804",5,2,10703,3,"30_39","f","not.hisp.latino","white",213
"2018HU0312062",5,3,4103,3,"30_39","m","not.hisp.latino","white",75
"2018HU0312321",5,4,51084,3,"0_9","m","not.hisp.latino","white",47
"2018HU0312663",5,2,51175,3,"60_69","m","not.hisp.latino","white",339
"2018HU0315913",5,1,51087,3,"50_59","m","not.hisp.latino","white",166
"2018HU0315941",5,4,10702,3,"0_9","m","not.hisp.latino","asian",64
"2018HU0318359",5,3,4101,3,"0_9","m","hisp.latino","two.",107
"2018HU0318448",5,1,51175,3,"50_59","m","not.hisp.latino","asian",81
"2018HU0318510",5,1,51040,3,"70_79","f","not.hisp.latino","white",42
"2018HU0320656",5,3,59303,3,"30_39","m","not.hisp.latino","white",178
"2018HU0322236",5,1,51235,3,"30_39","f","not.hisp.latino","asian",32
"2018HU0322371",5,2,1301,3,"30_39","f","hisp.latino","two.",418
"2018HU0322381",5,1,59301,3,"40_49","m","not.hisp.latino","white",101
"2018HU0326579",5,1,51246,3,"30_39","m","not.hisp.latino","asian",147
"2018HU0329640",5,2,10702,3,"40_49","f","not.hisp.latino","white",58
"2018HU0331135",5,1,51224,3,"30_39","m","not.hisp.latino","asian",61
"2018HU0331747",5,2,51255,3,"40_49","m","hisp.latino","white",134
"2018HU0332561",5,3,59308,3,"10_19","m","not.hisp.latino","two.",46
"2018HU0333960",5,1,51010,3,"40_49","m","not.hisp.latino","white",137
"2018HU0335715",5,2,59309,3,"30_39","f","not.hisp.latino","white",38
"2018HU0336079",5,1,51096,3,"60_69","f","not.hisp.latino","black.aa",44
"2018HU0337275",5,5,59307,3,"0_9","m","hisp.latino","two.",361
"2018HU0338133",5,1,10701,3,"60_69","m","not.hisp.latino","white",103
"2018HU0344945",5,1,59301,3,"60_69","m","not.hisp.latino","asian",21
"2018HU0346012",5,1,51095,3,"60_69","f","not.hisp.latino","two.",203
"2018HU0349214",5,2,51245,3,"40_49","m","not.hisp.latino","black.aa",325
"2018HU0349470",5,2,51215,3,"20_29","f","not.hisp.latino","white",20
"2018HU0352426",5,3,51165,3,"0_9","f","not.hisp.latino","white",14
"2018HU0355555",5,2,59309,3,"30_39","f","not.hisp.latino","asian",80
"2018HU0358915",5,2,59309,3,"30_39","f","not.hisp.latino","asian",18
"2018HU0358938",5,1,55001,3,"30_39","m","not.hisp.latino","asian",160
"2018HU0360097",5,2,59301,3,"40_49","m","hisp.latino","two.",27
"2018HU0360482",5,1,51175,3,"40_49","f","not.hisp.latino","asian",38
"2018HU0363694",5,1,59305,3,"30_39","f","not.hisp.latino","white",219
"2018HU0366866",5,2,59303,3,"30_39","m","not.hisp.latino","asian",42
"2018HU0368598",5,1,4101,3,"50_59","f","not.hisp.latino","black.aa",73
"2018HU0369071",5,2,51105,3,"40_49","m","not.hisp.latino","white",70
"2018HU0370779",5,4,51235,3,"0_9","m","not.hisp.latino","two.",48
"2018HU0371934",5,1,51125,3,"40_49","f","not.hisp.latino","white",25
"2018HU0374529",5,2,59301,3,"60_69","m","not.hisp.latino","black.aa",319
"2018HU0375575",5,3,1301,3,"0_9","m","not.hisp.latino","two.",36
"2018HU0376012",5,1,51145,3,"40_49","f","not.hisp.latino","asian",82
"2018HU0378301",5,1,51255,3,"70_79","m","not.hisp.latino","white",55
"2018HU0383076",5,2,51096,3,"0_9","m","not.hisp.latino","two.",64
"2018HU0385454",5,1,51115,3,"60_69","m","not.hisp.latino","two.",56
"2018HU0385650",5,1,51164,3,"60_69","m","not.hisp.latino","white",97
"2018HU0385790",5,2,51154,3,"40_49","m","not.hisp.latino","asian",237
"2018HU0388874",5,3,51090,3,"0_9","m","not.hisp.latino","black.aa",589
"2018HU0391178",5,2,51096,3,"30_39","m","not.hisp.latino","asian",53
"2018HU0394501",5,1,59306,3,"50_59","m","not.hisp.latino","asian",117
"2018HU0397019",5,1,51175,3,"50_59","m","not.hisp.latino","white",13
"2018HU0399327",5,2,51154,3,"60_69","f","not.hisp.latino","asian",35
"2018HU0399548",5,1,59307,3,"30_39","m","not.hisp.latino","asian",190
"2018HU0399839",5,1,51215,3,"40_49","m","not.hisp.latino","black.aa",113
"2018HU0400008",5,1,51235,3,"30_39","m","not.hisp.latino","white",50
"2018HU0402164",5,1,59304,3,"40_49","m","not.hisp.latino","white",388
"2018HU0402172",5,2,51215,3,"70_79","m","not.hisp.latino","black.aa",87
"2018HU0404210",5,2,51105,3,"30_39","m","not.hisp.latino","white",35
"2018HU0406640",5,4,51097,3,"0_9","f","not.hisp.latino","white",118
"2018HU0406648",5,5,51245,3,"0_9","f","not.hisp.latino","two.",221
"2018HU0408525",5,1,51246,3,"60_69","f","not.hisp.latino","black.aa",125
"2018HU0410453",5,3,59309,3,"70_79","m","not.hisp.latino","asian",34
"2018HU0413157",5,2,51244,3,"30_39","f","not.hisp.latino","asian",64
"2018HU0413222",5,4,59308,3,"0_9","m","not.hisp.latino","asian",62
"2018HU0416668",5,2,59308,3,"30_39","f","not.hisp.latino","asian",74
"2018HU0416897",5,2,51096,3,"40_49","f","not.hisp.latino","white",122
"2018HU0418012",5,6,51245,3,"0_9","f","not.hisp.latino","asian",10
"2018HU0419287",5,1,59301,3,"40_49","f","not.hisp.latino","white",93
"2018HU0420764",5,4,10702,3,"0_9","m","not.hisp.latino","asian",135
"2018HU0421584",5,1,51206,3,"60_69","m","not.hisp.latino","white",127
"2018HU0422760",5,1,51225,3,"40_49","m","not.hisp.latino","black.aa",178
"2018HU0425077",5,3,59307,3,"0_9","m","not.hisp.latino","white",52
"2018HU0425774",5,5,51215,3,"0_9","f","not.hisp.latino","two.",60
"2018HU0433375",5,5,59303,3,"0_9","m","not.hisp.latino","two.",30
"2018HU0434424",5,4,51165,3,"0_9","m","not.hisp.latino","white",109
"2018HU0434994",5,1,4103,3,"60_69","m","not.hisp.latino","white",177
"2018HU0440498",5,2,55001,3,"30_39","m","not.hisp.latino","white",117
"2018HU0440502",5,8,51246,3,"0_9","m","not.hisp.latino","two.",189
"2018HU0440658",5,1,51255,3,"60_69","f","not.hisp.latino","white",121
"2018HU0440817",5,2,51246,3,"40_49","m","hisp.latino","two.",92
"2018HU0440990",5,7,51120,3,"50_59","m","not.hisp.latino","white",195
"2018HU0442675",5,3,51246,3,"0_9","m","not.hisp.latino","white",180
"2018HU0442868",5,3,59303,3,"10_19","m","not.hisp.latino","two.",257
"2018HU0443298",5,5,51154,3,"0_9","f","not.hisp.latino","two.",41
"2018HU0443952",5,2,51096,3,"0_9","f","not.hisp.latino","two.",212
"2018HU0445441",5,1,51235,3,"50_59","m","not.hisp.latino","asian",87
"2018HU0445993",5,1,51045,3,"30_39","m","not.hisp.latino","two.",528
"2018HU0451552",5,3,51045,3,"40_49","m","not.hisp.latino","two.",154
"2018HU0451672",5,2,51045,3,"60_69","f","not.hisp.latino","white",66
"2018HU0452420",5,2,1301,3,"30_39","f","not.hisp.latino","two.",29
"2018HU0452765",5,4,51155,3,"0_9","m","not.hisp.latino","white",88
"2018HU0453466",5,1,59309,3,"70_79","m","not.hisp.latino","asian",44
"2018HU0454960",5,3,51080,3,"0_9","m","not.hisp.latino","white",179
"2018HU0455618",5,1,59305,3,"30_39","m","not.hisp.latino","white",17
"2018HU0455622",5,2,51244,3,"30_39","m","not.hisp.latino","white",57
"2018HU0456521",5,4,51206,3,"0_9","m","not.hisp.latino","two.",44
"2018HU0457350",5,3,55002,3,"0_9","m","not.hisp.latino","two.",55
"2018HU0457350",5,4,55002,3,"0_9","m","not.hisp.latino","two.",55
"2018HU0457774",5,2,59302,3,"30_39","m","not.hisp.latino","asian",132
"2018HU0459130",5,4,10701,3,"0_9","m","hisp.latino","white",665
"2018HU0461187",5,2,51045,3,"70_79","f","not.hisp.latino","two.",58
"2018HU0462753",5,1,59305,3,"40_49","f","not.hisp.latino","white",115
"2018HU0463172",5,3,51186,3,"30_39","m","not.hisp.latino","two.",27
"2018HU0464977",5,2,51246,3,"0_9","m","not.hisp.latino","two.",109
"2018HU0465971",5,1,51125,3,"70_79","f","not.hisp.latino","black.aa",414
"2018HU0466285",5,3,51097,3,"60_69","m","not.hisp.latino","white",196
"2018HU0466650",5,1,59307,3,"40_49","m","not.hisp.latino","asian",36
"2018HU0467066",5,1,51110,3,"60_69","m","not.hisp.latino","white",61
"2018HU0467878",5,1,51175,3,"50_59","f","not.hisp.latino","black.aa",28
"2018HU0468280",5,3,51020,3,"0_9","f","not.hisp.latino","two.",101
"2018HU0469250",5,4,55001,3,"0_9","m","not.hisp.latino","two.",68
"2018HU0471212",5,6,51087,3,"0_9","m","not.hisp.latino","black.aa",53
"2018HU0471982",5,4,51115,3,"0_9","f","not.hisp.latino","two.",17
"2018HU0472788",5,4,10702,3,"10_19","m","not.hisp.latino","asian",56
"2018HU0473075",5,3,51010,3,"0_9","m","not.hisp.latino","two.",119
"2018HU0479020",5,2,51167,3,"40_49","m","not.hisp.latino","asian",357
"2018HU0479020",5,4,51167,3,"0_9","m","not.hisp.latino","asian",412
"2018HU0480882",5,1,51135,3,"30_39","f","not.hisp.latino","black.aa",94
"2018HU0483694",5,3,51255,3,"0_9","f","not.hisp.latino","two.",130
"2018HU0484014",5,1,51206,3,"30_39","m","not.hisp.latino","white",90
"2018HU0486345",5,2,51246,3,"30_39","f","not.hisp.latino","asian",27
"2018HU0493105",5,2,51225,3,"70_79","f","not.hisp.latino","white",32
"2018HU0496559",5,3,59308,3,"0_9","m","not.hisp.latino","asian",307
"2018HU0497223",5,1,51165,3,"20_29","m","not.hisp.latino","white",93
"2018HU0499447",5,3,51186,3,"0_9","f","not.hisp.latino","white",142
"2018HU0504636",5,1,59301,3,"60_69","m","not.hisp.latino","white",18
"2018HU0509569",5,1,51244,3,"30_39","m","not.hisp.latino","asian",70
"2018HU0509569",5,2,51244,3,"30_39","f","not.hisp.latino","asian",65
"2018HU0509700",5,2,51087,3,"60_69","m","not.hisp.latino","white",106
"2018HU0510133",5,2,51154,3,"60_69","m","not.hisp.latino","white",32
"2018HU0510486",5,3,1301,3,"0_9","m","not.hisp.latino","white",393
"2018HU0512410",5,1,59307,3,"30_39","m","not.hisp.latino","asian",29
"2018HU0512410",5,3,59307,3,"0_9","m","not.hisp.latino","asian",17
"2018HU0513450",5,4,59301,3,"0_9","m","not.hisp.latino","white",76
"2018HU0515787",5,8,59304,3,"0_9","m","not.hisp.latino","asian",369
"2018HU0519314",5,2,51125,3,"70_79","m","not.hisp.latino","white",118
"2018HU0519918",5,3,51045,3,"0_9","f","not.hisp.latino","two.",9
"2018HU0520702",5,1,51085,3,"70_79","f","not.hisp.latino","white",14
"2018HU0522312",5,2,51115,3,"30_39","m","not.hisp.latino","two.",168
"2018HU0523438",5,3,51165,3,"0_9","m","not.hisp.latino","white",19
"2018HU0524248",5,1,51255,3,"30_39","m","not.hisp.latino","two.",46
"2018HU0524248",5,3,51255,3,"0_9","m","not.hisp.latino","two.",58
"2018HU0524448",5,2,51186,3,"30_39","m","not.hisp.latino","two.",68
"2018HU0530968",5,7,59305,3,"60_69","f","not.hisp.latino","asian",73
"2018HU0532670",5,2,59308,3,"30_39","f","not.hisp.latino","asian",70
"2018HU0533163",5,2,59307,3,"30_39","f","not.hisp.latino","asian",22
"2018HU0535257",5,1,51085,3,"30_39","m","not.hisp.latino","white",61
"2018HU0535470",5,3,51246,3,"0_9","m","not.hisp.latino","asian",17
"2018HU0535676",5,1,51246,3,"60_69","m","not.hisp.latino","two.",18
"2018HU0536086",5,4,51186,3,"0_9","m","not.hisp.latino","white",156
"2018HU0537952",5,1,10702,3,"30_39","m","not.hisp.latino","two.",132
"2018HU0540482",5,2,59306,3,"30_39","m","not.hisp.latino","black.aa",73
"2018HU0540787",5,2,51105,3,"30_39","m","not.hisp.latino","white",329
"2018HU0542973",5,1,51165,3,"40_49","f","not.hisp.latino","white",13
"2018HU0545451",5,1,4103,3,"70_79","f","not.hisp.latino","two.",125
"2018HU0547199",5,1,51245,3,"50_59","m","not.hisp.latino","asian",38
"2018HU0548489",5,3,51215,3,"10_19","m","not.hisp.latino","white",256
"2018HU0549711",5,2,51105,3,"20_29","f","not.hisp.latino","black.aa",152
"2018HU0551444",5,1,51135,3,"60_69","m","not.hisp.latino","black.aa",25
"2018HU0552771",5,1,51167,3,"50_59","m","not.hisp.latino","asian",120
"2018HU0554488",5,4,59303,3,"0_9","m","hisp.latino","white",36
"2018HU0557497",5,3,51155,3,"0_9","m","not.hisp.latino","two.",140
"2018HU0558237",5,1,51165,3,"70_79","m","not.hisp.latino","black.aa",74
"2018HU0559501",5,3,51186,3,"0_9","f","hisp.latino","two.",200
"2018HU0561146",5,1,59304,3,"50_59","f","not.hisp.latino","black.aa",78
"2018HU0561931",5,1,51255,3,"30_39","m","not.hisp.latino","white",58
"2018HU0564619",5,2,51020,3,"0_9","f","not.hisp.latino","white",108
"2018HU0564619",5,3,51020,3,"0_9","m","not.hisp.latino","white",87
"2018HU0565199",5,3,59303,3,"0_9","m","not.hisp.latino","asian",327
"2018HU0567578",5,3,51246,3,"0_9","m","not.hisp.latino","two.",84
"2018HU0570619",5,1,59308,3,"40_49","m","not.hisp.latino","white",17
"2018HU0570685",5,1,59307,3,"60_69","m","not.hisp.latino","white",25
"2018HU0572691",5,1,51255,3,"40_49","f","hisp.latino","two.",76
"2018HU0573759",5,1,51087,3,"60_69","m","not.hisp.latino","white",104
"2018HU0574393",5,1,51010,3,"40_49","m","not.hisp.latino","white",38
"2018HU0577296",5,1,51175,3,"30_39","m","not.hisp.latino","white",51
"2018HU0577296",5,2,51175,3,"30_39","f","not.hisp.latino","asian",80
"2018HU0577367",5,2,51206,3,"40_49","f","not.hisp.latino","white",40
"2018HU0579213",5,1,51040,3,"60_69","f","not.hisp.latino","white",161
"2018HU0581845",5,3,59301,3,"0_9","m","not.hisp.latino","two.",81
"2018HU0584761",5,3,51145,3,"0_9","m","not.hisp.latino","white",130
"2018HU0589044",5,1,59302,3,"40_49","f","not.hisp.latino","white",226
"2018HU0589123",5,1,51040,3,"30_39","m","not.hisp.latino","black.aa",63
"2018HU0589638",5,1,51087,3,"20_29","f","not.hisp.latino","white",117
"2018HU0592321",5,2,10701,3,"30_39","m","not.hisp.latino","white",56
"2018HU0593406",5,7,51135,3,"0_9","f","not.hisp.latino","white",12
"2018HU0594191",5,5,59303,3,"50_59","f","not.hisp.latino","asian",160
"2018HU0594904",5,2,55001,3,"30_39","f","not.hisp.latino","black.aa",136
"2018HU0596189",5,1,51096,3,"70_79","m","not.hisp.latino","black.aa",54
"2018HU0603813",5,1,51245,3,"50_59","f","hisp.latino","two.",18
"2018HU0604673",5,4,51087,3,"0_9","m","not.hisp.latino","white",171
"2018HU0605234",5,2,51246,3,"50_59","m","not.hisp.latino","black.aa",226
"2018HU0605466",5,2,59304,3,"50_59","f","not.hisp.latino","two.",115
"2018HU0607367",5,2,51224,3,"30_39","f","not.hisp.latino","black.aa",22
"2018HU0609204",5,2,51224,3,"30_39","m","not.hisp.latino","black.aa",226
"2018HU0609937",5,1,59301,3,"30_39","m","not.hisp.latino","two.",16
"2018HU0617535",5,2,51097,3,"0_9","m","not.hisp.latino","two.",519
"2018HU0618321",5,1,51040,3,"50_59","m","not.hisp.latino","white",27
"2018HU0618424",5,4,51246,3,"0_9","f","not.hisp.latino","two.",81
"2018HU0621425",5,2,59305,3,"50_59","f","not.hisp.latino","white",29
"2018HU0622567",5,1,59307,3,"30_39","m","hisp.latino","white",25
"2018HU0628098",5,3,59302,3,"0_9","m","not.hisp.latino","asian",127
"2018HU0631408",5,2,51115,3,"30_39","m","not.hisp.latino","two.",60
"2018HU0631908",5,1,51246,3,"50_59","m","not.hisp.latino","asian",12
"2018HU0632526",5,1,51255,3,"30_39","m","not.hisp.latino","two.",183
"2018HU0635257",5,3,51084,3,"0_9","f","not.hisp.latino","white",38
"2018HU0635276",5,2,59307,3,"30_39","f","not.hisp.latino","two.",438
"2018HU0635276",5,3,59307,3,"0_9","m","not.hisp.latino","two.",389
"2018HU0637219",5,3,51087,3,"0_9","m","not.hisp.latino","white",45
"2018HU0637232",5,2,1301,3,"40_49","m","not.hisp.latino","white",60
"2018HU0638426",5,1,51010,3,"30_39","m","not.hisp.latino","white",97
"2018HU0639705",5,2,51145,3,"40_49","m","not.hisp.latino","white",99
"2018HU0639705",5,3,51145,3,"0_9","f","not.hisp.latino","white",82
"2018HU0640363",5,2,51245,3,"30_39","f","not.hisp.latino","asian",402
"2018HU0640363",5,6,51245,3,"70_79","m","not.hisp.latino","asian",285
"2018HU0642989",5,2,51165,3,"0_9","m","hisp.latino","two.",140
"2018HU0644275",5,1,10703,3,"30_39","m","not.hisp.latino","white",269
"2018HU0644894",5,2,51010,3,"60_69","f","not.hisp.latino","white",210
"2018HU0645161",5,4,51246,3,"0_9","f","not.hisp.latino","two.",11
"2018HU0645901",5,1,59301,3,"30_39","m","not.hisp.latino","asian",247
"2018HU0646729",5,2,51125,3,"30_39","m","not.hisp.latino","two.",77
"2018HU0647225",5,3,51020,3,"0_9","m","not.hisp.latino","white",18
"2018HU0647271",5,1,51175,3,"70_79","f","not.hisp.latino","white",59
"2018HU0647456",5,2,51096,3,"70_79","f","not.hisp.latino","white",71
"2018HU0649451",5,2,51155,3,"0_9","m","not.hisp.latino","black.aa",210
"2018HU0650987",5,3,51090,3,"0_9","m","not.hisp.latino","asian",102
"2018HU0652223",5,2,51010,3,"60_69","f","not.hisp.latino","white",29
"2018HU0653260",5,1,51145,3,"40_49","m","not.hisp.latino","white",63
"2018HU0655745",5,1,59304,3,"40_49","f","not.hisp.latino","asian",66
"2018HU0657642",5,5,51125,3,"0_9","m","not.hisp.latino","black.aa",177
"2018HU0662491",5,2,51235,3,"50_59","f","not.hisp.latino","asian",106
"2018HU0664176",5,4,55001,3,"0_9","f","not.hisp.latino","black.aa",68
"2018HU0665534",5,2,51245,3,"0_9","m","not.hisp.latino","black.aa",63
"2018HU0667075",5,1,59306,3,"60_69","m","not.hisp.latino","black.aa",65
"2018HU0667743",5,2,51167,3,"30_39","m","hisp.latino","white",123
"2018HU0668683",5,1,51165,3,"70_79","m","not.hisp.latino","white",55
"2018HU0669035",5,1,59303,3,"40_49","f","not.hisp.latino","asian",38
"2018HU0669151",5,2,59308,3,"60_69","f","hisp.latino","two.",105
"2018HU0671718",5,1,59309,3,"40_49","m","not.hisp.latino","white",104
"2018HU0671923",5,4,59302,3,"0_9","m","not.hisp.latino","two.",18
"2018HU0682965",5,2,51085,3,"70_79","f","not.hisp.latino","white",69
"2018HU0683427",5,5,4102,3,"0_9","m","not.hisp.latino","two.",645
"2018HU0683559",5,6,51095,3,"0_9","f","not.hisp.latino","white",328
"2018HU0684603",5,1,51165,3,"60_69","f","not.hisp.latino","black.aa",189
"2018HU0686310",5,1,51020,3,"70_79","m","not.hisp.latino","white",226
"2018HU0687634",5,1,51115,3,"60_69","f","not.hisp.latino","white",81
"2018HU0688742",5,3,51145,3,"30_39","m","not.hisp.latino","white",30
"2018HU0693369",5,1,51010,3,"30_39","m","not.hisp.latino","white",35
"2018HU0693767",5,4,51120,3,"0_9","m","not.hisp.latino","white",33
"2018HU0697990",5,4,59307,3,"30_39","m","not.hisp.latino","asian",649
"2018HU0697990",5,6,59307,3,"0_9","m","not.hisp.latino","asian",321
"2018HU0698297",5,2,51206,3,"60_69","f","not.hisp.latino","white",192
"2018HU0700510",5,1,51165,3,"60_69","m","not.hisp.latino","two.",100
"2018HU0701220",5,5,51120,3,"0_9","f","not.hisp.latino","white",20
"2018HU0701501",5,1,4103,3,"60_69","m","not.hisp.latino","white",115
"2018HU0702157",5,1,59309,3,"50_59","m","not.hisp.latino","white",16
"2018HU0704226",5,1,51105,3,"40_49","m","not.hisp.latino","two.",13
"2018HU0709946",5,1,51095,3,"50_59","m","not.hisp.latino","white",51
"2018HU0711376",5,1,51246,3,"40_49","m","not.hisp.latino","white",60
"2018HU0711946",5,1,10702,3,"40_49","f","not.hisp.latino","white",110
"2018HU0711993",5,1,59301,3,"60_69","m","not.hisp.latino","white",111
"2018HU0712473",5,4,51010,3,"10_19","f","not.hisp.latino","white",22
"2018HU0712473",5,5,51010,3,"40_49","m","not.hisp.latino","white",38
"2018HU0713408",5,1,51010,3,"30_39","f","not.hisp.latino","white",116
"2018HU0713482",5,1,51164,3,"40_49","f","not.hisp.latino","white",122
"2018HU0714618",5,1,51154,3,"30_39","f","not.hisp.latino","black.aa",75
"2018HU0715403",5,1,51235,3,"30_39","m","not.hisp.latino","white",36
"2018HU0715901",5,1,59307,3,"50_59","m","not.hisp.latino","asian",24
"2018HU0716793",5,2,51154,3,"50_59","m","not.hisp.latino","black.aa",96
"2018HU0718136",5,1,51206,3,"50_59","m","not.hisp.latino","white",196
"2018HU0719893",5,3,59303,3,"0_9","m","not.hisp.latino","asian",32
"2018HU0720734",5,1,51020,3,"30_39","m","not.hisp.latino","white",6
"2018HU0722529",5,3,51164,3,"0_9","f","not.hisp.latino","asian",49
"2018HU0722585",5,1,51096,3,"60_69","f","not.hisp.latino","black.aa",90
"2018HU0727128",5,2,51255,3,"30_39","m","not.hisp.latino","two.",115
"2018HU0729403",5,2,55002,3,"40_49","m","not.hisp.latino","black.aa",151
"2018HU0730822",5,1,59308,3,"30_39","m","not.hisp.latino","asian",90
"2018HU0733633",5,2,51235,3,"30_39","m","not.hisp.latino","black.aa",25
"2018HU0734621",5,2,51165,3,"30_39","f","not.hisp.latino","asian",27
"2018HU0736019",5,2,51085,3,"60_69","m","not.hisp.latino","white",23
"2018HU0738383",5,4,51165,3,"0_9","m","not.hisp.latino","asian",105
"2018HU0738796",5,3,51089,3,"0_9","m","not.hisp.latino","asian",28
"2018HU0738798",5,5,59303,3,"0_9","f","not.hisp.latino","asian",54
"2018HU0739969",5,2,10701,3,"30_39","m","hisp.latino","white",24
"2018HU0742774",5,1,51255,3,"30_39","m","not.hisp.latino","two.",13
"2018HU0742788",5,1,59304,3,"60_69","f","not.hisp.latino","two.",58
"2018HU0744613",5,1,51095,3,"50_59","m","not.hisp.latino","white",167
"2018HU0745537",5,3,1301,3,"0_9","m","not.hisp.latino","two.",44
"2018HU0745737",5,2,10702,3,"30_39","f","not.hisp.latino","asian",20
"2018HU0747590",5,1,4103,3,"40_49","m","not.hisp.latino","black.aa",70
"2018HU0748855",5,1,51040,3,"60_69","m","not.hisp.latino","white",99
"2018HU0748941",5,2,51167,3,"30_39","m","not.hisp.latino","white",14
"2018HU0749040",5,5,51165,3,"0_9","f","not.hisp.latino","asian",41
"2018HU0750208",5,1,59305,3,"40_49","m","not.hisp.latino","two.",107
"2018HU0755717",5,1,51044,3,"60_69","f","not.hisp.latino","white",196
"2018HU0757536",5,4,51175,3,"30_39","f","not.hisp.latino","black.aa",227
"2018HU0760834",5,2,51225,3,"30_39","f","not.hisp.latino","asian",285
"2018HU0761317",5,1,51245,3,"60_69","m","not.hisp.latino","white",72
"2018HU0761950",5,3,59302,3,"0_9","m","not.hisp.latino","white",122
"2018HU0763793",5,1,55001,3,"30_39","m","not.hisp.latino","white",138
"2018HU0765302",5,1,51224,3,"60_69","f","not.hisp.latino","white",482
"2018HU0766407",5,1,51120,3,"30_39","m","not.hisp.latino","white",70
"2018HU0767046",5,1,51155,3,"30_39","m","not.hisp.latino","black.aa",16
"2018HU0768353",5,1,10702,3,"60_69","m","not.hisp.latino","black.aa",189
"2018HU0768354",5,4,4103,3,"0_9","f","not.hisp.latino","two.",94
"2018HU0768354",5,5,4103,3,"0_9","m","not.hisp.latino","two.",57
"2018HU0768847",5,1,51164,3,"60_69","m","not.hisp.latino","white",118
"2018HU0769193",5,2,51235,3,"50_59","m","not.hisp.latino","white",55
"2018HU0774085",5,2,51215,3,"30_39","m","not.hisp.latino","white",94
"2018HU0775639",5,3,10702,3,"0_9","m","not.hisp.latino","asian",108
"2018HU0776224",5,2,51020,3,"60_69","m","not.hisp.latino","white",115
"2018HU0777057",5,1,51080,3,"40_49","f","not.hisp.latino","white",14
"2018HU0779142",5,1,51010,3,"60_69","f","not.hisp.latino","white",25
"2018HU0780231",5,4,51154,3,"0_9","m","not.hisp.latino","white",105
"2018HU0780815",5,3,51115,3,"0_9","f","not.hisp.latino","two.",33
"2018HU0782575",5,4,10702,3,"0_9","f","not.hisp.latino","asian",61
"2018HU0787482",5,1,51040,3,"30_39","f","not.hisp.latino","white",22
"2018HU0790763",5,1,51097,3,"30_39","f","not.hisp.latino","black.aa",244
"2018HU0791820",5,1,51165,3,"60_69","m","not.hisp.latino","white",60
"2018HU0794167",5,1,10701,3,"30_39","m","not.hisp.latino","black.aa",70
"2018HU0794385",5,1,10702,3,"40_49","m","not.hisp.latino","asian",130
"2018HU0796996",5,1,59305,3,"40_49","m","not.hisp.latino","white",115
"2018HU0810473",5,5,51246,3,"0_9","m","not.hisp.latino","asian",164
"2018HU0812019",5,4,51175,3,"0_9","f","not.hisp.latino","two.",19
"2018HU0813035",5,1,51175,3,"40_49","f","not.hisp.latino","white",255
"2018HU0813962",5,1,1302,3,"30_39","f","not.hisp.latino","asian",107
"2018HU0815195",5,3,51246,3,"0_9","m","not.hisp.latino","two.",451
"2018HU0816552",5,1,51154,3,"50_59","f","not.hisp.latino","black.aa",16
"2018HU0817073",5,1,1302,3,"40_49","f","not.hisp.latino","asian",125
"2018HU0817468",5,2,51044,3,"40_49","m","not.hisp.latino","white",46
"2018HU0818407",5,1,51097,3,"60_69","m","not.hisp.latino","black.aa",279
"2018HU0818511",5,1,51097,3,"60_69","m","not.hisp.latino","white",49
"2018HU0818584",5,2,51115,3,"30_39","m","not.hisp.latino","white",169
"2018HU0819499",5,4,59303,3,"0_9","m","not.hisp.latino","two.",108
"2018HU0820329",5,1,51095,3,"70_79","m","not.hisp.latino","white",52
"2018HU0820981",5,3,51135,3,"0_9","f","not.hisp.latino","black.aa",102
"2018HU0821300",5,1,59305,3,"40_49","m","not.hisp.latino","asian",71
"2018HU0825047",5,3,59303,3,"0_9","m","not.hisp.latino","two.",26
"2018HU0825807",5,2,51154,3,"0_9","f","not.hisp.latino","black.aa",186
"2018HU0827193",5,2,1302,3,"30_39","f","not.hisp.latino","two.",228
"2018HU0828777",5,1,51167,3,"30_39","f","not.hisp.latino","black.aa",210
"2018HU0829199",5,2,51145,3,"60_69","m","not.hisp.latino","black.aa",99
"2018HU0829852",5,2,51255,3,"40_49","f","not.hisp.latino","asian",513
"2018HU0830825",5,2,51090,3,"70_79","f","not.hisp.latino","white",49
"2018HU0832840",5,3,51120,3,"0_9","m","not.hisp.latino","two.",57
"2018HU0832840",5,5,51120,3,"60_69","f","not.hisp.latino","asian",37
"2018HU0833142",5,1,51235,3,"30_39","m","not.hisp.latino","two.",48
"2018HU0835423",5,1,51255,3,"30_39","m","not.hisp.latino","white",190
"2018HU0836960",5,1,59307,3,"40_49","m","not.hisp.latino","asian",29
"2018HU0838405",5,4,51085,3,"0_9","m","not.hisp.latino","white",80
"2018HU0840686",5,1,51255,3,"30_39","m","not.hisp.latino","white",170
"2018HU0840721",5,2,51097,3,"50_59","m","not.hisp.latino","black.aa",152
"2018HU0841561",5,2,51215,3,"50_59","m","not.hisp.latino","white",126
"2018HU0842121",5,1,51105,3,"50_59","f","not.hisp.latino","white",97
"2018HU0842600",5,3,51120,3,"0_9","f","not.hisp.latino","white",108
"2018HU0844870",5,4,51235,3,"0_9","m","not.hisp.latino","white",18
"2018HU0845564",5,1,10701,3,"60_69","m","not.hisp.latino","asian",80
"2018HU0849297",5,1,1302,3,"40_49","m","not.hisp.latino","white",63
"2018HU0852090",5,2,51175,3,"40_49","m","not.hisp.latino","black.aa",111
"2018HU0852226",5,1,10702,3,"60_69","f","not.hisp.latino","white",161
"2018HU0852973",5,4,10702,3,"0_9","f","not.hisp.latino","asian",199
"2018HU0854977",5,1,51246,3,"30_39","m","not.hisp.latino","asian",47
"2018HU0855046",5,1,55002,3,"50_59","m","not.hisp.latino","white",38
"2018HU0855625",5,3,51255,3,"0_9","m","not.hisp.latino","black.aa",240
"2018HU0856110",5,9,51087,3,"0_9","m","not.hisp.latino","two.",70
"2018HU0856297",5,2,51206,3,"30_39","m","not.hisp.latino","asian",206
"2018HU0857107",5,1,59302,3,"30_39","f","hisp.latino","two.",148
"2018HU0857602",5,1,59303,3,"30_39","f","not.hisp.latino","asian",118
"2018HU0858268",5,2,55001,3,"0_9","m","not.hisp.latino","two.",98
"2018HU0858268",5,4,55001,3,"0_9","m","not.hisp.latino","two.",98
"2018HU0859813",5,4,51095,3,"0_9","m","not.hisp.latino","white",50
"2018HU0860459",5,4,1302,3,"0_9","f","not.hisp.latino","asian",117
"2018HU0860576",5,3,51105,3,"0_9","m","not.hisp.latino","white",40
"2018HU0860682",5,2,51120,3,"30_39","m","not.hisp.latino","asian",72
"2018HU0861072",5,2,51085,3,"70_79","m","not.hisp.latino","white",21
"2018HU0861522",5,3,51154,3,"0_9","f","not.hisp.latino","white",23
"2018HU0861667",5,3,51145,3,"0_9","m","not.hisp.latino","white",62
"2018HU0862104",5,1,51246,3,"40_49","m","not.hisp.latino","asian",54
"2018HU0864951",5,2,10702,3,"30_39","m","not.hisp.latino","two.",283
"2018HU0867248",5,1,51115,3,"30_39","f","not.hisp.latino","white",236
"2018HU0867476",5,3,51215,3,"0_9","m","not.hisp.latino","two.",47
"2018HU0867645",5,1,51235,3,"60_69","f","not.hisp.latino","black.aa",52
"2018HU0868795",5,3,51085,3,"10_19","m","hisp.latino","white",137
"2018HU0869781",5,4,51105,3,"30_39","m","not.hisp.latino","two.",777
"2018HU0873683",5,2,51135,3,"30_39","m","not.hisp.latino","two.",358
"2018HU0880016",5,2,59302,3,"30_39","f","not.hisp.latino","two.",76
"2018HU0880016",5,4,59302,3,"0_9","m","not.hisp.latino","two.",71
"2018HU0880669",5,2,51090,3,"40_49","m","not.hisp.latino","white",80
"2018HU0882498",5,1,10702,3,"70_79","m","not.hisp.latino","white",106
"2018HU0885985",5,1,51097,3,"40_49","m","not.hisp.latino","white",190
"2018HU0886760",5,4,10701,3,"0_9","f","hisp.latino","two.",115
"2018HU0887235",5,3,51105,3,"30_39","m","not.hisp.latino","white",123
"2018HU0887864",5,3,51164,3,"0_9","m","not.hisp.latino","two.",83
"2018HU0893139",5,2,59303,3,"50_59","m","not.hisp.latino","asian",23
"2018HU0897699",5,2,51154,3,"0_9","m","not.hisp.latino","black.aa",56
"2018HU0898028",5,2,51135,3,"0_9","m","hisp.latino","two.",79
"2018HU0898435",5,2,51186,3,"30_39","m","not.hisp.latino","white",79
"2018HU0899865",5,3,59302,3,"0_9","m","hisp.latino","two.",193
"2018HU0901625",5,2,10702,3,"40_49","m","not.hisp.latino","white",214
"2018HU0902421",5,1,51135,3,"50_59","f","not.hisp.latino","asian",48
"2018HU0903825",5,1,59301,3,"30_39","m","not.hisp.latino","asian",247
"2018HU0904489",5,7,10701,3,"10_19","m","not.hisp.latino","white",64
"2018HU0906488",5,3,51164,3,"0_9","f","not.hisp.latino","white",62
"2018HU0907934",5,1,10703,3,"40_49","m","not.hisp.latino","asian",273
"2018HU0908038",5,2,51186,3,"0_9","m","not.hisp.latino","two.",172
"2018HU0908321",5,1,51154,3,"60_69","m","not.hisp.latino","two.",66
"2018HU0909024",5,4,51110,3,"0_9","m","not.hisp.latino","white",32
"2018HU0909053",5,3,51145,3,"30_39","m","not.hisp.latino","white",6
"2018HU0911599",5,1,59309,3,"40_49","m","not.hisp.latino","two.",13
"2018HU0913948",5,1,1302,3,"30_39","m","not.hisp.latino","white",64
"2018HU0915294",5,1,51020,3,"60_69","f","not.hisp.latino","asian",20
"2018HU0915826",5,3,51175,3,"0_9","m","not.hisp.latino","two.",112
"2018HU0919943",5,1,51135,3,"50_59","f","not.hisp.latino","two.",8
"2018HU0920567",5,4,51225,3,"0_9","m","not.hisp.latino","two.",77
"2018HU0921151",5,1,51154,3,"40_49","f","not.hisp.latino","black.aa",239
"2018HU0921753",5,2,59306,3,"70_79","f","hisp.latino","white",326
"2018HU0922243",5,3,59307,3,"0_9","m","not.hisp.latino","asian",116
"2018HU0922465",5,3,51186,3,"0_9","m","not.hisp.latino","white",47
"2018HU0923325",5,1,51105,3,"40_49","f","not.hisp.latino","white",55
"2018HU0927027",5,1,51120,3,"50_59","m","not.hisp.latino","white",85
"2018HU0929326",5,6,51085,3,"0_9","f","hisp.latino","two.",13
"2018HU0929725",5,1,59303,3,"40_49","f","not.hisp.latino","asian",27
"2018HU0932655",5,4,59308,3,"50_59","m","not.hisp.latino","white",26
"2018HU0934613",5,2,51255,3,"30_39","m","not.hisp.latino","asian",31
"2018HU0935471",5,2,59301,3,"30_39","m","not.hisp.latino","asian",55
"2018HU0935560",5,1,59305,3,"30_39","m","not.hisp.latino","white",71
"2018HU0937099",5,1,4102,3,"40_49","f","not.hisp.latino","two.",143
"2018HU0937369",5,1,51215,3,"60_69","m","not.hisp.latino","white",13
"2018HU0937519",5,3,51020,3,"70_79","f","not.hisp.latino","white",30
"2018HU0938394",5,3,51206,3,"0_9","m","not.hisp.latino","two.",27
"2018HU0939932",5,2,51224,3,"30_39","f","not.hisp.latino","asian",22
"2018HU0940242",5,1,51246,3,"30_39","f","not.hisp.latino","black.aa",122
"2018HU0940397",5,1,1301,3,"40_49","f","not.hisp.latino","white",39
"2018HU0944255",5,2,51224,3,"40_49","m","not.hisp.latino","white",623
"2018HU0946535",5,1,51206,3,"60_69","m","not.hisp.latino","white",36
"2018HU0947891",5,1,51155,3,"70_79","f","not.hisp.latino","black.aa",55
"2018HU0949747",5,1,59307,3,"40_49","m","not.hisp.latino","two.",35
"2018HU0949747",5,4,59307,3,"10_19","f","not.hisp.latino","two.",28
"2018HU0950772",5,2,59308,3,"60_69","f","not.hisp.latino","asian",34
"2018HU0951820",5,1,51045,3,"30_39","m","not.hisp.latino","asian",123
"2018HU0952549",5,4,51246,3,"0_9","m","not.hisp.latino","two.",24
"2018HU0952692",5,3,59307,3,"0_9","m","not.hisp.latino","asian",154
"2018HU0954133",5,1,51087,3,"30_39","f","not.hisp.latino","white",194
"2018HU0956982",5,1,51087,3,"30_39","f","not.hisp.latino","two.",153
"2018HU0959343",5,3,10702,3,"0_9","m","not.hisp.latino","asian",109
"2018HU0959964",5,2,51255,3,"30_39","f","not.hisp.latino","two.",74
"2018HU0960647",5,1,51020,3,"30_39","m","not.hisp.latino","white",149
"2018HU0961368",5,8,51154,3,"0_9","m","not.hisp.latino","white",119
"2018HU0964787",5,3,51145,3,"30_39","m","not.hisp.latino","two.",88
"2018HU0966131",5,1,51135,3,"70_79","m","not.hisp.latino","two.",6
"2018HU0966507",5,1,1302,3,"40_49","m","not.hisp.latino","asian",91
"2018HU0966646",5,1,51089,3,"40_49","m","not.hisp.latino","white",155
"2018HU0966665",5,1,51125,3,"60_69","m","not.hisp.latino","white",327
"2018HU0968236",5,2,59307,3,"40_49","m","not.hisp.latino","white",16
"2018HU0968668",5,2,10702,3,"70_79","m","not.hisp.latino","two.",116
"2018HU0970058",5,1,10702,3,"40_49","m","not.hisp.latino","asian",31
"2018HU0970824",5,1,59302,3,"40_49","m","not.hisp.latino","white",12
"2018HU0971343",5,3,51244,3,"0_9","m","not.hisp.latino","two.",31
"2018HU0972219",5,3,51085,3,"30_39","m","not.hisp.latino","black.aa",154
"2018HU0972827",5,6,51045,3,"0_9","f","not.hisp.latino","white",158
"2018HU0973168",5,1,51246,3,"50_59","m","not.hisp.latino","white",50
"2018HU0973684",5,2,55001,3,"30_39","f","not.hisp.latino","black.aa",432
"2018HU0973897",5,1,55002,3,"40_49","m","not.hisp.latino","white",171
"2018HU0975133",5,1,4103,3,"30_39","m","not.hisp.latino","black.aa",19
"2018HU0976057",5,1,51244,3,"60_69","m","not.hisp.latino","white",22
"2018HU0976110",5,2,51080,3,"60_69","m","not.hisp.latino","black.aa",140
"2018HU0976188",5,1,51097,3,"40_49","m","not.hisp.latino","white",83
"2018HU0976282",5,1,51165,3,"60_69","m","not.hisp.latino","white",122
"2018HU0977120",5,1,51246,3,"30_39","m","hisp.latino","white",131
"2018HU0979275",5,3,51105,3,"0_9","m","not.hisp.latino","white",13
"2018HU0979666",5,3,1302,3,"0_9","m","not.hisp.latino","two.",22
"2018HU0979666",5,4,1302,3,"0_9","f","not.hisp.latino","two.",22
"2018HU0980730",5,1,59309,3,"50_59","f","not.hisp.latino","asian",31
"2018HU0984855",5,1,59304,3,"30_39","m","not.hisp.latino","white",35
"2018HU0987413",5,1,51224,3,"60_69","m","not.hisp.latino","white",135
"2018HU0987658",5,3,51206,3,"0_9","f","not.hisp.latino","two.",235
"2018HU0988307",5,3,51087,3,"30_39","f","hisp.latino","two.",293
"2018HU0988470",5,1,59308,3,"30_39","f","not.hisp.latino","two.",101
"2018HU0988470",5,3,59308,3,"0_9","f","not.hisp.latino","two.",93
"2018HU0988926",5,1,51255,3,"30_39","m","not.hisp.latino","black.aa",59
"2018HU0989375",5,2,51097,3,"60_69","m","not.hisp.latino","white",75
"2018HU0989970",5,2,59303,3,"40_49","f","not.hisp.latino","asian",16
"2018HU0990080",5,1,51010,3,"50_59","m","not.hisp.latino","white",156
"2018HU0992102",5,2,10702,3,"30_39","f","not.hisp.latino","asian",80
"2018HU0993200",5,2,1302,3,"0_9","m","hisp.latino","white",15
"2018HU0993879",5,2,51135,3,"20_29","f","not.hisp.latino","black.aa",57
"2018HU0994734",5,1,59303,3,"40_49","m","not.hisp.latino","white",67
"2018HU0996482",5,1,4102,3,"30_39","m","hisp.latino","white",82
"2018HU0996767",5,2,10701,3,"30_39","f","not.hisp.latino","two.",59
"2018HU0997653",5,1,10703,3,"40_49","f","not.hisp.latino","white",28
"2018HU0999500",5,4,10703,3,"0_9","m","not.hisp.latino","white",22
"2018HU1002518",5,3,51206,3,"30_39","m","not.hisp.latino","black.aa",431
"2018HU1002905",5,1,51235,3,"50_59","f","not.hisp.latino","black.aa",35
"2018HU1003297",5,2,51110,3,"40_49","m","not.hisp.latino","white",57
"2018HU1004849",5,1,51164,3,"30_39","m","not.hisp.latino","black.aa",41
"2018HU1007009",5,1,59303,3,"30_39","m","not.hisp.latino","two.",49
"2018HU1007690",5,2,51225,3,"30_39","f","not.hisp.latino","asian",306
"2018HU1009316",5,3,51145,3,"30_39","m","not.hisp.latino","black.aa",141
"2018HU1010403",5,1,1301,3,"30_39","m","not.hisp.latino","asian",165
"2018HU1011176",5,2,10701,3,"30_39","m","not.hisp.latino","white",104
"2018HU1011659",5,1,51175,3,"30_39","f","not.hisp.latino","two.",37
"2018HU1011803",5,2,59303,3,"40_49","f","not.hisp.latino","asian",342
"2018HU1012243",5,3,59309,3,"30_39","m","not.hisp.latino","white",129
"2018HU1014292",5,4,55001,3,"0_9","f","not.hisp.latino","black.aa",31
"2018HU1018462",5,2,55002,3,"40_49","m","not.hisp.latino","white",63
"2018HU1018552",5,1,51155,3,"30_39","f","not.hisp.latino","two.",63
"2018HU1020098",5,2,59302,3,"30_39","f","not.hisp.latino","white",18
"2018HU1020646",5,1,51084,3,"30_39","m","hisp.latino","two.",55
"2018HU1023084",5,2,4101,3,"30_39","m","not.hisp.latino","white",62
"2018HU1031586",5,1,51125,3,"50_59","f","not.hisp.latino","white",102
"2018HU1031655",5,1,51145,3,"70_79","m","not.hisp.latino","white",106
"2018HU1031979",5,1,51097,3,"70_79","f","not.hisp.latino","white",69
"2018HU1032623",5,5,51087,3,"0_9","m","hisp.latino","white",10
"2018HU1034457",5,1,51095,3,"50_59","m","not.hisp.latino","asian",193
"2018HU1038463",5,6,59301,3,"0_9","m","not.hisp.latino","asian",87
"2018HU1039354",5,3,51135,3,"30_39","m","not.hisp.latino","black.aa",67
"2018HU1040323",5,1,51215,3,"40_49","m","not.hisp.latino","black.aa",53
"2018HU1040351",5,4,51244,3,"30_39","f","not.hisp.latino","black.aa",84
"2018HU1040658",5,4,51255,3,"0_9","m","not.hisp.latino","two.",32
"2018HU1041895",5,6,4101,3,"0_9","m","not.hisp.latino","two.",45
"2018HU1042365",5,1,51245,3,"40_49","m","not.hisp.latino","asian",53
"2018HU1043040",5,2,51135,3,"40_49","m","not.hisp.latino","black.aa",495
"2018HU1043779",5,1,51105,3,"50_59","m","not.hisp.latino","white",57
"2018HU1044765",5,3,51164,3,"30_39","m","not.hisp.latino","white",85
"2018HU1045149",5,1,51164,3,"40_49","m","not.hisp.latino","black.aa",342
"2018HU1046574",5,3,51206,3,"0_9","f","not.hisp.latino","black.aa",95
"2018HU1046907",5,2,51145,3,"30_39","f","not.hisp.latino","white",173
"2018HU1049504",5,2,51175,3,"40_49","m","not.hisp.latino","black.aa",40
"2018HU1050034",5,1,51097,3,"60_69","m","not.hisp.latino","two.",65
"2018HU1050560",5,1,51045,3,"60_69","f","not.hisp.latino","white",157
"2018HU1052169",5,1,51175,3,"30_39","m","not.hisp.latino","white",63
"2018HU1052329",5,1,1301,3,"20_29","m","not.hisp.latino","two.",114
"2018HU1052535",5,1,59301,3,"40_49","m","not.hisp.latino","two.",76
"2018HU1052843",5,3,59308,3,"40_49","m","not.hisp.latino","asian",57
"2018HU1055039",5,2,51154,3,"60_69","m","not.hisp.latino","white",48
"2018HU1058289",5,1,51165,3,"60_69","m","not.hisp.latino","asian",74
"2018HU1060623",5,1,51105,3,"30_39","f","not.hisp.latino","white",17
"2018HU1064850",5,2,51135,3,"30_39","f","not.hisp.latino","white",25
"2018HU1066192",5,1,51089,3,"60_69","f","not.hisp.latino","white",44
"2018HU1066975",5,2,1301,3,"30_39","m","not.hisp.latino","white",64
"2018HU1069093",5,4,1301,3,"0_9","f","not.hisp.latino","two.",229
"2018HU1071790",5,1,51246,3,"50_59","m","not.hisp.latino","asian",48
"2018HU1072310",5,3,51244,3,"30_39","m","not.hisp.latino","asian",29
"2018HU1072649",5,4,59309,3,"0_9","f","hisp.latino","white",23
"2018HU1072729",5,3,1301,3,"0_9","m","not.hisp.latino","two.",73
"2018HU1073361",5,1,59303,3,"50_59","f","not.hisp.latino","white",58
"2018HU1074704",5,1,59309,3,"30_39","m","not.hisp.latino","two.",159
"2018HU1077053",5,1,59306,3,"40_49","m","not.hisp.latino","asian",34
"2018HU1080839",5,1,51244,3,"30_39","f","hisp.latino","two.",84
"2018HU1081591",5,2,55001,3,"30_39","f","not.hisp.latino","white",25
"2018HU1082045",5,1,51089,3,"30_39","m","not.hisp.latino","white",43
"2018HU1082067",5,1,51246,3,"30_39","m","hisp.latino","white",26
"2018HU1082547",5,2,51164,3,"60_69","m","not.hisp.latino","white",74
"2018HU1082756",5,3,59304,3,"20_29","m","not.hisp.latino","black.aa",164
"2018HU1085122",5,1,51154,3,"40_49","m","not.hisp.latino","white",140
"2018HU1088573",5,17,51095,3,"60_69","m","not.hisp.latino","white",39
"2018HU1089158",5,2,51135,3,"30_39","f","not.hisp.latino","two.",59
"2018HU1090480",5,1,51215,3,"30_39","m","not.hisp.latino","white",59
"2018HU1090878",5,3,51225,3,"0_9","m","not.hisp.latino","white",116
"2018HU1091776",5,2,51225,3,"50_59","f","not.hisp.latino","white",101
"2018HU1091831",5,4,59306,3,"30_39","f","not.hisp.latino","asian",245
"2018HU1095103",5,1,51090,3,"20_29","m","not.hisp.latino","asian",4
"2018HU1095598",5,2,51095,3,"60_69","f","not.hisp.latino","white",80
"2018HU1097066",5,1,59301,3,"30_39","m","hisp.latino","two.",114
"2018HU1098402",5,2,51135,3,"0_9","f","hisp.latino","black.aa",115
"2018HU1098952",5,2,51246,3,"70_79","f","not.hisp.latino","two.",10
"2018HU1098952",5,3,51246,3,"40_49","m","not.hisp.latino","two.",18
"2018HU1101015",5,2,10701,3,"40_49","m","not.hisp.latino","white",141
"2018HU1101057",5,5,1301,3,"30_39","f","not.hisp.latino","two.",26
"2018HU1101280",5,2,51224,3,"60_69","m","not.hisp.latino","white",82
"2018HU1103890",5,1,59305,3,"40_49","m","not.hisp.latino","asian",191
"2018HU1106058",5,5,59307,3,"0_9","m","not.hisp.latino","white",168
"2018HU1107336",5,1,4103,3,"60_69","f","not.hisp.latino","white",210
"2018HU1108006",5,6,1302,3,"30_39","m","not.hisp.latino","asian",51
"2018HU1110139",5,1,10702,3,"30_39","m","not.hisp.latino","asian",88
"2018HU1110764",5,4,59305,3,"0_9","m","not.hisp.latino","two.",80
"2018HU1111373",5,4,51245,3,"40_49","f","hisp.latino","white",581
"2018HU1111441",5,3,51244,3,"30_39","m","not.hisp.latino","two.",37
"2018HU1111495",5,4,51244,3,"0_9","m","not.hisp.latino","asian",24
"2018HU1118763",5,2,51020,3,"0_9","m","not.hisp.latino","white",58
"2018HU1118923",5,2,51165,3,"30_39","f","not.hisp.latino","white",64
"2018HU1127398",5,4,51165,3,"0_9","f","not.hisp.latino","two.",96
"2018HU1133514",5,1,10703,3,"50_59","m","not.hisp.latino","asian",113
"2018HU1135199",5,2,51167,3,"30_39","m","not.hisp.latino","black.aa",28
"2018HU1136772",5,1,59302,3,"60_69","m","not.hisp.latino","white",16
"2018HU1138802",5,1,59307,3,"30_39","m","not.hisp.latino","black.aa",182
"2018HU1138877",5,3,51164,3,"0_9","m","not.hisp.latino","asian",74
"2018HU1139368",5,1,51097,3,"30_39","m","not.hisp.latino","two.",50
"2018HU1143318",5,2,10702,3,"30_39","f","not.hisp.latino","asian",119
"2018HU1144496",5,7,59305,3,"0_9","m","not.hisp.latino","two.",110
"2018HU1144714",5,1,51175,3,"50_59","m","not.hisp.latino","white",124
"2018HU1145990",5,1,51255,3,"40_49","m","not.hisp.latino","two.",54
"2018HU1146230",5,1,51145,3,"40_49","m","not.hisp.latino","white",18
"2018HU1147141",5,3,4102,3,"0_9","f","not.hisp.latino","two.",55
"2018HU1148956",5,4,51154,3,"0_9","m","not.hisp.latino","white",121
"2018HU1151159",5,1,1302,3,"60_69","f","not.hisp.latino","two.",133
"2018HU1152763",5,4,10702,3,"0_9","m","hisp.latino","two.",249
"2018HU1152858",5,2,10701,3,"30_39","f","not.hisp.latino","asian",21
"2018HU1156134",5,3,59303,3,"50_59","f","not.hisp.latino","white",84
"2018HU1156376",5,3,59301,3,"30_39","m","not.hisp.latino","black.aa",251
"2018HU1163257",5,2,51020,3,"30_39","m","not.hisp.latino","white",132
"2018HU1164997",5,1,1301,3,"40_49","f","not.hisp.latino","asian",65
"2018HU1166337",5,1,51045,3,"40_49","m","not.hisp.latino","white",249
"2018HU1166356",5,1,59307,3,"50_59","m","not.hisp.latino","asian",68
"2018HU1166597",5,3,59309,3,"0_9","m","not.hisp.latino","two.",16
"2018HU1167352",5,2,51096,3,"40_49","f","not.hisp.latino","white",130
"2018HU1171235",5,1,59302,3,"40_49","f","not.hisp.latino","white",122
"2018HU1175957",5,2,51084,3,"40_49","m","hisp.latino","white",161
"2018HU1176970",5,3,1301,3,"30_39","f","not.hisp.latino","asian",29
"2018HU1178339",5,3,51045,3,"30_39","m","not.hisp.latino","white",61
"2018HU1179992",5,2,59307,3,"40_49","m","not.hisp.latino","asian",317
"2018HU1185875",5,3,1302,3,"0_9","m","not.hisp.latino","black.aa",282
"2018HU1187388",5,1,1302,3,"30_39","f","not.hisp.latino","black.aa",88
"2018HU1187501",5,3,51246,3,"30_39","m","not.hisp.latino","asian",220
"2018HU1188489",5,1,51215,3,"30_39","m","not.hisp.latino","black.aa",43
"2018HU1188742",5,2,10701,3,"40_49","f","not.hisp.latino","white",162
"2018HU1190325",5,3,59309,3,"30_39","m","not.hisp.latino","black.aa",134
"2018HU1190961",5,3,59304,3,"0_9","f","not.hisp.latino","black.aa",156
"2018HU1191078",5,5,51145,3,"0_9","m","not.hisp.latino","two.",145
"2018HU1197347",5,4,51165,3,"0_9","m","not.hisp.latino","asian",89
"2018HU1197601",5,1,4101,3,"50_59","m","not.hisp.latino","asian",121
"2018HU1203098",5,1,51020,3,"70_79","m","not.hisp.latino","white",12
"2018HU1203502",5,1,51115,3,"60_69","m","not.hisp.latino","white",112
"2018HU1204685",5,2,51089,3,"0_9","m","not.hisp.latino","two.",43
"2018HU1204685",5,4,51089,3,"0_9","m","not.hisp.latino","two.",41
"2018HU1204904",5,2,51090,3,"30_39","m","not.hisp.latino","white",22
"2018HU1205016",5,2,51167,3,"50_59","f","not.hisp.latino","black.aa",41
"2018HU1205284",5,2,51235,3,"40_49","m","not.hisp.latino","white",79
"2018HU1205576",5,3,59303,3,"30_39","f","not.hisp.latino","white",29
"2018HU1211447",5,5,51010,3,"30_39","f","not.hisp.latino","white",68
"2018HU1212829",5,1,51135,3,"30_39","m","not.hisp.latino","white",21
"2018HU1213150",5,2,51040,3,"40_49","f","not.hisp.latino","white",33
"2018HU1213526",5,1,51087,3,"40_49","m","not.hisp.latino","white",168
"2018HU1213956",5,2,51206,3,"40_49","m","hisp.latino","two.",182
"2018HU1214023",5,2,4102,3,"0_9","m","not.hisp.latino","two.",155
"2018HU1215297",5,1,51020,3,"70_79","m","not.hisp.latino","white",122
"2018HU1215987",5,1,51175,3,"60_69","f","not.hisp.latino","black.aa",14
"2018HU1223119",5,2,51097,3,"70_79","m","not.hisp.latino","white",48
"2018HU1223131",5,2,59309,3,"50_59","f","not.hisp.latino","asian",77
"2018HU1225585",5,1,1302,3,"30_39","m","not.hisp.latino","white",33
"2018HU1226249",5,1,51175,3,"70_79","m","not.hisp.latino","black.aa",20
"2018HU1226524",5,2,51135,3,"0_9","m","hisp.latino","two.",12
"2018HU1226524",5,3,51135,3,"0_9","m","hisp.latino","two.",14
"2018HU1226537",5,1,51244,3,"40_49","m","hisp.latino","two.",15
"2018HU1226695",5,2,59303,3,"30_39","f","not.hisp.latino","asian",67
"2018HU1227960",5,2,51154,3,"20_29","m","not.hisp.latino","white",22
"2018HU1228628",5,3,51206,3,"0_9","f","not.hisp.latino","two.",18
"2018HU1230072",5,3,51154,3,"0_9","m","not.hisp.latino","black.aa",172
"2018HU1230644",5,2,51215,3,"70_79","m","not.hisp.latino","white",143
"2018HU1232264",5,6,51215,3,"30_39","m","not.hisp.latino","white",14
"2018HU1235126",5,1,59309,3,"30_39","m","not.hisp.latino","white",96
"2018HU1235880",5,3,51255,3,"30_39","f","hisp.latino","two.",49
"2018HU1236958",5,1,51175,3,"50_59","m","not.hisp.latino","white",60
"2018HU1238045",5,4,51246,3,"40_49","f","not.hisp.latino","two.",111
"2018HU1238345",5,2,51245,3,"30_39","m","not.hisp.latino","white",93
"2018HU1238804",5,4,59302,3,"0_9","m","not.hisp.latino","black.aa",293
"2018HU1239273",5,5,51097,3,"0_9","m","not.hisp.latino","two.",33
"2018HU1239785",5,4,10702,3,"0_9","f","not.hisp.latino","two.",107
"2018HU1240814",5,1,59309,3,"30_39","m","not.hisp.latino","two.",17
"2018HU1241270",5,4,59301,3,"10_19","m","not.hisp.latino","asian",72
"2018HU1242833",5,3,51215,3,"0_9","m","not.hisp.latino","white",56
"2018HU1244909",5,1,51225,3,"30_39","m","not.hisp.latino","asian",135
"2018HU1244964",5,1,51084,3,"30_39","m","not.hisp.latino","white",32
"2018HU1247677",5,4,51255,3,"0_9","m","not.hisp.latino","white",23
"2018HU1247961",5,1,51044,3,"70_79","m","not.hisp.latino","white",94
"2018HU1249790",5,2,51155,3,"0_9","m","not.hisp.latino","black.aa",83
"2018HU1252756",5,1,1301,3,"40_49","f","not.hisp.latino","white",121
"2018HU1252853",5,4,59306,3,"0_9","f","not.hisp.latino","white",59
"2018HU1255959",5,3,1301,3,"0_9","m","not.hisp.latino","white",78
"2018HU1257583",5,4,59302,3,"0_9","f","not.hisp.latino","two.",62
"2018HU1258448",5,3,59307,3,"20_29","f","not.hisp.latino","asian",337
"2018HU1258448",5,4,59307,3,"0_9","f","not.hisp.latino","asian",215
"2018HU1261730",5,2,51010,3,"70_79","f","not.hisp.latino","white",79
"2018HU1262822",5,3,51154,3,"0_9","m","not.hisp.latino","two.",499
"2018HU1263479",5,1,51040,3,"30_39","m","not.hisp.latino","two.",47
"2018HU1264500",5,1,51206,3,"30_39","f","not.hisp.latino","two.",363
"2018HU1272382",5,2,51164,3,"30_39","m","not.hisp.latino","white",183
"2018HU1274180",5,1,51244,3,"30_39","f","not.hisp.latino","two.",118
"2018HU1275350",5,1,51165,3,"40_49","m","not.hisp.latino","asian",47
"2018HU1275726",5,1,51225,3,"50_59","m","not.hisp.latino","white",15
"2018HU1276516",5,1,55001,3,"50_59","m","not.hisp.latino","white",12
"2018HU1276872",5,6,51235,3,"0_9","f","not.hisp.latino","black.aa",104
"2018HU1281343",5,1,51175,3,"30_39","f","not.hisp.latino","asian",73
"2018HU1281995",5,3,51215,3,"0_9","f","not.hisp.latino","white",237
"2018HU1284737",5,2,59303,3,"60_69","m","not.hisp.latino","white",130
"2018HU1286584",5,3,51120,3,"30_39","m","hisp.latino","two.",375
"2018HU1286784",5,2,51145,3,"30_39","m","not.hisp.latino","white",102
"2018HU1287679",5,1,51235,3,"30_39","f","not.hisp.latino","white",23
"2018HU1287989",5,1,51084,3,"30_39","f","not.hisp.latino","white",73
"2018HU1294371",5,1,51167,3,"30_39","m","hisp.latino","two.",17
"2018HU1294792",5,1,4103,3,"40_49","m","not.hisp.latino","two.",85
"2018HU1296168",5,4,10703,3,"0_9","f","not.hisp.latino","two.",112
"2018HU1296352",5,2,59308,3,"40_49","m","not.hisp.latino","white",18
"2018HU1298866",5,2,51225,3,"0_9","m","not.hisp.latino","two.",666
"2018HU1303561",5,1,59309,3,"40_49","m","not.hisp.latino","asian",46
"2018HU1303683",5,2,59309,3,"40_49","f","not.hisp.latino","asian",329
"2018HU1304059",5,1,10701,3,"70_79","m","not.hisp.latino","white",69
"2018HU1304213",5,1,59307,3,"40_49","f","not.hisp.latino","asian",96
"2018HU1309817",5,3,51255,3,"0_9","m","not.hisp.latino","two.",142
"2018HU1309869",5,2,10701,3,"30_39","f","not.hisp.latino","asian",32
"2018HU1311736",5,1,51020,3,"60_69","m","not.hisp.latino","white",60
"2018HU1313091",5,2,4103,3,"40_49","m","not.hisp.latino","white",50
"2018HU1313201",5,1,51175,3,"30_39","f","not.hisp.latino","black.aa",118
"2018HU1316543",5,2,59309,3,"30_39","m","not.hisp.latino","black.aa",160
"2018HU1320476",5,2,59308,3,"20_29","m","not.hisp.latino","asian",119
"2018HU1321733",5,2,59302,3,"30_39","m","not.hisp.latino","black.aa",367
"2018HU1322647",5,2,59303,3,"40_49","f","not.hisp.latino","white",57
"2018HU1323901",5,1,51167,3,"30_39","m","hisp.latino","two.",17
"2018HU1329400",5,2,51120,3,"30_39","f","not.hisp.latino","white",56
"2018HU1329661",5,1,51135,3,"60_69","m","not.hisp.latino","white",406
"2018HU1334374",5,1,51235,3,"30_39","m","not.hisp.latino","white",81
"2018HU1334743",5,1,51135,3,"70_79","m","not.hisp.latino","white",141
"2018HU1338473",5,1,51125,3,"50_59","m","not.hisp.latino","white",63
"2018HU1339302",5,1,51135,3,"40_49","m","not.hisp.latino","two.",24
"2018HU1340889",5,3,51246,3,"0_9","m","not.hisp.latino","asian",53
"2018HU1342747",5,1,4102,3,"30_39","f","hisp.latino","two.",12
"2018HU1344484",5,4,59307,3,"0_9","m","not.hisp.latino","asian",76
"2018HU1345766",5,1,59305,3,"40_49","m","not.hisp.latino","white",65
"2018HU1349475",5,1,51045,3,"60_69","f","not.hisp.latino","white",42
"2018HU1350402",5,2,59308,3,"40_49","f","not.hisp.latino","asian",114
"2018HU1354588",5,1,59304,3,"40_49","f","not.hisp.latino","black.aa",44
"2018HU1357871",5,3,51040,3,"0_9","f","hisp.latino","two.",94
"2018HU1359005",5,1,59302,3,"30_39","m","not.hisp.latino","white",100
"2018HU1359396",5,2,59305,3,"50_59","f","not.hisp.latino","two.",64
"2018HU1360218",5,1,51090,3,"30_39","m","not.hisp.latino","asian",20
"2018HU1362705",5,2,51235,3,"30_39","m","not.hisp.latino","white",33
"2018HU1365984",5,1,51165,3,"60_69","m","not.hisp.latino","white",28
"2018HU1366444",5,2,59306,3,"0_9","f","not.hisp.latino","two.",15
"2018HU1368200",5,1,59303,3,"40_49","m","not.hisp.latino","asian",71
"2018HU1369101",5,3,55001,3,"0_9","m","not.hisp.latino","asian",223
"2018HU1369261",5,1,4103,3,"30_39","m","not.hisp.latino","asian",96
"2018HU1369944",5,4,51246,3,"0_9","f","not.hisp.latino","two.",35
"2018HU1371888",5,2,51105,3,"0_9","m","not.hisp.latino","two.",44
"2018HU1374365",5,2,51164,3,"70_79","f","not.hisp.latino","white",66
"2018HU1376655",5,1,4101,3,"40_49","m","not.hisp.latino","white",178
"2018HU1378119",5,1,51045,3,"30_39","m","not.hisp.latino","white",70
"2018HU1380457",5,3,51255,3,"0_9","f","not.hisp.latino","white",112
"2018HU1382206",5,2,51246,3,"30_39","m","not.hisp.latino","black.aa",350
"2018HU1383648",5,3,59306,3,"70_79","m","not.hisp.latino","black.aa",58
"2018HU1390744",5,3,51045,3,"0_9","m","not.hisp.latino","white",211
"2018HU1395340",5,1,51165,3,"60_69","m","not.hisp.latino","white",78
"2018HU1396020",5,2,51084,3,"30_39","m","not.hisp.latino","black.aa",6
"2018HU1396077",5,2,51165,3,"50_59","m","not.hisp.latino","two.",69
"2018HU1397987",5,2,51010,3,"40_49","m","not.hisp.latino","white",54
