"SERIALNO","DVISION","SPORDER","PUMA","REGION","AGE","SEX","HISP","RACE","PWGTP1"
"2018GQ0001055",5,1,51235,3,"10_19","f","not.hisp.latino","white",7
"2018GQ0003687",5,1,51084,3,"10_19","f","not.hisp.latino","white",21
"2018GQ0003857",5,1,51175,3,"70_79","m","not.hisp.latino","white",87
"2018GQ0008550",5,1,55002,3,"50_59","m","not.hisp.latino","white",70
"2018GQ0011189",5,1,51110,3,"20_29","m","not.hisp.latino","white",116
"2018GQ0020529",5,1,51206,3,"10_19","m","not.hisp.latino","asian",9
"2018GQ0021059",5,1,51040,3,"10_19","f","not.hisp.latino","white",89
"2018GQ0021932",5,1,51164,3,"20_29","m","not.hisp.latino","white",0
"2018GQ0022641",5,1,51089,3,"50_59","f","not.hisp.latino","white",10
"2018GQ0026104",5,1,51235,3,"10_19","f","not.hisp.latino","white",109
"2018GQ0026566",5,1,1302,3,"20_29","m","not.hisp.latino","white",35
"2018GQ0029560",5,1,51040,3,"10_19","m","not.hisp.latino","asian",38
"2018GQ0031272",5,1,51215,3,"40_49","f","not.hisp.latino","white",5
"2018GQ0031284",5,1,51110,3,"10_19","f","not.hisp.latino","white",107
"2018GQ0032477",5,1,51087,3,"70_79","m","not.hisp.latino","white",20
"2018GQ0035699",5,1,4103,3,"80_89","m","not.hisp.latino","white",9
"2018GQ0035975",5,1,51125,3,"60_69","f","not.hisp.latino","white",5
"2018GQ0037140",5,1,51084,3,"20_29","m","not.hisp.latino","white",69
"2018GQ0040391",5,1,51044,3,"10_19","m","not.hisp.latino","white",58
"2018GQ0042398",5,1,51110,3,"10_19","m","not.hisp.latino","white",37
"2018GQ0043126",5,1,51045,3,"20_29","m","not.hisp.latino","white",6
"2018GQ0044484",5,1,51080,3,"10_19","m","not.hisp.latino","white",156
"2018GQ0047600",5,1,59303,3,"50_59","m","not.hisp.latino","white",39
"2018GQ0048209",5,1,51090,3,"10_19","m","not.hisp.latino","white",22
"2018GQ0050488",5,1,51235,3,"10_19","m","not.hisp.latino","white",10
"2018GQ0051875",5,1,51235,3,"10_19","f","not.hisp.latino","white",88
"2018GQ0057147",5,1,51096,3,"20_29","f","not.hisp.latino","white",85
"2018GQ0057943",5,1,51080,3,"10_19","f","not.hisp.latino","white",50
"2018GQ0058045",5,1,59303,3,"10_19","m","not.hisp.latino","white",67
"2018GQ0058152",5,1,51154,3,"20_29","m","not.hisp.latino","white",267
"2018GQ0059375",5,1,51105,3,"70_79","f","not.hisp.latino","white",14
"2018GQ0059376",5,1,51044,3,"10_19","f","not.hisp.latino","white",52
"2018GQ0062873",5,1,51246,3,"20_29","m","not.hisp.latino","white",29
"2018GQ0063012",5,1,51080,3,"10_19","m","not.hisp.latino","white",54
"2018GQ0063740",5,1,51235,3,"10_19","f","not.hisp.latino","white",54
"2018GQ0071290",5,1,51040,3,"10_19","m","not.hisp.latino","white",206
"2018GQ0071871",5,1,51040,3,"10_19","f","hisp.latino","white",267
"2018GQ0073633",5,1,51090,3,"20_29","m","not.hisp.latino","white",13
"2018GQ0074186",5,1,51110,3,"10_19","f","not.hisp.latino","two.",7
"2018GQ0074924",5,1,51096,3,"20_29","m","hisp.latino","white",199
"2018GQ0075190",5,1,51096,3,"10_19","f","not.hisp.latino","white",2
"2018GQ0075213",5,1,51105,3,"50_59","m","not.hisp.latino","white",4
"2018GQ0078285",5,1,51215,3,"10_19","f","not.hisp.latino","white",27
"2018GQ0081530",5,1,51090,3,"10_19","m","not.hisp.latino","two.",125
"2018GQ0082782",5,1,51235,3,"10_19","f","not.hisp.latino","asian",78
"2018GQ0086400",5,1,51096,3,"30_39","m","not.hisp.latino","white",75
"2018GQ0086870",5,1,51175,3,"70_79","m","not.hisp.latino","white",35
"2018GQ0093936",5,1,51245,3,"30_39","m","not.hisp.latino","white",21
"2018GQ0094104",5,1,51096,3,"10_19","m","not.hisp.latino","white",162
"2018GQ0094134",5,1,51040,3,"80_89","f","not.hisp.latino","white",34
"2018GQ0094568",5,1,51090,3,"20_29","f","not.hisp.latino","white",53
"2018GQ0101642",5,1,51110,3,"10_19","m","not.hisp.latino","white",40
"2018GQ0101961",5,1,51115,3,"10_19","f","not.hisp.latino","two.",68
"2018GQ0104000",5,1,51045,3,"60_69","m","not.hisp.latino","white",45
"2018GQ0104234",5,1,51040,3,"20_29","m","not.hisp.latino","white",178
"2018GQ0108945",5,1,51020,3,"40_49","m","not.hisp.latino","white",26
"2018GQ0112154",5,1,51096,3,"60_69","m","hisp.latino","white",16
"2018GQ0112984",5,1,51206,3,"10_19","m","not.hisp.latino","white",113
"2018GQ0115321",5,1,51105,3,"40_49","m","not.hisp.latino","white",45
"2018GQ0115664",5,1,51096,3,"10_19","f","not.hisp.latino","white",105
"2018GQ0120161",5,1,51105,3,"30_39","m","not.hisp.latino","white",31
"2018GQ0120957",5,1,51105,3,"30_39","m","not.hisp.latino","white",78
"2018GQ0123847",5,1,51154,3,"10_19","f","not.hisp.latino","white",12
"2018GQ0126239",5,1,51115,3,"20_29","m","not.hisp.latino","white",2
"2018GQ0137030",5,1,51090,3,"10_19","f","not.hisp.latino","white",23
"2018GQ0138105",5,1,51089,3,"20_29","f","not.hisp.latino","white",10
"2018GQ0138782",5,1,51097,3,"30_39","m","not.hisp.latino","white",44
"2018GQ0140089",5,1,51044,3,"10_19","m","not.hisp.latino","white",17
"2018GQ0143910",5,1,51235,3,"10_19","m","not.hisp.latino","white",55
"2018GQ0143919",5,1,51215,3,"20_29","f","not.hisp.latino","white",72
"2018GQ0144325",5,1,51105,3,"10_19","f","not.hisp.latino","white",4
"2018GQ0145173",5,1,51206,3,"10_19","f","not.hisp.latino","asian",81
"2018GQ0146426",5,1,51154,3,"20_29","f","not.hisp.latino","white",81
"2018GQ0153023",5,1,51090,3,"30_39","m","not.hisp.latino","white",34
"2018HU0000352",5,3,51167,3,"10_19","f","not.hisp.latino","two.",88
"2018HU0001881",5,2,51110,3,"20_29","m","not.hisp.latino","white",103
"2018HU0001992",5,4,51244,3,"0_9","m","not.hisp.latino","white",207
"2018HU0002226",5,1,51246,3,"70_79","f","not.hisp.latino","white",133
"2018HU0003163",5,3,51245,3,"10_19","m","hisp.latino","white",261
"2018HU0004597",5,5,51145,3,"60_69","m","not.hisp.latino","asian",30
"2018HU0006074",5,7,51125,3,"50_59","m","not.hisp.latino","white",53
"2018HU0006968",5,1,51145,3,"30_39","m","not.hisp.latino","white",51
"2018HU0007013",5,1,51045,3,"50_59","m","not.hisp.latino","white",11
"2018HU0007646",5,1,59302,3,"50_59","m","not.hisp.latino","two.",20
"2018HU0008331",5,4,4101,3,"10_19","m","not.hisp.latino","white",126
"2018HU0009524",5,1,4101,3,"20_29","f","not.hisp.latino","white",181
"2018HU0009524",5,2,4101,3,"20_29","m","not.hisp.latino","white",152
"2018HU0010232",5,1,51246,3,"80_89","f","not.hisp.latino","white",67
"2018HU0012162",5,2,51125,3,"80_89","m","not.hisp.latino","white",120
"2018HU0014153",5,1,51164,3,"50_59","m","not.hisp.latino","white",67
"2018HU0014398",5,1,51225,3,"40_49","f","not.hisp.latino","white",14
"2018HU0014873",5,1,51246,3,"70_79","f","not.hisp.latino","white",83
"2018HU0015541",5,1,51097,3,"70_79","m","not.hisp.latino","white",107
"2018HU0015767",5,1,51135,3,"70_79","f","not.hisp.latino","white",50
"2018HU0017711",5,1,51115,3,"50_59","m","not.hisp.latino","white",154
"2018HU0019574",5,2,59307,3,"70_79","f","not.hisp.latino","asian",81
"2018HU0020293",5,6,51045,3,"0_9","m","not.hisp.latino","white",110
"2018HU0020439",5,3,59301,3,"0_9","f","not.hisp.latino","white",54
"2018HU0020614",5,1,51089,3,"30_39","f","not.hisp.latino","white",16
"2018HU0021337",5,1,51084,3,"50_59","f","not.hisp.latino","white",94
"2018HU0021932",5,3,51255,3,"10_19","m","not.hisp.latino","white",99
"2018HU0023499",5,1,51090,3,"30_39","f","not.hisp.latino","white",20
"2018HU0024993",5,4,51244,3,"10_19","m","not.hisp.latino","white",177
"2018HU0026393",5,3,51020,3,"10_19","m","not.hisp.latino","white",16
"2018HU0027206",5,5,51225,3,"0_9","f","not.hisp.latino","white",17
"2018HU0027362",5,1,51097,3,"10_19","m","not.hisp.latino","white",26
"2018HU0030155",5,4,10702,3,"0_9","f","not.hisp.latino","asian",83
"2018HU0030543",5,1,51040,3,"40_49","m","not.hisp.latino","white",92
"2018HU0030733",5,2,51245,3,"40_49","m","not.hisp.latino","white",60
"2018HU0031550",5,4,51224,3,"0_9","f","not.hisp.latino","white",67
"2018HU0031829",5,1,51020,3,"70_79","f","not.hisp.latino","white",27
"2018HU0033134",5,3,51164,3,"0_9","m","not.hisp.latino","white",85
"2018HU0033787",5,1,59307,3,"50_59","m","not.hisp.latino","white",62
"2018HU0034780",5,1,51097,3,"50_59","f","not.hisp.latino","white",56
"2018HU0034881",5,1,59302,3,"30_39","m","hisp.latino","white",57
"2018HU0035443",5,3,51164,3,"0_9","m","not.hisp.latino","white",133
"2018HU0035835",5,3,59308,3,"10_19","m","not.hisp.latino","white",417
"2018HU0035889",5,3,59307,3,"10_19","f","not.hisp.latino","asian",23
"2018HU0036397",5,1,55002,3,"50_59","m","not.hisp.latino","white",323
"2018HU0036527",5,4,51215,3,"10_19","f","not.hisp.latino","white",35
"2018HU0037147",5,6,10702,3,"60_69","f","not.hisp.latino","white",33
"2018HU0037491",5,1,59301,3,"70_79","f","not.hisp.latino","white",197
"2018HU0038293",5,2,10701,3,"50_59","m","not.hisp.latino","white",25
"2018HU0038770",5,1,51045,3,"60_69","f","not.hisp.latino","white",16
"2018HU0038987",5,1,51044,3,"70_79","m","not.hisp.latino","white",109
"2018HU0040735",5,1,51154,3,"40_49","m","not.hisp.latino","white",35
"2018HU0040752",5,6,59307,3,"0_9","m","not.hisp.latino","white",61
"2018HU0041029",5,2,4102,3,"70_79","f","not.hisp.latino","white",132
"2018HU0041624",5,1,51040,3,"70_79","f","not.hisp.latino","white",98
"2018HU0042090",5,2,51135,3,"50_59","f","not.hisp.latino","white",60
"2018HU0042242",5,2,4103,3,"50_59","f","not.hisp.latino","white",136
"2018HU0045593",5,4,51215,3,"0_9","f","not.hisp.latino","white",107
"2018HU0046097",5,1,51175,3,"50_59","f","not.hisp.latino","white",62
"2018HU0047097",5,4,59306,3,"20_29","m","not.hisp.latino","asian",94
"2018HU0047101",5,1,51246,3,"30_39","m","not.hisp.latino","asian",219
"2018HU0047485",5,6,10703,3,"0_9","f","not.hisp.latino","white",246
"2018HU0048927",5,1,59303,3,"60_69","m","not.hisp.latino","white",35
"2018HU0050016",5,2,51215,3,"10_19","m","hisp.latino","white",150
"2018HU0051023",5,3,51167,3,"10_19","m","not.hisp.latino","white",139
"2018HU0051569",5,2,51120,3,"50_59","f","not.hisp.latino","white",13
"2018HU0052006",5,1,51206,3,"20_29","f","not.hisp.latino","white",57
"2018HU0052185",5,1,59302,3,"70_79","m","not.hisp.latino","white",95
"2018HU0052497",5,3,55002,3,"10_19","f","not.hisp.latino","white",75
"2018HU0053542",5,3,10702,3,"20_29","f","not.hisp.latino","white",31
"2018HU0055814",5,2,51097,3,"40_49","f","not.hisp.latino","white",37
"2018HU0055945",5,2,59306,3,"50_59","f","not.hisp.latino","white",63
"2018HU0056631",5,2,59305,3,"50_59","f","not.hisp.latino","white",49
"2018HU0056676",5,1,51154,3,"70_79","f","not.hisp.latino","white",113
"2018HU0056933",5,2,59301,3,"10_19","m","not.hisp.latino","asian",37
"2018HU0058258",5,2,55002,3,"50_59","f","not.hisp.latino","white",31
"2018HU0058453",5,2,59302,3,"40_49","m","not.hisp.latino","white",57
"2018HU0058732",5,2,51115,3,"70_79","f","not.hisp.latino","white",59
"2018HU0061151",5,2,51167,3,"70_79","m","not.hisp.latino","white",29
"2018HU0061295",5,1,51020,3,"60_69","f","not.hisp.latino","white",49
"2018HU0062557",5,1,10702,3,"50_59","m","not.hisp.latino","white",68
"2018HU0063393",5,1,59308,3,"60_69","f","not.hisp.latino","white",109
"2018HU0063913",5,1,51020,3,"40_49","f","not.hisp.latino","white",115
"2018HU0064014",5,1,1302,3,"40_49","m","not.hisp.latino","white",334
"2018HU0064670",5,2,51164,3,"40_49","f","not.hisp.latino","white",23
"2018HU0065762",5,1,59303,3,"40_49","f","not.hisp.latino","white",217
"2018HU0067041",5,2,51245,3,"50_59","f","not.hisp.latino","white",63
"2018HU0069405",5,1,51154,3,"50_59","m","not.hisp.latino","white",46
"2018HU0069902",5,3,1301,3,"0_9","f","not.hisp.latino","white",34
"2018HU0070763",5,2,51165,3,"30_39","m","not.hisp.latino","white",65
"2018HU0072159",5,3,51165,3,"10_19","f","not.hisp.latino","white",73
"2018HU0072340",5,6,51084,3,"10_19","m","not.hisp.latino","white",183
"2018HU0073356",5,3,51120,3,"10_19","m","not.hisp.latino","white",148
"2018HU0075391",5,3,10702,3,"10_19","f","not.hisp.latino","white",50
"2018HU0077169",5,2,51125,3,"40_49","f","not.hisp.latino","asian",78
"2018HU0080739",5,1,51105,3,"30_39","m","not.hisp.latino","white",222
"2018HU0081306",5,1,51020,3,"50_59","m","not.hisp.latino","white",116
"2018HU0083268",5,2,55002,3,"40_49","m","not.hisp.latino","white",144
"2018HU0084348",5,4,51245,3,"10_19","m","not.hisp.latino","asian",181
"2018HU0084767",5,3,51145,3,"10_19","f","not.hisp.latino","two.",331
"2018HU0086881",5,1,51080,3,"70_79","m","not.hisp.latino","white",52
"2018HU0088023",5,1,51175,3,"40_49","m","not.hisp.latino","asian",19
"2018HU0088023",5,3,51175,3,"10_19","m","not.hisp.latino","asian",43
"2018HU0088023",5,4,51175,3,"0_9","f","not.hisp.latino","asian",53
"2018HU0088130",5,2,51255,3,"40_49","f","not.hisp.latino","white",16
"2018HU0088374",5,4,51115,3,"0_9","m","hisp.latino","white",28
"2018HU0088374",5,6,51115,3,"0_9","m","hisp.latino","white",24
"2018HU0089068",5,2,51087,3,"70_79","f","not.hisp.latino","white",23
"2018HU0090041",5,2,51087,3,"60_69","f","not.hisp.latino","white",112
"2018HU0090170",5,2,51087,3,"50_59","f","not.hisp.latino","white",10
"2018HU0090242",5,1,51154,3,"70_79","f","not.hisp.latino","white",76
"2018HU0090420",5,1,59305,3,"30_39","f","not.hisp.latino","white",50
"2018HU0090641",5,2,1302,3,"30_39","m","hisp.latino","white",109
"2018HU0091012",5,2,51167,3,"50_59","m","not.hisp.latino","white",102
"2018HU0091211",5,1,51165,3,"30_39","m","not.hisp.latino","white",72
"2018HU0095117",5,3,4101,3,"0_9","m","not.hisp.latino","white",219
"2018HU0096047",5,4,59308,3,"0_9","m","not.hisp.latino","white",43
"2018HU0096290",5,1,4102,3,"50_59","f","not.hisp.latino","white",115
"2018HU0096344",5,2,51080,3,"30_39","m","not.hisp.latino","white",118
"2018HU0096450",5,2,51135,3,"50_59","m","not.hisp.latino","white",67
"2018HU0097714",5,1,51095,3,"20_29","f","not.hisp.latino","white",81
"2018HU0098559",5,1,51167,3,"70_79","f","not.hisp.latino","white",121
"2018HU0099461",5,1,51085,3,"60_69","f","not.hisp.latino","white",60
"2018HU0100032",5,5,51115,3,"70_79","m","not.hisp.latino","white",366
"2018HU0101836",5,6,51154,3,"0_9","f","not.hisp.latino","white",68
"2018HU0104136",5,1,51224,3,"40_49","f","not.hisp.latino","white",29
"2018HU0108103",5,4,55002,3,"0_9","f","not.hisp.latino","white",130
"2018HU0108608",5,3,51215,3,"60_69","f","not.hisp.latino","white",81
"2018HU0108736",5,4,51120,3,"10_19","f","not.hisp.latino","white",49
"2018HU0109666",5,1,51010,3,"60_69","m","not.hisp.latino","white",104
"2018HU0110077",5,1,1301,3,"30_39","m","not.hisp.latino","white",34
"2018HU0110168",5,1,55001,3,"60_69","m","not.hisp.latino","white",47
"2018HU0110397",5,1,51175,3,"70_79","f","not.hisp.latino","white",124
"2018HU0110629",5,3,51175,3,"10_19","f","not.hisp.latino","white",27
"2018HU0110923",5,2,51120,3,"10_19","f","not.hisp.latino","white",108
"2018HU0113194",5,1,51097,3,"60_69","m","not.hisp.latino","white",130
"2018HU0113208",5,2,51206,3,"40_49","f","not.hisp.latino","white",77
"2018HU0113665",5,2,51040,3,"60_69","m","not.hisp.latino","white",103
"2018HU0113782",5,2,51245,3,"60_69","m","not.hisp.latino","white",61
"2018HU0113858",5,2,51125,3,"60_69","f","not.hisp.latino","white",30
"2018HU0114930",5,2,51125,3,"20_29","m","not.hisp.latino","white",15
"2018HU0115299",5,1,51090,3,"70_79","f","not.hisp.latino","white",61
"2018HU0115426",5,1,51120,3,"70_79","f","not.hisp.latino","white",48
"2018HU0115492",5,2,51020,3,"40_49","m","not.hisp.latino","white",116
"2018HU0117726",5,2,51087,3,"20_29","f","not.hisp.latino","white",273
"2018HU0118282",5,1,51045,3,"70_79","m","not.hisp.latino","white",31
"2018HU0118917",5,1,51045,3,"60_69","f","not.hisp.latino","white",284
"2018HU0118928",5,3,59305,3,"10_19","m","not.hisp.latino","white",100
"2018HU0119269",5,2,51215,3,"50_59","f","not.hisp.latino","white",60
"2018HU0121078",5,3,51090,3,"10_19","f","not.hisp.latino","asian",48
"2018HU0121078",5,4,51090,3,"10_19","f","not.hisp.latino","asian",58
"2018HU0121461",5,3,51244,3,"0_9","m","not.hisp.latino","two.",102
"2018HU0122583",5,1,51165,3,"50_59","f","not.hisp.latino","white",26
"2018HU0122932",5,1,10702,3,"40_49","m","not.hisp.latino","white",19
"2018HU0124305",5,2,51167,3,"10_19","f","not.hisp.latino","white",55
"2018HU0125490",5,2,51020,3,"70_79","f","not.hisp.latino","white",28
"2018HU0125670",5,2,51105,3,"50_59","m","not.hisp.latino","white",29
"2018HU0126563",5,7,59303,3,"40_49","f","not.hisp.latino","asian",90
"2018HU0127677",5,1,51164,3,"70_79","m","not.hisp.latino","white",75
"2018HU0128906",5,1,51010,3,"40_49","m","not.hisp.latino","white",249
"2018HU0128966",5,6,51154,3,"0_9","f","not.hisp.latino","white",20
"2018HU0129276",5,1,51246,3,"70_79","m","not.hisp.latino","white",66
"2018HU0130844",5,2,51010,3,"40_49","f","not.hisp.latino","white",18
"2018HU0131708",5,1,51255,3,"60_69","f","not.hisp.latino","white",43
"2018HU0132034",5,1,51010,3,"20_29","m","not.hisp.latino","white",131
"2018HU0132065",5,3,51115,3,"10_19","m","not.hisp.latino","white",615
"2018HU0132076",5,3,51045,3,"10_19","m","not.hisp.latino","white",68
"2018HU0132289",5,1,51165,3,"50_59","f","not.hisp.latino","white",103
"2018HU0132364",5,1,51255,3,"80_89","f","not.hisp.latino","white",111
"2018HU0133095",5,1,51165,3,"70_79","m","not.hisp.latino","white",53
"2018HU0133526",5,2,59308,3,"30_39","m","not.hisp.latino","white",103
"2018HU0134212",5,4,51085,3,"10_19","m","not.hisp.latino","white",45
"2018HU0134289",5,1,4101,3,"40_49","f","not.hisp.latino","white",119
"2018HU0137698",5,2,51225,3,"10_19","f","not.hisp.latino","white",56
"2018HU0138113",5,3,59302,3,"0_9","m","not.hisp.latino","white",11
"2018HU0140011",5,3,51245,3,"10_19","m","not.hisp.latino","asian",100
"2018HU0140053",5,2,55002,3,"60_69","f","not.hisp.latino","white",156
"2018HU0140071",5,1,51165,3,"70_79","m","not.hisp.latino","white",74
"2018HU0140721",5,4,51120,3,"10_19","m","not.hisp.latino","white",126
"2018HU0142105",5,1,51154,3,"60_69","f","not.hisp.latino","white",55
"2018HU0143253",5,3,51235,3,"0_9","f","not.hisp.latino","white",83
"2018HU0143768",5,2,51255,3,"50_59","f","not.hisp.latino","white",164
"2018HU0146145",5,4,51135,3,"30_39","f","not.hisp.latino","white",60
"2018HU0147490",5,3,51225,3,"0_9","m","not.hisp.latino","white",77
"2018HU0148164",5,6,59307,3,"0_9","m","not.hisp.latino","white",26
"2018HU0149938",5,3,51096,3,"10_19","f","not.hisp.latino","white",28
"2018HU0150396",5,1,10703,3,"70_79","f","not.hisp.latino","white",265
"2018HU0150469",5,1,51045,3,"40_49","f","not.hisp.latino","white",160
"2018HU0150557",5,3,51080,3,"10_19","f","hisp.latino","two.",83
"2018HU0150953",5,1,10703,3,"50_59","m","not.hisp.latino","white",46
"2018HU0152640",5,1,4102,3,"70_79","f","not.hisp.latino","white",105
"2018HU0153081",5,1,51246,3,"50_59","m","not.hisp.latino","white",75
"2018HU0153202",5,1,59301,3,"50_59","f","not.hisp.latino","white",74
"2018HU0153291",5,1,59303,3,"50_59","m","not.hisp.latino","white",68
"2018HU0153291",5,3,59303,3,"0_9","m","not.hisp.latino","white",60
"2018HU0153734",5,1,4102,3,"50_59","m","not.hisp.latino","white",109
"2018HU0155028",5,5,51206,3,"0_9","m","not.hisp.latino","white",33
"2018HU0157273",5,2,55001,3,"40_49","f","not.hisp.latino","white",90
"2018HU0158355",5,3,51125,3,"0_9","m","not.hisp.latino","white",247
"2018HU0158849",5,2,59303,3,"10_19","f","not.hisp.latino","white",10
"2018HU0160051",5,2,51225,3,"60_69","m","not.hisp.latino","white",108
"2018HU0160589",5,1,4102,3,"50_59","m","not.hisp.latino","white",32
"2018HU0160589",5,3,4102,3,"50_59","f","not.hisp.latino","white",32
"2018HU0160677",5,1,51044,3,"10_19","f","hisp.latino","white",15
"2018HU0161048",5,3,1301,3,"10_19","m","not.hisp.latino","white",83
"2018HU0161334",5,4,51224,3,"0_9","m","not.hisp.latino","white",187
"2018HU0161664",5,1,51186,3,"50_59","f","not.hisp.latino","white",125
"2018HU0163594",5,3,59303,3,"10_19","f","not.hisp.latino","white",17
"2018HU0164804",5,2,51090,3,"20_29","m","not.hisp.latino","white",44
"2018HU0165939",5,1,51045,3,"70_79","m","not.hisp.latino","white",177
"2018HU0165990",5,2,1302,3,"20_29","f","not.hisp.latino","white",27
"2018HU0166479",5,2,55002,3,"50_59","m","not.hisp.latino","white",110
"2018HU0167248",5,2,51164,3,"40_49","m","not.hisp.latino","white",91
"2018HU0167876",5,3,51020,3,"10_19","f","not.hisp.latino","white",168
"2018HU0171202",5,2,51246,3,"50_59","f","not.hisp.latino","asian",73
"2018HU0171301",5,1,51224,3,"30_39","f","not.hisp.latino","white",98
"2018HU0172382",5,2,51084,3,"40_49","m","not.hisp.latino","white",52
"2018HU0173016",5,2,51125,3,"10_19","m","not.hisp.latino","white",56
"2018HU0173349",5,4,51165,3,"10_19","m","not.hisp.latino","white",40
"2018HU0174443",5,4,10702,3,"70_79","f","hisp.latino","white",97
"2018HU0175060",5,4,51167,3,"10_19","f","not.hisp.latino","two.",53
"2018HU0175142",5,4,51145,3,"10_19","f","not.hisp.latino","white",3
"2018HU0176727",5,1,59302,3,"40_49","m","not.hisp.latino","white",77
"2018HU0177087",5,2,51215,3,"60_69","m","not.hisp.latino","white",94
"2018HU0177688",5,1,51225,3,"30_39","f","hisp.latino","white",179
"2018HU0178097",5,1,51087,3,"50_59","f","not.hisp.latino","white",106
"2018HU0178691",5,1,51215,3,"50_59","m","not.hisp.latino","white",113
"2018HU0179323",5,1,59302,3,"30_39","f","not.hisp.latino","white",52
"2018HU0179565",5,1,51084,3,"50_59","f","not.hisp.latino","white",71
"2018HU0180162",5,1,51167,3,"40_49","f","not.hisp.latino","white",121
"2018HU0180658",5,2,51125,3,"80_89","f","not.hisp.latino","white",13
"2018HU0182266",5,2,51235,3,"40_49","f","not.hisp.latino","white",38
"2018HU0182279",5,1,51045,3,"40_49","m","hisp.latino","white",73
"2018HU0182632",5,4,51045,3,"10_19","m","not.hisp.latino","white",21
"2018HU0182819",5,1,59304,3,"60_69","m","not.hisp.latino","white",64
"2018HU0183600",5,1,51084,3,"40_49","f","not.hisp.latino","white",23
"2018HU0185662",5,3,51175,3,"10_19","m","hisp.latino","white",175
"2018HU0185695",5,2,51089,3,"50_59","m","not.hisp.latino","white",140
"2018HU0187112",5,1,51206,3,"70_79","f","not.hisp.latino","white",80
"2018HU0191103",5,5,59309,3,"10_19","f","not.hisp.latino","white",123
"2018HU0192419",5,2,59305,3,"50_59","f","not.hisp.latino","white",33
"2018HU0192947",5,1,51135,3,"50_59","f","not.hisp.latino","white",32
"2018HU0194039",5,3,59305,3,"0_9","m","not.hisp.latino","white",34
"2018HU0195016",5,2,51235,3,"20_29","f","not.hisp.latino","white",80
"2018HU0195920",5,2,51246,3,"40_49","f","not.hisp.latino","asian",107
"2018HU0195952",5,2,59303,3,"50_59","m","not.hisp.latino","white",84
"2018HU0196295",5,2,51010,3,"50_59","f","not.hisp.latino","white",76
"2018HU0196886",5,3,51120,3,"10_19","m","not.hisp.latino","white",12
"2018HU0197807",5,1,51040,3,"20_29","f","not.hisp.latino","white",139
"2018HU0198199",5,1,51115,3,"20_29","m","not.hisp.latino","asian",75
"2018HU0198946",5,4,55002,3,"10_19","f","not.hisp.latino","white",42
"2018HU0200758",5,1,59303,3,"60_69","f","not.hisp.latino","white",10
"2018HU0201168",5,3,51085,3,"10_19","f","not.hisp.latino","white",123
"2018HU0202299",5,3,51154,3,"0_9","m","not.hisp.latino","white",131
"2018HU0202437",5,3,51097,3,"10_19","f","not.hisp.latino","white",48
"2018HU0203589",5,2,51125,3,"70_79","m","not.hisp.latino","white",26
"2018HU0204557",5,5,51096,3,"0_9","f","not.hisp.latino","white",31
"2018HU0204859",5,4,51145,3,"0_9","f","not.hisp.latino","two.",65
"2018HU0205610",5,4,10701,3,"10_19","f","not.hisp.latino","two.",135
"2018HU0205743",5,2,51244,3,"40_49","m","not.hisp.latino","white",80
"2018HU0205966",5,2,55002,3,"50_59","m","not.hisp.latino","white",129
"2018HU0207012",5,3,51167,3,"0_9","f","not.hisp.latino","white",104
"2018HU0207057",5,4,59309,3,"10_19","f","not.hisp.latino","white",93
"2018HU0207515",5,5,51087,3,"0_9","m","not.hisp.latino","white",20
"2018HU0208634",5,1,51225,3,"70_79","f","not.hisp.latino","white",24
"2018HU0208987",5,2,51020,3,"20_29","f","not.hisp.latino","white",96
"2018HU0209793",5,3,51246,3,"10_19","m","not.hisp.latino","asian",62
"2018HU0210404",5,1,51125,3,"70_79","m","not.hisp.latino","white",137
"2018HU0210705",5,1,51095,3,"40_49","m","not.hisp.latino","white",90
"2018HU0210876",5,1,59301,3,"80_89","f","not.hisp.latino","white",9
"2018HU0211256",5,2,10701,3,"10_19","f","not.hisp.latino","white",49
"2018HU0212783",5,1,1301,3,"40_49","f","not.hisp.latino","white",124
"2018HU0213072",5,3,10701,3,"10_19","m","not.hisp.latino","white",67
"2018HU0213770",5,6,51087,3,"30_39","f","hisp.latino","white",22
"2018HU0214804",5,2,4103,3,"50_59","f","not.hisp.latino","white",18
"2018HU0214902",5,2,51120,3,"40_49","m","not.hisp.latino","white",51
"2018HU0215703",5,3,51246,3,"80_89","f","not.hisp.latino","asian",99
"2018HU0216945",5,4,59303,3,"0_9","f","not.hisp.latino","white",20
"2018HU0217869",5,3,51040,3,"10_19","m","hisp.latino","white",14
"2018HU0223832",5,2,51175,3,"50_59","m","not.hisp.latino","white",22
"2018HU0224268",5,2,51175,3,"70_79","f","not.hisp.latino","white",101
"2018HU0224417",5,2,51089,3,"70_79","m","not.hisp.latino","white",72
"2018HU0224974",5,1,51145,3,"70_79","m","not.hisp.latino","white",10
"2018HU0225105",5,2,51040,3,"40_49","f","not.hisp.latino","white",23
"2018HU0225230",5,2,51097,3,"50_59","f","not.hisp.latino","white",102
"2018HU0226884",5,1,10702,3,"40_49","m","not.hisp.latino","asian",109
"2018HU0227748",5,1,59301,3,"20_29","m","not.hisp.latino","white",143
"2018HU0227905",5,6,51020,3,"0_9","f","not.hisp.latino","white",57
"2018HU0229038",5,1,1302,3,"50_59","f","not.hisp.latino","two.",70
"2018HU0230858",5,3,51175,3,"10_19","m","not.hisp.latino","two.",183
"2018HU0231484",5,4,51115,3,"10_19","m","not.hisp.latino","two.",31
"2018HU0231597",5,1,51120,3,"70_79","f","not.hisp.latino","white",63
"2018HU0233842",5,1,51125,3,"40_49","f","not.hisp.latino","white",18
"2018HU0234947",5,3,10703,3,"10_19","m","not.hisp.latino","white",30
"2018HU0235496",5,1,51080,3,"20_29","m","not.hisp.latino","white",170
"2018HU0235648",5,4,51045,3,"0_9","f","not.hisp.latino","white",176
"2018HU0236252",5,3,55002,3,"10_19","m","not.hisp.latino","white",27
"2018HU0236520",5,2,59309,3,"50_59","f","not.hisp.latino","white",13
"2018HU0236715",5,1,51167,3,"50_59","f","not.hisp.latino","white",26
"2018HU0237036",5,3,51167,3,"20_29","m","hisp.latino","white",111
"2018HU0238514",5,2,51085,3,"0_9","m","not.hisp.latino","white",182
"2018HU0238760",5,2,51010,3,"20_29","f","not.hisp.latino","white",4
"2018HU0238863",5,2,59305,3,"70_79","f","not.hisp.latino","white",19
"2018HU0239137",5,1,51145,3,"70_79","f","not.hisp.latino","white",18
"2018HU0239327",5,6,10703,3,"0_9","m","not.hisp.latino","white",64
"2018HU0239342",5,1,59308,3,"60_69","f","not.hisp.latino","white",30
"2018HU0240368",5,4,59305,3,"10_19","m","not.hisp.latino","white",112
"2018HU0240648",5,1,51010,3,"70_79","f","not.hisp.latino","white",32
"2018HU0240709",5,2,51105,3,"50_59","f","not.hisp.latino","white",87
"2018HU0240861",5,4,51215,3,"0_9","f","not.hisp.latino","white",24
"2018HU0242032",5,1,51125,3,"70_79","m","not.hisp.latino","white",105
"2018HU0243692",5,3,51087,3,"10_19","m","not.hisp.latino","white",32
"2018HU0244044",5,1,59306,3,"40_49","m","hisp.latino","white",31
"2018HU0244892",5,1,51105,3,"70_79","f","not.hisp.latino","white",67
"2018HU0244927",5,2,51080,3,"40_49","f","not.hisp.latino","white",31
"2018HU0245505",5,1,51135,3,"50_59","m","not.hisp.latino","white",84
"2018HU0246946",5,2,51167,3,"70_79","f","not.hisp.latino","white",67
"2018HU0247621",5,1,51110,3,"50_59","m","not.hisp.latino","white",236
"2018HU0247841",5,1,51097,3,"70_79","f","not.hisp.latino","white",36
"2018HU0248734",5,1,51110,3,"30_39","m","not.hisp.latino","white",52
"2018HU0248996",5,2,51154,3,"70_79","f","not.hisp.latino","white",14
"2018HU0250517",5,1,1301,3,"60_69","m","not.hisp.latino","white",17
"2018HU0250840",5,3,59309,3,"0_9","m","not.hisp.latino","white",83
"2018HU0250931",5,2,51246,3,"60_69","m","not.hisp.latino","white",117
"2018HU0252365",5,2,59308,3,"30_39","m","not.hisp.latino","asian",25
"2018HU0252509",5,2,51010,3,"10_19","m","not.hisp.latino","white",118
"2018HU0253954",5,5,59301,3,"0_9","m","not.hisp.latino","white",47
"2018HU0254148",5,2,59303,3,"70_79","f","not.hisp.latino","white",9
"2018HU0254229",5,1,59301,3,"60_69","m","not.hisp.latino","white",37
"2018HU0256362",5,2,51110,3,"10_19","m","hisp.latino","white",204
"2018HU0256410",5,1,51115,3,"60_69","m","not.hisp.latino","white",30
"2018HU0256410",5,2,51115,3,"50_59","f","not.hisp.latino","white",28
"2018HU0257304",5,3,51044,3,"10_19","m","hisp.latino","white",8
"2018HU0257304",5,6,51044,3,"10_19","f","hisp.latino","white",7
"2018HU0257668",5,2,51080,3,"40_49","m","not.hisp.latino","white",241
"2018HU0258281",5,4,55001,3,"0_9","f","not.hisp.latino","asian",294
"2018HU0258689",5,2,51145,3,"30_39","f","not.hisp.latino","white",53
"2018HU0258954",5,2,51125,3,"70_79","m","not.hisp.latino","white",17
"2018HU0259604",5,1,51225,3,"20_29","f","not.hisp.latino","white",53
"2018HU0259964",5,4,59309,3,"10_19","f","not.hisp.latino","asian",24
"2018HU0260077",5,3,10703,3,"10_19","m","not.hisp.latino","asian",209
"2018HU0260211",5,2,51089,3,"60_69","f","not.hisp.latino","white",139
"2018HU0261205",5,1,51087,3,"40_49","m","not.hisp.latino","white",67
"2018HU0265611",5,4,51097,3,"0_9","f","not.hisp.latino","white",100
"2018HU0265611",5,7,51097,3,"0_9","m","not.hisp.latino","white",95
"2018HU0268020",5,3,59308,3,"10_19","m","not.hisp.latino","white",177
"2018HU0269289",5,3,51110,3,"70_79","f","not.hisp.latino","white",40
"2018HU0269620",5,2,51095,3,"20_29","m","not.hisp.latino","white",93
"2018HU0269907",5,1,51225,3,"30_39","f","not.hisp.latino","white",226
"2018HU0273553",5,2,51167,3,"30_39","f","not.hisp.latino","white",20
"2018HU0274323",5,1,59301,3,"40_49","m","hisp.latino","white",39
"2018HU0275258",5,4,51085,3,"10_19","f","not.hisp.latino","white",110
"2018HU0277546",5,4,59303,3,"10_19","m","not.hisp.latino","white",59
"2018HU0278920",5,3,51087,3,"0_9","m","not.hisp.latino","white",104
"2018HU0278949",5,2,4103,3,"70_79","f","not.hisp.latino","white",209
"2018HU0279179",5,1,51145,3,"70_79","f","not.hisp.latino","white",27
"2018HU0282727",5,1,4103,3,"30_39","m","not.hisp.latino","white",114
"2018HU0282874",5,1,59304,3,"40_49","m","not.hisp.latino","white",21
"2018HU0284951",5,2,59304,3,"20_29","f","not.hisp.latino","white",136
"2018HU0285281",5,3,10702,3,"10_19","m","not.hisp.latino","asian",27
"2018HU0285517",5,1,51165,3,"60_69","f","not.hisp.latino","white",168
"2018HU0285666",5,2,51175,3,"0_9","f","not.hisp.latino","white",57
"2018HU0286778",5,1,1301,3,"40_49","f","hisp.latino","white",8
"2018HU0289281",5,4,51165,3,"10_19","m","not.hisp.latino","white",177
"2018HU0289595",5,1,51175,3,"70_79","m","not.hisp.latino","white",19
"2018HU0289864",5,1,51010,3,"50_59","f","not.hisp.latino","white",3
"2018HU0290005",5,2,51245,3,"40_49","m","not.hisp.latino","asian",44
"2018HU0291796",5,3,51167,3,"10_19","m","not.hisp.latino","white",87
"2018HU0292376",5,1,51224,3,"70_79","m","not.hisp.latino","white",14
"2018HU0292382",5,4,10702,3,"10_19","f","not.hisp.latino","two.",638
"2018HU0293011",5,2,59301,3,"50_59","m","not.hisp.latino","white",20
"2018HU0294457",5,2,59301,3,"70_79","f","not.hisp.latino","white",57
"2018HU0294732",5,6,10703,3,"40_49","f","hisp.latino","white",163
"2018HU0294792",5,1,51084,3,"40_49","m","not.hisp.latino","white",18
"2018HU0296571",5,1,51085,3,"40_49","f","not.hisp.latino","white",43
"2018HU0299121",5,2,51040,3,"50_59","m","not.hisp.latino","white",188
"2018HU0299147",5,1,59303,3,"50_59","f","not.hisp.latino","white",115
"2018HU0299497",5,3,51040,3,"0_9","f","hisp.latino","white",19
"2018HU0301302",5,3,51010,3,"0_9","f","not.hisp.latino","white",19
"2018HU0302009",5,1,59302,3,"30_39","f","not.hisp.latino","white",175
"2018HU0302642",5,1,51045,3,"40_49","m","not.hisp.latino","white",11
"2018HU0303091",5,2,55002,3,"40_49","f","hisp.latino","white",133
"2018HU0304715",5,1,51255,3,"50_59","m","not.hisp.latino","white",65
"2018HU0304851",5,2,51085,3,"20_29","f","not.hisp.latino","white",76
"2018HU0305019",5,3,10703,3,"0_9","m","not.hisp.latino","white",216
"2018HU0305238",5,4,51105,3,"0_9","m","not.hisp.latino","white",153
"2018HU0305241",5,1,51115,3,"40_49","m","not.hisp.latino","white",69
"2018HU0305484",5,1,51206,3,"70_79","m","not.hisp.latino","white",91
"2018HU0306728",5,3,59301,3,"10_19","m","not.hisp.latino","white",32
"2018HU0307191",5,4,51089,3,"0_9","m","not.hisp.latino","white",86
"2018HU0308952",5,2,59303,3,"40_49","m","not.hisp.latino","white",29
"2018HU0309062",5,3,51110,3,"20_29","f","not.hisp.latino","white",331
"2018HU0309100",5,3,10702,3,"0_9","f","not.hisp.latino","white",53
"2018HU0309250",5,1,51096,3,"50_59","m","not.hisp.latino","white",218
"2018HU0310762",5,3,10701,3,"10_19","m","not.hisp.latino","white",143
"2018HU0311374",5,3,51246,3,"0_9","m","not.hisp.latino","white",308
"2018HU0312239",5,2,51235,3,"60_69","f","not.hisp.latino","white",52
"2018HU0312553",5,1,4102,3,"80_89","f","not.hisp.latino","white",15
"2018HU0314153",5,4,1301,3,"10_19","m","not.hisp.latino","white",31
"2018HU0314400",5,5,51244,3,"20_29","m","not.hisp.latino","white",19
"2018HU0314578",5,2,51235,3,"20_29","f","not.hisp.latino","white",58
"2018HU0314622",5,2,10701,3,"70_79","f","not.hisp.latino","white",93
"2018HU0314929",5,4,51089,3,"10_19","m","not.hisp.latino","white",211
"2018HU0315183",5,2,51010,3,"70_79","f","not.hisp.latino","white",84
"2018HU0315328",5,1,51164,3,"30_39","f","not.hisp.latino","asian",21
"2018HU0317479",5,1,51164,3,"40_49","m","not.hisp.latino","white",243
"2018HU0321327",5,1,1301,3,"30_39","m","not.hisp.latino","white",111
"2018HU0321686",5,5,59307,3,"10_19","m","not.hisp.latino","white",53
"2018HU0321767",5,3,59304,3,"0_9","m","not.hisp.latino","white",63
"2018HU0321987",5,2,51080,3,"10_19","f","not.hisp.latino","white",93
"2018HU0322236",5,1,51235,3,"30_39","f","not.hisp.latino","asian",32
"2018HU0323148",5,2,51090,3,"10_19","m","not.hisp.latino","white",36
"2018HU0323700",5,2,4102,3,"10_19","f","not.hisp.latino","white",197
"2018HU0324815",5,3,10703,3,"0_9","m","not.hisp.latino","white",53
"2018HU0325478",5,2,51167,3,"30_39","m","not.hisp.latino","white",20
"2018HU0326543",5,1,59305,3,"60_69","m","not.hisp.latino","white",91
"2018HU0326543",5,2,59305,3,"50_59","f","not.hisp.latino","white",86
"2018HU0327208",5,4,51084,3,"10_19","f","hisp.latino","white",307
"2018HU0328420",5,2,59303,3,"70_79","m","not.hisp.latino","white",15
"2018HU0328625",5,4,10703,3,"10_19","m","not.hisp.latino","white",36
"2018HU0328665",5,1,51167,3,"50_59","m","not.hisp.latino","white",26
"2018HU0329218",5,2,51120,3,"10_19","f","not.hisp.latino","white",55
"2018HU0331006",5,3,59305,3,"10_19","m","not.hisp.latino","white",31
"2018HU0331006",5,4,59305,3,"10_19","f","not.hisp.latino","white",29
"2018HU0332215",5,2,51215,3,"50_59","f","not.hisp.latino","white",96
"2018HU0332563",5,2,59309,3,"40_49","f","not.hisp.latino","asian",106
"2018HU0332752",5,1,51089,3,"40_49","m","not.hisp.latino","white",82
"2018HU0334421",5,2,59304,3,"10_19","f","not.hisp.latino","asian",92
"2018HU0335275",5,2,51165,3,"30_39","f","not.hisp.latino","white",166
"2018HU0335681",5,7,51096,3,"0_9","f","not.hisp.latino","white",54
"2018HU0336603",5,1,59306,3,"30_39","m","not.hisp.latino","white",72
"2018HU0337134",5,1,51085,3,"60_69","m","not.hisp.latino","white",95
"2018HU0337222",5,2,51105,3,"50_59","f","not.hisp.latino","white",75
"2018HU0337973",5,1,1301,3,"70_79","f","not.hisp.latino","white",96
"2018HU0338712",5,3,59305,3,"10_19","f","not.hisp.latino","white",19
"2018HU0339502",5,2,51045,3,"50_59","f","not.hisp.latino","white",214
"2018HU0341331",5,1,51097,3,"50_59","f","not.hisp.latino","white",62
"2018HU0341806",5,1,10702,3,"70_79","f","hisp.latino","white",66
"2018HU0342705",5,1,51225,3,"50_59","m","not.hisp.latino","white",132
"2018HU0343322",5,4,51225,3,"0_9","f","not.hisp.latino","white",124
"2018HU0344415",5,7,59305,3,"60_69","f","not.hisp.latino","asian",24
"2018HU0344457",5,2,10701,3,"0_9","f","not.hisp.latino","white",15
"2018HU0344519",5,3,51165,3,"50_59","f","hisp.latino","white",246
"2018HU0345326",5,1,51045,3,"60_69","f","not.hisp.latino","white",6
"2018HU0346373",5,2,51245,3,"40_49","f","hisp.latino","white",55
"2018HU0346594",5,1,51215,3,"40_49","f","not.hisp.latino","white",32
"2018HU0347446",5,5,51244,3,"10_19","f","not.hisp.latino","white",130
"2018HU0348614",5,2,4101,3,"20_29","f","not.hisp.latino","white",80
"2018HU0349470",5,1,51215,3,"60_69","m","not.hisp.latino","white",15
"2018HU0349470",5,3,51215,3,"0_9","m","not.hisp.latino","white",38
"2018HU0352149",5,1,4101,3,"70_79","f","not.hisp.latino","white",41
"2018HU0353098",5,4,51215,3,"0_9","f","not.hisp.latino","white",112
"2018HU0353172",5,4,51245,3,"40_49","m","hisp.latino","white",449
"2018HU0354994",5,1,51010,3,"60_69","m","not.hisp.latino","white",31
"2018HU0355452",5,2,4102,3,"10_19","f","not.hisp.latino","white",159
"2018HU0355624",5,3,51087,3,"0_9","f","not.hisp.latino","white",362
"2018HU0359077",5,3,51154,3,"20_29","m","not.hisp.latino","white",20
"2018HU0359952",5,1,51120,3,"70_79","m","not.hisp.latino","white",141
"2018HU0360317",5,1,51020,3,"60_69","f","not.hisp.latino","white",89
"2018HU0360317",5,2,51020,3,"60_69","m","not.hisp.latino","white",99
"2018HU0361222",5,2,59309,3,"40_49","f","hisp.latino","white",187
"2018HU0363070",5,1,51154,3,"50_59","f","not.hisp.latino","white",73
"2018HU0365471",5,2,51120,3,"40_49","m","not.hisp.latino","white",87
"2018HU0366780",5,3,51154,3,"10_19","m","not.hisp.latino","white",58
"2018HU0368702",5,1,1302,3,"30_39","m","not.hisp.latino","two.",226
"2018HU0368999",5,1,59308,3,"40_49","f","not.hisp.latino","white",211
"2018HU0370779",5,3,51235,3,"10_19","m","not.hisp.latino","two.",47
"2018HU0371571",5,1,51255,3,"40_49","f","not.hisp.latino","white",69
"2018HU0371600",5,4,10703,3,"10_19","f","not.hisp.latino","white",25
"2018HU0372207",5,1,51155,3,"60_69","m","not.hisp.latino","white",37
"2018HU0372360",5,1,51215,3,"30_39","f","not.hisp.latino","white",68
"2018HU0372452",5,1,51246,3,"70_79","f","not.hisp.latino","white",125
"2018HU0374734",5,6,4102,3,"0_9","m","not.hisp.latino","white",26
"2018HU0375764",5,2,51215,3,"60_69","m","not.hisp.latino","white",211
"2018HU0376001",5,1,51246,3,"50_59","m","not.hisp.latino","white",66
"2018HU0378216",5,3,59307,3,"0_9","f","not.hisp.latino","asian",63
"2018HU0378439",5,6,51040,3,"0_9","m","not.hisp.latino","white",173
"2018HU0378911",5,3,51044,3,"0_9","m","not.hisp.latino","white",52
"2018HU0379413",5,1,51080,3,"40_49","m","not.hisp.latino","white",370
"2018HU0379637",5,1,51120,3,"70_79","m","not.hisp.latino","white",44
"2018HU0382034",5,3,51120,3,"10_19","f","not.hisp.latino","white",446
"2018HU0384502",5,3,51044,3,"0_9","f","not.hisp.latino","white",165
"2018HU0384502",5,4,51044,3,"0_9","m","not.hisp.latino","white",157
"2018HU0385821",5,4,51186,3,"10_19","f","not.hisp.latino","white",114
"2018HU0385876",5,2,51224,3,"40_49","f","not.hisp.latino","white",15
"2018HU0385886",5,2,59308,3,"20_29","m","hisp.latino","white",212
"2018HU0387405",5,1,51115,3,"40_49","m","not.hisp.latino","asian",47
"2018HU0387938",5,5,51045,3,"70_79","f","not.hisp.latino","white",71
"2018HU0388153",5,4,51215,3,"10_19","m","not.hisp.latino","white",134
"2018HU0389487",5,4,51010,3,"20_29","m","not.hisp.latino","white",164
"2018HU0389512",5,1,51154,3,"50_59","m","not.hisp.latino","white",13
"2018HU0389683",5,2,51120,3,"60_69","f","not.hisp.latino","white",90
"2018HU0389770",5,1,51255,3,"60_69","m","not.hisp.latino","white",90
"2018HU0389783",5,2,51175,3,"70_79","f","not.hisp.latino","white",58
"2018HU0389809",5,3,51084,3,"0_9","m","not.hisp.latino","white",33
"2018HU0390767",5,3,51120,3,"20_29","m","not.hisp.latino","white",46
"2018HU0391861",5,1,51084,3,"40_49","m","not.hisp.latino","white",15
"2018HU0392719",5,1,51040,3,"40_49","m","not.hisp.latino","white",446
"2018HU0392873",5,5,51096,3,"0_9","f","not.hisp.latino","white",69
"2018HU0395919",5,2,51164,3,"70_79","m","not.hisp.latino","white",48
"2018HU0396845",5,1,51110,3,"40_49","m","not.hisp.latino","white",97
"2018HU0397987",5,2,51244,3,"20_29","m","not.hisp.latino","white",18
"2018HU0398829",5,2,51164,3,"50_59","f","not.hisp.latino","white",54
"2018HU0399798",5,2,4103,3,"60_69","m","not.hisp.latino","white",42
"2018HU0400377",5,3,4102,3,"10_19","f","not.hisp.latino","white",189
"2018HU0402466",5,1,59306,3,"60_69","m","not.hisp.latino","white",18
"2018HU0402747",5,2,59308,3,"60_69","f","not.hisp.latino","white",14
"2018HU0406109",5,1,51224,3,"70_79","m","not.hisp.latino","white",82
"2018HU0406109",5,2,51224,3,"70_79","f","not.hisp.latino","white",77
"2018HU0406289",5,2,51080,3,"40_49","m","not.hisp.latino","white",132
"2018HU0408276",5,3,4102,3,"20_29","m","not.hisp.latino","asian",36
"2018HU0408276",5,4,4102,3,"20_29","m","not.hisp.latino","asian",26
"2018HU0409735",5,4,1301,3,"10_19","m","not.hisp.latino","white",142
"2018HU0411531",5,3,51246,3,"40_49","m","not.hisp.latino","white",160
"2018HU0411974",5,2,51010,3,"10_19","m","not.hisp.latino","white",433
"2018HU0412889",5,3,51080,3,"0_9","m","not.hisp.latino","white",175
"2018HU0413157",5,4,51244,3,"0_9","f","not.hisp.latino","asian",60
"2018HU0414902",5,2,51165,3,"40_49","m","not.hisp.latino","white",68
"2018HU0415577",5,1,51045,3,"20_29","f","not.hisp.latino","white",66
"2018HU0415987",5,2,59304,3,"70_79","f","not.hisp.latino","white",11
"2018HU0416877",5,3,51097,3,"10_19","m","hisp.latino","white",30
"2018HU0418012",5,3,51245,3,"30_39","m","not.hisp.latino","asian",23
"2018HU0418012",5,4,51245,3,"10_19","m","not.hisp.latino","asian",16
"2018HU0418755",5,3,51105,3,"10_19","m","not.hisp.latino","white",139
"2018HU0419902",5,2,4101,3,"40_49","f","not.hisp.latino","white",18
"2018HU0420332",5,1,51165,3,"40_49","f","not.hisp.latino","white",18
"2018HU0421468",5,2,59306,3,"40_49","m","not.hisp.latino","white",18
"2018HU0422914",5,2,59305,3,"40_49","m","not.hisp.latino","white",61
"2018HU0423850",5,1,51010,3,"70_79","m","not.hisp.latino","white",209
"2018HU0424497",5,4,59306,3,"0_9","m","hisp.latino","white",167
"2018HU0425874",5,1,51224,3,"50_59","m","not.hisp.latino","white",81
"2018HU0426444",5,2,51045,3,"40_49","f","not.hisp.latino","white",276
"2018HU0427605",5,1,59301,3,"70_79","m","not.hisp.latino","white",87
"2018HU0428340",5,3,51087,3,"10_19","m","not.hisp.latino","white",21
"2018HU0430142",5,2,59304,3,"40_49","m","not.hisp.latino","white",104
"2018HU0430534",5,1,51215,3,"40_49","f","not.hisp.latino","white",70
"2018HU0431096",5,2,59306,3,"60_69","m","not.hisp.latino","white",59
"2018HU0432925",5,1,51215,3,"60_69","m","not.hisp.latino","white",5
"2018HU0433684",5,1,51186,3,"70_79","f","not.hisp.latino","white",76
"2018HU0434365",5,6,51175,3,"10_19","m","not.hisp.latino","asian",409
"2018HU0434418",5,4,4101,3,"0_9","f","not.hisp.latino","white",14
"2018HU0434994",5,2,4103,3,"60_69","f","not.hisp.latino","white",230
"2018HU0435240",5,1,51154,3,"40_49","m","not.hisp.latino","white",131
"2018HU0435313",5,1,10701,3,"50_59","f","not.hisp.latino","white",54
"2018HU0435334",5,5,51215,3,"0_9","f","not.hisp.latino","white",113
"2018HU0435412",5,3,51110,3,"10_19","f","not.hisp.latino","white",65
"2018HU0438166",5,2,59304,3,"20_29","m","not.hisp.latino","white",34
"2018HU0440399",5,1,51084,3,"40_49","m","hisp.latino","white",40
"2018HU0441162",5,5,59305,3,"10_19","f","not.hisp.latino","asian",124
"2018HU0442868",5,3,59303,3,"10_19","m","not.hisp.latino","two.",257
"2018HU0444976",5,5,59303,3,"0_9","m","not.hisp.latino","white",57
"2018HU0445185",5,4,51225,3,"10_19","m","not.hisp.latino","white",28
"2018HU0445260",5,2,51080,3,"10_19","f","hisp.latino","white",21
"2018HU0445665",5,4,51244,3,"10_19","f","hisp.latino","two.",121
"2018HU0449241",5,2,51090,3,"10_19","m","not.hisp.latino","white",74
"2018HU0451201",5,1,1302,3,"30_39","f","not.hisp.latino","white",47
"2018HU0451595",5,5,51125,3,"60_69","f","not.hisp.latino","white",240
"2018HU0452588",5,7,51097,3,"0_9","m","not.hisp.latino","white",182
"2018HU0453999",5,2,51125,3,"50_59","m","not.hisp.latino","white",99
"2018HU0454019",5,2,51097,3,"50_59","m","not.hisp.latino","white",243
"2018HU0455042",5,2,51120,3,"50_59","f","not.hisp.latino","white",80
"2018HU0455470",5,1,51235,3,"40_49","f","not.hisp.latino","white",140
"2018HU0455622",5,1,51244,3,"30_39","f","not.hisp.latino","white",87
"2018HU0455660",5,1,51020,3,"40_49","m","not.hisp.latino","white",185
"2018HU0456353",5,4,51089,3,"10_19","f","not.hisp.latino","white",55
"2018HU0456686",5,3,51120,3,"40_49","f","not.hisp.latino","white",114
"2018HU0456896",5,4,51115,3,"10_19","m","not.hisp.latino","white",51
"2018HU0457721",5,2,59306,3,"0_9","f","not.hisp.latino","two.",223
"2018HU0458096",5,2,51165,3,"0_9","f","not.hisp.latino","white",79
"2018HU0458416",5,2,51165,3,"20_29","f","not.hisp.latino","white",49
"2018HU0458755",5,1,51255,3,"60_69","f","not.hisp.latino","white",100
"2018HU0459217",5,1,51255,3,"40_49","f","not.hisp.latino","white",131
"2018HU0459260",5,2,51215,3,"50_59","m","not.hisp.latino","white",59
"2018HU0461303",5,4,59308,3,"10_19","m","not.hisp.latino","white",61
"2018HU0461833",5,2,51080,3,"30_39","f","not.hisp.latino","white",29
"2018HU0462425",5,3,51206,3,"40_49","f","not.hisp.latino","white",76
"2018HU0463519",5,2,51246,3,"40_49","m","not.hisp.latino","white",82
"2018HU0463549",5,1,51244,3,"50_59","m","not.hisp.latino","white",97
"2018HU0463759",5,3,59307,3,"30_39","f","not.hisp.latino","white",94
"2018HU0464413",5,2,51115,3,"60_69","f","not.hisp.latino","white",38
"2018HU0465546",5,3,59307,3,"0_9","f","not.hisp.latino","white",123
"2018HU0465910",5,1,51084,3,"40_49","m","not.hisp.latino","white",142
"2018HU0469066",5,3,51115,3,"10_19","f","not.hisp.latino","white",17
"2018HU0469471",5,1,51087,3,"50_59","m","not.hisp.latino","white",119
"2018HU0469568",5,4,10701,3,"20_29","f","not.hisp.latino","asian",74
"2018HU0469659",5,2,59308,3,"20_29","m","hisp.latino","two.",20
"2018HU0470562",5,3,51125,3,"0_9","m","not.hisp.latino","white",167
"2018HU0472788",5,2,10702,3,"40_49","f","not.hisp.latino","asian",51
"2018HU0473446",5,3,51186,3,"30_39","m","not.hisp.latino","white",58
"2018HU0473608",5,5,10702,3,"0_9","f","not.hisp.latino","asian",57
"2018HU0475440",5,2,59305,3,"30_39","m","not.hisp.latino","white",114
"2018HU0476177",5,2,55001,3,"50_59","f","not.hisp.latino","white",111
"2018HU0476212",5,2,51115,3,"10_19","m","not.hisp.latino","white",98
"2018HU0476889",5,3,51097,3,"30_39","f","not.hisp.latino","white",88
"2018HU0477174",5,2,51045,3,"40_49","f","not.hisp.latino","white",110
"2018HU0477709",5,4,59304,3,"70_79","m","hisp.latino","white",58
"2018HU0479302",5,3,10701,3,"10_19","m","not.hisp.latino","asian",115
"2018HU0479302",5,4,10701,3,"70_79","f","not.hisp.latino","asian",90
"2018HU0480308",5,6,59301,3,"30_39","f","hisp.latino","white",63
"2018HU0480605",5,2,59301,3,"50_59","f","not.hisp.latino","white",139
"2018HU0480934",5,2,10703,3,"60_69","m","not.hisp.latino","white",56
"2018HU0481004",5,2,51080,3,"60_69","m","not.hisp.latino","white",56
"2018HU0481506",5,4,51154,3,"20_29","m","not.hisp.latino","white",97
"2018HU0481872",5,4,59308,3,"10_19","m","not.hisp.latino","white",48
"2018HU0483291",5,1,51245,3,"50_59","m","not.hisp.latino","white",54
"2018HU0483317",5,1,10703,3,"50_59","f","not.hisp.latino","white",77
"2018HU0484389",5,3,1301,3,"0_9","m","not.hisp.latino","white",77
"2018HU0484933",5,3,51110,3,"10_19","f","not.hisp.latino","white",52
"2018HU0484981",5,2,51010,3,"40_49","f","not.hisp.latino","white",13
"2018HU0486387",5,5,51244,3,"0_9","f","not.hisp.latino","white",163
"2018HU0486666",5,3,51087,3,"0_9","m","not.hisp.latino","white",17
"2018HU0486794",5,2,4101,3,"70_79","f","not.hisp.latino","white",143
"2018HU0487658",5,2,51206,3,"70_79","m","not.hisp.latino","white",126
"2018HU0488452",5,1,51255,3,"70_79","m","not.hisp.latino","white",23
"2018HU0488532",5,1,51165,3,"20_29","f","not.hisp.latino","two.",159
"2018HU0488905",5,1,1302,3,"50_59","f","not.hisp.latino","white",55
"2018HU0489557",5,1,55002,3,"30_39","f","hisp.latino","white",284
"2018HU0489656",5,1,51090,3,"50_59","m","not.hisp.latino","white",151
"2018HU0490963",5,1,51020,3,"80_89","f","not.hisp.latino","white",32
"2018HU0491487",5,1,4101,3,"50_59","m","not.hisp.latino","white",73
"2018HU0492348",5,1,51125,3,"50_59","m","not.hisp.latino","white",37
"2018HU0492842",5,1,51225,3,"30_39","f","not.hisp.latino","white",78
"2018HU0493419",5,3,59304,3,"0_9","m","not.hisp.latino","white",44
"2018HU0494085",5,2,51080,3,"0_9","m","not.hisp.latino","white",100
"2018HU0497008",5,2,51206,3,"70_79","f","not.hisp.latino","white",144
"2018HU0497278",5,1,51040,3,"50_59","f","not.hisp.latino","white",8
"2018HU0497524",5,2,51135,3,"70_79","f","not.hisp.latino","white",172
"2018HU0498847",5,4,59302,3,"0_9","f","not.hisp.latino","white",67
"2018HU0501018",5,1,51087,3,"40_49","m","not.hisp.latino","white",107
"2018HU0501311",5,1,51080,3,"60_69","m","not.hisp.latino","white",40
"2018HU0501584",5,1,10702,3,"50_59","m","not.hisp.latino","white",129
"2018HU0503028",5,5,51010,3,"0_9","m","not.hisp.latino","white",15
"2018HU0504207",5,2,51165,3,"30_39","f","not.hisp.latino","asian",88
"2018HU0504258",5,2,51095,3,"20_29","f","not.hisp.latino","white",176
"2018HU0504636",5,3,59301,3,"30_39","m","not.hisp.latino","white",27
"2018HU0504687",5,1,51040,3,"20_29","f","not.hisp.latino","white",283
"2018HU0505727",5,4,51110,3,"0_9","m","not.hisp.latino","white",25
"2018HU0506089",5,1,51087,3,"50_59","m","not.hisp.latino","white",115
"2018HU0507782",5,3,51096,3,"10_19","m","not.hisp.latino","white",53
"2018HU0508128",5,2,51010,3,"20_29","m","not.hisp.latino","white",184
"2018HU0508787",5,1,51164,3,"70_79","f","not.hisp.latino","white",65
"2018HU0508827",5,2,51115,3,"40_49","f","not.hisp.latino","white",22
"2018HU0509492",5,1,51085,3,"30_39","f","not.hisp.latino","white",649
"2018HU0509569",5,1,51244,3,"30_39","m","not.hisp.latino","asian",70
"2018HU0510477",5,2,59308,3,"60_69","f","not.hisp.latino","white",35
"2018HU0511266",5,2,55002,3,"10_19","m","not.hisp.latino","white",104
"2018HU0511347",5,2,51020,3,"10_19","f","not.hisp.latino","white",25
"2018HU0511496",5,1,51165,3,"60_69","m","not.hisp.latino","white",62
"2018HU0513450",5,2,59301,3,"30_39","f","not.hisp.latino","white",122
"2018HU0514231",5,1,51186,3,"60_69","m","not.hisp.latino","white",43
"2018HU0515610",5,4,51186,3,"40_49","m","not.hisp.latino","white",564
"2018HU0515630",5,4,51087,3,"80_89","m","not.hisp.latino","white",74
"2018HU0516424",5,3,51010,3,"10_19","f","not.hisp.latino","white",144
"2018HU0518950",5,4,51085,3,"10_19","f","not.hisp.latino","white",85
"2018HU0520447",5,1,51105,3,"50_59","f","not.hisp.latino","white",14
"2018HU0521532",5,3,51206,3,"0_9","f","not.hisp.latino","white",27
"2018HU0521677",5,2,51045,3,"70_79","f","not.hisp.latino","white",333
"2018HU0522599",5,2,51085,3,"70_79","m","not.hisp.latino","white",249
"2018HU0522637",5,1,59307,3,"20_29","f","not.hisp.latino","white",74
"2018HU0522819",5,1,51255,3,"50_59","f","not.hisp.latino","white",48
"2018HU0525173",5,1,51215,3,"50_59","f","not.hisp.latino","white",21
"2018HU0525173",5,3,51215,3,"20_29","f","not.hisp.latino","white",22
"2018HU0525733",5,1,51089,3,"70_79","f","not.hisp.latino","white",119
"2018HU0527088",5,3,51087,3,"0_9","f","hisp.latino","white",236
"2018HU0529001",5,1,4103,3,"50_59","m","not.hisp.latino","white",105
"2018HU0529307",5,1,59306,3,"30_39","m","not.hisp.latino","white",41
"2018HU0529387",5,2,51040,3,"60_69","m","not.hisp.latino","white",62
"2018HU0530933",5,2,51040,3,"20_29","m","not.hisp.latino","white",259
"2018HU0531153",5,1,51115,3,"50_59","m","not.hisp.latino","white",22
"2018HU0531953",5,2,51245,3,"50_59","m","not.hisp.latino","white",109
"2018HU0532203",5,3,51090,3,"10_19","m","not.hisp.latino","white",122
"2018HU0533163",5,3,59307,3,"0_9","f","not.hisp.latino","asian",19
"2018HU0533645",5,2,4103,3,"20_29","f","not.hisp.latino","white",144
"2018HU0534292",5,3,10701,3,"0_9","f","not.hisp.latino","white",114
"2018HU0534434",5,3,51020,3,"20_29","f","not.hisp.latino","white",93
"2018HU0534836",5,1,51045,3,"60_69","f","not.hisp.latino","white",109
"2018HU0535467",5,2,51245,3,"50_59","f","not.hisp.latino","white",54
"2018HU0536013",5,3,51164,3,"10_19","f","not.hisp.latino","white",33
"2018HU0539481",5,1,51096,3,"70_79","f","not.hisp.latino","white",12
"2018HU0539913",5,4,51095,3,"10_19","m","not.hisp.latino","white",164
"2018HU0543838",5,1,51167,3,"50_59","m","not.hisp.latino","white",118
"2018HU0543961",5,4,51089,3,"10_19","f","not.hisp.latino","white",361
"2018HU0544126",5,3,51245,3,"30_39","m","not.hisp.latino","white",80
"2018HU0546345",5,2,51040,3,"10_19","m","not.hisp.latino","asian",33
"2018HU0546916",5,1,59301,3,"50_59","m","not.hisp.latino","white",13
"2018HU0547026",5,2,51206,3,"40_49","m","not.hisp.latino","white",164
"2018HU0547044",5,1,51087,3,"50_59","m","not.hisp.latino","white",80
"2018HU0547199",5,1,51245,3,"50_59","m","not.hisp.latino","asian",38
"2018HU0547199",5,2,51245,3,"50_59","f","not.hisp.latino","asian",57
"2018HU0548489",5,8,51215,3,"0_9","f","not.hisp.latino","white",184
"2018HU0550184",5,1,51097,3,"70_79","f","not.hisp.latino","white",145
"2018HU0551273",5,2,51045,3,"40_49","m","not.hisp.latino","white",10
"2018HU0551721",5,2,51155,3,"40_49","f","not.hisp.latino","white",157
"2018HU0552506",5,2,51089,3,"40_49","f","not.hisp.latino","white",119
"2018HU0553006",5,1,51010,3,"50_59","m","not.hisp.latino","white",45
"2018HU0553400",5,1,1301,3,"50_59","m","not.hisp.latino","white",62
"2018HU0556533",5,4,51110,3,"10_19","m","not.hisp.latino","white",111
"2018HU0560551",5,1,51115,3,"50_59","m","not.hisp.latino","white",20
"2018HU0560704",5,3,51095,3,"20_29","f","not.hisp.latino","white",72
"2018HU0561082",5,2,51105,3,"70_79","m","not.hisp.latino","white",81
"2018HU0562448",5,4,59307,3,"10_19","m","hisp.latino","white",65
"2018HU0563508",5,4,51084,3,"0_9","m","not.hisp.latino","white",123
"2018HU0564147",5,1,59302,3,"80_89","f","not.hisp.latino","white",16
"2018HU0564280",5,2,51215,3,"70_79","m","not.hisp.latino","white",24
"2018HU0565770",5,2,10702,3,"30_39","f","not.hisp.latino","white",67
"2018HU0565801",5,4,51097,3,"20_29","f","not.hisp.latino","white",225
"2018HU0565996",5,1,51135,3,"30_39","m","not.hisp.latino","asian",64
"2018HU0566417",5,1,51090,3,"50_59","m","not.hisp.latino","two.",54
"2018HU0567107",5,3,51164,3,"0_9","f","not.hisp.latino","white",55
"2018HU0568049",5,1,51246,3,"50_59","f","not.hisp.latino","white",71
"2018HU0568099",5,2,1301,3,"20_29","f","not.hisp.latino","white",27
"2018HU0569830",5,2,59302,3,"30_39","f","not.hisp.latino","white",78
"2018HU0570619",5,2,59308,3,"40_49","f","not.hisp.latino","white",19
"2018HU0570619",5,3,59308,3,"10_19","f","not.hisp.latino","white",24
"2018HU0571487",5,4,51125,3,"10_19","m","not.hisp.latino","white",97
"2018HU0572165",5,4,51125,3,"10_19","m","not.hisp.latino","white",259
"2018HU0572615",5,2,51186,3,"50_59","m","not.hisp.latino","white",128
"2018HU0572845",5,2,51087,3,"50_59","m","not.hisp.latino","white",40
"2018HU0573463",5,1,1302,3,"50_59","f","not.hisp.latino","white",18
"2018HU0574072",5,1,51175,3,"50_59","m","not.hisp.latino","white",105
"2018HU0575038",5,1,51087,3,"70_79","m","not.hisp.latino","white",56
"2018HU0575313",5,1,51020,3,"70_79","f","not.hisp.latino","white",92
"2018HU0575662",5,3,59309,3,"10_19","m","not.hisp.latino","asian",104
"2018HU0575842",5,2,51206,3,"20_29","m","hisp.latino","white",39
"2018HU0575842",5,3,51206,3,"0_9","m","hisp.latino","white",29
"2018HU0577382",5,2,51010,3,"10_19","m","not.hisp.latino","white",59
"2018HU0578504",5,2,59305,3,"10_19","m","not.hisp.latino","white",73
"2018HU0578821",5,4,51244,3,"0_9","f","not.hisp.latino","asian",116
"2018HU0579257",5,2,59307,3,"40_49","f","not.hisp.latino","white",188
"2018HU0579287",5,1,1302,3,"40_49","f","not.hisp.latino","white",37
"2018HU0580676",5,3,51020,3,"10_19","f","not.hisp.latino","white",57
"2018HU0581024",5,1,51154,3,"30_39","f","not.hisp.latino","white",10
"2018HU0583497",5,5,51020,3,"30_39","m","not.hisp.latino","white",41
"2018HU0583936",5,1,51095,3,"70_79","f","not.hisp.latino","white",57
"2018HU0584342",5,2,51215,3,"60_69","m","not.hisp.latino","white",102
"2018HU0585182",5,2,51206,3,"40_49","f","not.hisp.latino","white",234
"2018HU0585201",5,3,59307,3,"10_19","f","not.hisp.latino","white",323
"2018HU0587268",5,2,59306,3,"20_29","f","not.hisp.latino","asian",34
"2018HU0587373",5,2,51165,3,"40_49","f","not.hisp.latino","white",67
"2018HU0588465",5,2,51020,3,"50_59","m","not.hisp.latino","white",74
"2018HU0589132",5,1,51085,3,"50_59","m","not.hisp.latino","white",49
"2018HU0589394",5,5,59303,3,"0_9","f","not.hisp.latino","white",98
"2018HU0591320",5,1,51110,3,"70_79","f","not.hisp.latino","white",119
"2018HU0592038",5,2,51120,3,"60_69","f","not.hisp.latino","white",145
"2018HU0592392",5,1,51089,3,"60_69","f","not.hisp.latino","white",20
"2018HU0592467",5,1,51246,3,"50_59","f","not.hisp.latino","white",26
"2018HU0592851",5,2,51020,3,"60_69","f","not.hisp.latino","white",171
"2018HU0593613",5,1,51089,3,"40_49","m","not.hisp.latino","white",206
"2018HU0593911",5,2,51044,3,"40_49","f","not.hisp.latino","white",157
"2018HU0595192",5,1,51154,3,"70_79","f","not.hisp.latino","white",72
"2018HU0597146",5,1,51040,3,"70_79","m","not.hisp.latino","white",11
"2018HU0597386",5,2,51244,3,"30_39","f","not.hisp.latino","asian",60
"2018HU0599512",5,3,1302,3,"30_39","m","hisp.latino","white",323
"2018HU0599870",5,2,1302,3,"60_69","m","not.hisp.latino","white",18
"2018HU0602535",5,4,51110,3,"0_9","f","not.hisp.latino","white",72
"2018HU0603259",5,1,51090,3,"40_49","f","not.hisp.latino","white",210
"2018HU0604497",5,2,4102,3,"20_29","m","not.hisp.latino","white",181
"2018HU0604673",5,1,51087,3,"40_49","f","not.hisp.latino","white",122
"2018HU0605551",5,4,59305,3,"0_9","m","not.hisp.latino","white",35
"2018HU0605579",5,3,51045,3,"0_9","m","not.hisp.latino","white",49
"2018HU0605921",5,2,51089,3,"20_29","f","not.hisp.latino","white",58
"2018HU0606878",5,5,51087,3,"0_9","f","not.hisp.latino","white",70
"2018HU0607729",5,1,51096,3,"30_39","f","not.hisp.latino","white",161
"2018HU0608263",5,2,59305,3,"20_29","f","not.hisp.latino","white",220
"2018HU0608321",5,3,10703,3,"10_19","m","not.hisp.latino","white",121
"2018HU0608431",5,2,51044,3,"40_49","m","not.hisp.latino","white",110
"2018HU0608751",5,2,51080,3,"20_29","m","not.hisp.latino","white",62
"2018HU0609331",5,2,51097,3,"10_19","m","not.hisp.latino","two.",78
"2018HU0610235",5,2,51105,3,"50_59","f","not.hisp.latino","white",181
"2018HU0611450",5,2,51165,3,"50_59","f","not.hisp.latino","white",56
"2018HU0611768",5,2,51154,3,"10_19","m","not.hisp.latino","white",38
"2018HU0613022",5,2,51095,3,"50_59","m","not.hisp.latino","white",8
"2018HU0613404",5,1,51085,3,"70_79","f","not.hisp.latino","white",42
"2018HU0613956",5,2,51096,3,"60_69","f","not.hisp.latino","white",32
"2018HU0614660",5,2,51164,3,"70_79","m","not.hisp.latino","white",79
"2018HU0616566",5,3,51145,3,"40_49","f","not.hisp.latino","white",23
"2018HU0616994",5,1,51235,3,"30_39","m","not.hisp.latino","white",258
"2018HU0617540",5,1,51167,3,"30_39","f","not.hisp.latino","white",121
"2018HU0617900",5,2,51044,3,"60_69","m","not.hisp.latino","white",28
"2018HU0617938",5,3,51087,3,"10_19","m","not.hisp.latino","white",59
"2018HU0618112",5,1,51244,3,"70_79","m","not.hisp.latino","white",135
"2018HU0618329",5,1,51224,3,"40_49","m","not.hisp.latino","white",81
"2018HU0618464",5,2,51255,3,"40_49","f","not.hisp.latino","white",207
"2018HU0620257",5,2,51125,3,"50_59","f","not.hisp.latino","white",33
"2018HU0620760",5,1,51215,3,"60_69","f","not.hisp.latino","white",166
"2018HU0620841",5,1,51125,3,"40_49","f","not.hisp.latino","white",181
"2018HU0621425",5,4,59305,3,"10_19","m","not.hisp.latino","white",39
"2018HU0622210",5,2,51045,3,"40_49","m","not.hisp.latino","white",110
"2018HU0623842",5,4,51087,3,"0_9","m","hisp.latino","two.",183
"2018HU0624984",5,2,51120,3,"50_59","f","not.hisp.latino","white",30
"2018HU0625406",5,1,51115,3,"70_79","m","not.hisp.latino","white",185
"2018HU0625856",5,3,51090,3,"10_19","m","not.hisp.latino","white",57
"2018HU0626439",5,1,51096,3,"40_49","m","not.hisp.latino","white",56
"2018HU0626515",5,4,51244,3,"0_9","f","not.hisp.latino","white",122
"2018HU0626844",5,5,51010,3,"0_9","f","not.hisp.latino","white",16
"2018HU0627808",5,2,51089,3,"30_39","f","not.hisp.latino","white",179
"2018HU0628489",5,2,51120,3,"20_29","f","not.hisp.latino","white",168
"2018HU0629572",5,2,51155,3,"0_9","m","not.hisp.latino","white",111
"2018HU0629864",5,1,51045,3,"30_39","f","not.hisp.latino","white",126
"2018HU0630589",5,3,59308,3,"10_19","m","not.hisp.latino","asian",81
"2018HU0631261",5,2,51010,3,"40_49","f","not.hisp.latino","white",88
"2018HU0633223",5,3,59308,3,"10_19","m","not.hisp.latino","asian",65
"2018HU0635183",5,2,51110,3,"10_19","f","not.hisp.latino","white",118
"2018HU0635703",5,2,51045,3,"50_59","m","not.hisp.latino","white",6
"2018HU0635900",5,3,55002,3,"10_19","f","not.hisp.latino","white",26
"2018HU0637974",5,3,51155,3,"40_49","m","not.hisp.latino","white",324
"2018HU0638268",5,3,59306,3,"10_19","f","not.hisp.latino","white",20
"2018HU0638561",5,5,59306,3,"10_19","m","not.hisp.latino","asian",78
"2018HU0639675",5,1,51206,3,"70_79","m","not.hisp.latino","white",12
"2018HU0639705",5,3,51145,3,"0_9","f","not.hisp.latino","white",82
"2018HU0639857",5,3,59307,3,"0_9","f","not.hisp.latino","white",84
"2018HU0640262",5,3,51020,3,"10_19","f","not.hisp.latino","white",451
"2018HU0640491",5,1,51110,3,"60_69","m","not.hisp.latino","white",49
"2018HU0640533",5,1,51255,3,"60_69","f","not.hisp.latino","white",12
"2018HU0640655",5,1,55001,3,"70_79","f","not.hisp.latino","white",53
"2018HU0641534",5,2,59306,3,"60_69","m","not.hisp.latino","white",22
"2018HU0642217",5,1,51105,3,"80_89","f","not.hisp.latino","white",174
"2018HU0642879",5,1,10703,3,"60_69","m","not.hisp.latino","white",21
"2018HU0644894",5,2,51010,3,"60_69","f","not.hisp.latino","white",210
"2018HU0644963",5,1,51235,3,"60_69","f","not.hisp.latino","white",34
"2018HU0648370",5,3,51097,3,"0_9","m","not.hisp.latino","white",230
"2018HU0648932",5,1,59302,3,"60_69","f","not.hisp.latino","white",62
"2018HU0651534",5,4,51095,3,"0_9","m","not.hisp.latino","white",150
"2018HU0651769",5,2,51225,3,"40_49","m","not.hisp.latino","white",104
"2018HU0652197",5,3,51155,3,"10_19","f","not.hisp.latino","white",51
"2018HU0652851",5,2,51246,3,"40_49","f","hisp.latino","white",81
"2018HU0653706",5,1,51010,3,"60_69","m","not.hisp.latino","white",16
"2018HU0653883",5,1,10702,3,"40_49","f","not.hisp.latino","white",101
"2018HU0654070",5,2,51125,3,"30_39","f","not.hisp.latino","white",57
"2018HU0654266",5,1,51096,3,"40_49","f","not.hisp.latino","white",126
"2018HU0659000",5,2,51090,3,"40_49","f","not.hisp.latino","white",101
"2018HU0661714",5,1,51154,3,"50_59","f","not.hisp.latino","white",66
"2018HU0662419",5,3,59307,3,"0_9","m","not.hisp.latino","white",31
"2018HU0662491",5,2,51235,3,"50_59","f","not.hisp.latino","asian",106
"2018HU0664111",5,2,51105,3,"0_9","m","not.hisp.latino","white",27
"2018HU0665158",5,2,51125,3,"70_79","f","not.hisp.latino","white",86
"2018HU0666199",5,1,51089,3,"70_79","f","not.hisp.latino","white",98
"2018HU0668408",5,7,59307,3,"40_49","f","hisp.latino","white",98
"2018HU0669531",5,4,10703,3,"10_19","f","not.hisp.latino","white",49
"2018HU0670030",5,3,59307,3,"20_29","f","not.hisp.latino","white",97
"2018HU0671630",5,1,59307,3,"40_49","m","not.hisp.latino","white",175
"2018HU0671923",5,1,59302,3,"40_49","f","not.hisp.latino","asian",25
"2018HU0673396",5,2,51020,3,"60_69","f","not.hisp.latino","white",18
"2018HU0673396",5,3,51020,3,"30_39","f","not.hisp.latino","white",21
"2018HU0674606",5,1,51085,3,"40_49","f","not.hisp.latino","white",97
"2018HU0674701",5,1,51045,3,"50_59","m","not.hisp.latino","white",99
"2018HU0676151",5,1,51165,3,"60_69","m","not.hisp.latino","white",93
"2018HU0678816",5,3,51246,3,"10_19","f","not.hisp.latino","white",56
"2018HU0679797",5,3,4101,3,"10_19","m","not.hisp.latino","white",116
"2018HU0680525",5,3,51045,3,"10_19","m","not.hisp.latino","white",346
"2018HU0682813",5,1,51235,3,"30_39","m","not.hisp.latino","white",34
"2018HU0683328",5,2,51120,3,"70_79","m","not.hisp.latino","white",168
"2018HU0683427",5,6,4102,3,"0_9","m","not.hisp.latino","two.",468
"2018HU0685463",5,2,59304,3,"50_59","f","not.hisp.latino","white",30
"2018HU0686875",5,1,10702,3,"70_79","m","not.hisp.latino","white",167
"2018HU0687634",5,3,51115,3,"30_39","m","not.hisp.latino","white",143
"2018HU0688110",5,3,51155,3,"20_29","m","not.hisp.latino","white",166
"2018HU0688443",5,2,59309,3,"10_19","m","not.hisp.latino","two.",292
"2018HU0689084",5,2,51186,3,"50_59","f","not.hisp.latino","white",94
"2018HU0689899",5,1,51085,3,"70_79","m","not.hisp.latino","white",95
"2018HU0690480",5,3,59304,3,"0_9","m","hisp.latino","white",177
"2018HU0691232",5,1,59305,3,"60_69","m","hisp.latino","white",257
"2018HU0691332",5,1,51120,3,"50_59","f","not.hisp.latino","white",90
"2018HU0691837",5,1,51096,3,"50_59","f","not.hisp.latino","two.",101
"2018HU0694120",5,3,51255,3,"0_9","m","hisp.latino","white",339
"2018HU0694466",5,5,51096,3,"0_9","m","not.hisp.latino","white",187
"2018HU0694712",5,4,10703,3,"70_79","f","not.hisp.latino","asian",350
"2018HU0696022",5,1,51084,3,"60_69","f","not.hisp.latino","white",42
"2018HU0696028",5,4,51084,3,"10_19","m","not.hisp.latino","white",33
"2018HU0696551",5,1,51125,3,"40_49","m","not.hisp.latino","white",36
"2018HU0696725",5,1,51175,3,"30_39","m","not.hisp.latino","asian",16
"2018HU0696971",5,1,51080,3,"70_79","f","not.hisp.latino","white",85
"2018HU0699650",5,1,51097,3,"70_79","f","not.hisp.latino","white",128
"2018HU0703800",5,2,59303,3,"40_49","f","not.hisp.latino","white",36
"2018HU0705083",5,1,51020,3,"40_49","f","not.hisp.latino","white",122
"2018HU0705337",5,1,51097,3,"30_39","f","not.hisp.latino","white",28
"2018HU0705699",5,2,51040,3,"40_49","m","not.hisp.latino","white",89
"2018HU0705943",5,2,51235,3,"20_29","f","not.hisp.latino","white",707
"2018HU0708331",5,1,51154,3,"40_49","f","not.hisp.latino","asian",23
"2018HU0711136",5,1,51215,3,"70_79","m","not.hisp.latino","white",8
"2018HU0711295",5,2,51186,3,"50_59","f","not.hisp.latino","white",46
"2018HU0711946",5,2,10702,3,"40_49","m","not.hisp.latino","white",130
"2018HU0711993",5,2,59301,3,"60_69","f","not.hisp.latino","white",99
"2018HU0712169",5,4,51080,3,"10_19","f","not.hisp.latino","white",164
"2018HU0713897",5,1,59307,3,"30_39","m","not.hisp.latino","asian",60
"2018HU0714608",5,2,59302,3,"50_59","m","not.hisp.latino","white",25
"2018HU0716013",5,5,51164,3,"50_59","f","not.hisp.latino","white",28
"2018HU0716930",5,1,10703,3,"60_69","m","not.hisp.latino","white",94
"2018HU0719586",5,4,59303,3,"10_19","f","not.hisp.latino","white",36
"2018HU0721005",5,1,51154,3,"50_59","f","hisp.latino","white",265
"2018HU0723016",5,2,51225,3,"80_89","f","not.hisp.latino","white",16
"2018HU0723292",5,1,51167,3,"50_59","m","not.hisp.latino","white",15
"2018HU0723660",5,1,51090,3,"70_79","f","not.hisp.latino","white",79
"2018HU0723884",5,1,51235,3,"60_69","m","not.hisp.latino","white",72
"2018HU0723890",5,1,51044,3,"20_29","f","not.hisp.latino","white",7
"2018HU0724433",5,1,51135,3,"50_59","m","not.hisp.latino","white",172
"2018HU0724643",5,3,51045,3,"0_9","f","not.hisp.latino","white",32
"2018HU0724643",5,4,51045,3,"0_9","m","not.hisp.latino","white",35
"2018HU0725911",5,1,51235,3,"30_39","m","not.hisp.latino","white",84
"2018HU0727363",5,2,51110,3,"60_69","f","not.hisp.latino","white",40
"2018HU0727393",5,3,4103,3,"0_9","m","not.hisp.latino","white",85
"2018HU0727534",5,3,51110,3,"0_9","m","not.hisp.latino","white",120
"2018HU0728830",5,1,55002,3,"60_69","f","not.hisp.latino","white",110
"2018HU0730071",5,2,51154,3,"40_49","m","not.hisp.latino","white",89
"2018HU0730089",5,1,51105,3,"40_49","m","not.hisp.latino","white",6
"2018HU0730140",5,3,51244,3,"10_19","f","hisp.latino","white",173
"2018HU0731688",5,1,51175,3,"60_69","m","not.hisp.latino","white",69
"2018HU0731992",5,4,4103,3,"0_9","f","not.hisp.latino","white",172
"2018HU0732758",5,4,10702,3,"0_9","m","not.hisp.latino","asian",28
"2018HU0733753",5,2,51125,3,"50_59","f","not.hisp.latino","white",269
"2018HU0734661",5,4,59305,3,"0_9","f","not.hisp.latino","asian",36
"2018HU0738201",5,2,51167,3,"30_39","m","not.hisp.latino","white",18
"2018HU0739641",5,3,51206,3,"0_9","f","not.hisp.latino","white",259
"2018HU0741176",5,2,51010,3,"20_29","f","not.hisp.latino","white",39
"2018HU0745415",5,2,51215,3,"0_9","m","not.hisp.latino","white",58
"2018HU0745965",5,3,51097,3,"10_19","f","not.hisp.latino","white",46
"2018HU0746526",5,3,51087,3,"10_19","m","not.hisp.latino","white",45
"2018HU0747240",5,1,51097,3,"10_19","f","not.hisp.latino","white",10
"2018HU0749253",5,1,51235,3,"40_49","f","not.hisp.latino","two.",58
"2018HU0752397",5,1,59303,3,"70_79","m","not.hisp.latino","white",108
"2018HU0753389",5,1,51215,3,"50_59","m","not.hisp.latino","white",61
"2018HU0753389",5,2,51215,3,"10_19","f","not.hisp.latino","white",68
"2018HU0753462",5,4,1302,3,"0_9","m","not.hisp.latino","white",107
"2018HU0755011",5,5,51110,3,"20_29","m","not.hisp.latino","white",127
"2018HU0755241",5,2,59309,3,"10_19","m","not.hisp.latino","white",83
"2018HU0755317",5,1,51120,3,"60_69","m","not.hisp.latino","white",16
"2018HU0755317",5,4,51120,3,"0_9","f","not.hisp.latino","white",17
"2018HU0755486",5,2,59302,3,"50_59","f","not.hisp.latino","asian",138
"2018HU0755953",5,2,51085,3,"50_59","f","not.hisp.latino","white",58
"2018HU0756630",5,2,51186,3,"60_69","f","not.hisp.latino","white",150
"2018HU0757229",5,5,51246,3,"0_9","f","not.hisp.latino","white",102
"2018HU0758884",5,5,51084,3,"0_9","m","not.hisp.latino","white",79
"2018HU0759687",5,3,51164,3,"10_19","m","not.hisp.latino","white",26
"2018HU0760024",5,4,51167,3,"0_9","f","not.hisp.latino","white",12
"2018HU0760083",5,1,51120,3,"60_69","m","not.hisp.latino","white",24
"2018HU0760377",5,3,51089,3,"30_39","m","not.hisp.latino","white",290
"2018HU0760451",5,1,51246,3,"70_79","m","not.hisp.latino","white",66
"2018HU0760734",5,2,10702,3,"50_59","m","not.hisp.latino","white",106
"2018HU0760941",5,1,59307,3,"70_79","m","not.hisp.latino","white",39
"2018HU0762439",5,1,51255,3,"40_49","f","not.hisp.latino","white",21
"2018HU0762607",5,1,10703,3,"50_59","f","not.hisp.latino","white",51
"2018HU0763231",5,1,4101,3,"80_89","m","not.hisp.latino","white",108
"2018HU0764129",5,3,51235,3,"0_9","f","not.hisp.latino","white",117
"2018HU0764272",5,1,51164,3,"40_49","m","not.hisp.latino","white",296
"2018HU0765283",5,2,51040,3,"80_89","f","hisp.latino","white",47
"2018HU0772020",5,4,51215,3,"10_19","f","not.hisp.latino","white",105
"2018HU0772118",5,1,51165,3,"50_59","m","not.hisp.latino","white",55
"2018HU0772356",5,4,51175,3,"10_19","m","not.hisp.latino","white",62
"2018HU0772381",5,4,51120,3,"0_9","m","not.hisp.latino","white",11
"2018HU0772856",5,4,51087,3,"0_9","m","not.hisp.latino","white",16
"2018HU0773064",5,3,1302,3,"20_29","f","not.hisp.latino","white",61
"2018HU0773433",5,2,51206,3,"50_59","f","not.hisp.latino","white",76
"2018HU0774085",5,3,51215,3,"0_9","m","not.hisp.latino","white",69
"2018HU0775146",5,1,1301,3,"50_59","m","not.hisp.latino","white",112
"2018HU0776450",5,1,51010,3,"50_59","f","not.hisp.latino","white",23
"2018HU0777057",5,1,51080,3,"40_49","f","not.hisp.latino","white",14
"2018HU0777257",5,2,59309,3,"50_59","m","not.hisp.latino","white",101
"2018HU0777401",5,1,51085,3,"50_59","f","not.hisp.latino","white",67
"2018HU0777862",5,1,51255,3,"60_69","f","not.hisp.latino","white",164
"2018HU0778294",5,3,51020,3,"0_9","m","not.hisp.latino","white",68
"2018HU0779036",5,3,10702,3,"20_29","m","hisp.latino","two.",100
"2018HU0780321",5,1,51206,3,"50_59","m","not.hisp.latino","white",51
"2018HU0781799",5,2,51085,3,"50_59","m","not.hisp.latino","white",12
"2018HU0783053",5,1,51145,3,"70_79","f","not.hisp.latino","white",105
"2018HU0784346",5,2,51095,3,"60_69","f","not.hisp.latino","white",94
"2018HU0785208",5,1,51186,3,"40_49","m","not.hisp.latino","white",221
"2018HU0785547",5,2,51206,3,"40_49","f","not.hisp.latino","white",36
"2018HU0786139",5,1,51186,3,"40_49","f","not.hisp.latino","white",74
"2018HU0786184",5,2,51246,3,"50_59","f","hisp.latino","white",27
"2018HU0786930",5,2,51120,3,"60_69","f","not.hisp.latino","white",44
"2018HU0787379",5,2,51110,3,"30_39","m","not.hisp.latino","white",33
"2018HU0787379",5,3,51110,3,"10_19","m","not.hisp.latino","white",25
"2018HU0787482",5,1,51040,3,"30_39","f","not.hisp.latino","white",22
"2018HU0787719",5,1,4103,3,"30_39","m","not.hisp.latino","white",135
"2018HU0788164",5,3,51125,3,"0_9","f","not.hisp.latino","white",69
"2018HU0793019",5,2,59302,3,"10_19","m","not.hisp.latino","two.",19
"2018HU0794199",5,2,51096,3,"30_39","f","not.hisp.latino","white",59
"2018HU0794272",5,3,4102,3,"0_9","f","not.hisp.latino","white",48
"2018HU0794378",5,2,51120,3,"60_69","f","not.hisp.latino","white",57
"2018HU0794385",5,4,10702,3,"10_19","m","not.hisp.latino","asian",120
"2018HU0796699",5,1,51145,3,"70_79","m","not.hisp.latino","white",30
"2018HU0796717",5,2,51105,3,"70_79","f","not.hisp.latino","white",133
"2018HU0796759",5,1,10701,3,"70_79","m","not.hisp.latino","asian",20
"2018HU0796996",5,1,59305,3,"40_49","m","not.hisp.latino","white",115
"2018HU0798711",5,2,55001,3,"70_79","f","not.hisp.latino","white",60
"2018HU0798902",5,1,4101,3,"70_79","m","not.hisp.latino","white",36
"2018HU0799125",5,4,51155,3,"10_19","f","not.hisp.latino","white",40
"2018HU0799456",5,1,10701,3,"50_59","m","not.hisp.latino","asian",96
"2018HU0799693",5,4,51095,3,"0_9","f","not.hisp.latino","white",176
"2018HU0803085",5,1,51010,3,"50_59","f","not.hisp.latino","white",122
"2018HU0804467",5,3,59305,3,"10_19","m","not.hisp.latino","asian",294
"2018HU0805586",5,3,51135,3,"10_19","f","not.hisp.latino","white",28
"2018HU0806194",5,3,59309,3,"50_59","m","not.hisp.latino","white",91
"2018HU0806698",5,3,1302,3,"10_19","m","hisp.latino","white",34
"2018HU0808212",5,1,59308,3,"40_49","m","not.hisp.latino","white",51
"2018HU0808907",5,2,51125,3,"0_9","f","not.hisp.latino","white",75
"2018HU0810233",5,1,51255,3,"40_49","f","not.hisp.latino","white",157
"2018HU0810473",5,1,51246,3,"30_39","f","not.hisp.latino","asian",120
"2018HU0812897",5,2,51084,3,"70_79","m","hisp.latino","white",9
"2018HU0813085",5,1,59308,3,"20_29","m","not.hisp.latino","white",121
"2018HU0816177",5,3,51085,3,"10_19","f","not.hisp.latino","white",8
"2018HU0816508",5,1,51215,3,"60_69","f","not.hisp.latino","white",209
"2018HU0818110",5,4,51090,3,"0_9","m","not.hisp.latino","white",239
"2018HU0818573",5,1,51020,3,"40_49","m","not.hisp.latino","white",66
"2018HU0819892",5,4,51135,3,"10_19","m","not.hisp.latino","white",353
"2018HU0820957",5,5,59305,3,"0_9","m","hisp.latino","white",109
"2018HU0821097",5,1,59305,3,"40_49","m","not.hisp.latino","white",45
"2018HU0821779",5,1,51145,3,"50_59","m","not.hisp.latino","white",73
"2018HU0822457",5,3,51154,3,"10_19","m","not.hisp.latino","two.",273
"2018HU0824867",5,2,51089,3,"40_49","f","not.hisp.latino","white",15
"2018HU0826088",5,3,51245,3,"10_19","f","not.hisp.latino","white",56
"2018HU0826995",5,2,51105,3,"30_39","f","not.hisp.latino","white",66
"2018HU0827061",5,1,51155,3,"30_39","m","not.hisp.latino","white",22
"2018HU0829324",5,1,1301,3,"40_49","m","not.hisp.latino","white",58
"2018HU0830211",5,2,51145,3,"70_79","f","not.hisp.latino","white",21
"2018HU0830260",5,5,59306,3,"0_9","f","not.hisp.latino","white",132
"2018HU0832459",5,4,51085,3,"20_29","m","not.hisp.latino","white",371
"2018HU0834036",5,1,1301,3,"50_59","f","not.hisp.latino","white",101
"2018HU0834084",5,2,51246,3,"40_49","f","not.hisp.latino","two.",183
"2018HU0834534",5,1,51135,3,"30_39","f","not.hisp.latino","white",41
"2018HU0836712",5,1,51045,3,"70_79","m","not.hisp.latino","white",229
"2018HU0837298",5,2,51255,3,"0_9","m","not.hisp.latino","white",110
"2018HU0839709",5,2,51084,3,"30_39","f","not.hisp.latino","white",66
"2018HU0843560",5,1,51085,3,"60_69","m","not.hisp.latino","white",52
"2018HU0844068",5,1,51215,3,"50_59","m","not.hisp.latino","white",35
"2018HU0844106",5,5,51105,3,"0_9","f","not.hisp.latino","white",156
"2018HU0844271",5,3,51255,3,"10_19","m","not.hisp.latino","white",13
"2018HU0845863",5,3,51120,3,"10_19","f","not.hisp.latino","white",94
"2018HU0846343",5,2,51089,3,"10_19","f","not.hisp.latino","white",174
"2018HU0847078",5,1,51145,3,"50_59","f","not.hisp.latino","white",117
"2018HU0847464",5,1,51085,3,"70_79","m","not.hisp.latino","white",163
"2018HU0848401",5,1,55002,3,"30_39","f","not.hisp.latino","white",208
"2018HU0848518",5,3,51045,3,"10_19","m","not.hisp.latino","white",34
"2018HU0851593",5,3,10701,3,"0_9","m","not.hisp.latino","white",88
"2018HU0855046",5,3,55002,3,"30_39","m","not.hisp.latino","white",67
"2018HU0855046",5,4,55002,3,"0_9","f","not.hisp.latino","white",42
"2018HU0855557",5,1,51155,3,"80_89","m","not.hisp.latino","white",88
"2018HU0856234",5,2,51105,3,"40_49","f","not.hisp.latino","white",25
"2018HU0858373",5,3,51246,3,"10_19","m","not.hisp.latino","white",136
"2018HU0858894",5,1,51084,3,"40_49","f","not.hisp.latino","white",66
"2018HU0860603",5,2,59307,3,"30_39","f","not.hisp.latino","white",19
"2018HU0861003",5,2,51040,3,"10_19","f","not.hisp.latino","white",129
"2018HU0861406",5,3,51020,3,"10_19","f","not.hisp.latino","white",6
"2018HU0861522",5,4,51154,3,"0_9","f","not.hisp.latino","white",25
"2018HU0862591",5,4,51244,3,"0_9","f","hisp.latino","white",67
"2018HU0864670",5,4,51087,3,"0_9","m","not.hisp.latino","white",13
"2018HU0865254",5,3,51087,3,"10_19","m","not.hisp.latino","white",44
"2018HU0866690",5,1,51090,3,"60_69","m","not.hisp.latino","white",69
"2018HU0867347",5,2,51044,3,"70_79","m","not.hisp.latino","white",209
"2018HU0867430",5,1,51135,3,"40_49","f","hisp.latino","white",174
"2018HU0867926",5,2,4101,3,"50_59","f","not.hisp.latino","white",46
"2018HU0867946",5,1,51155,3,"70_79","m","not.hisp.latino","white",43
"2018HU0868396",5,2,59303,3,"70_79","f","not.hisp.latino","white",18
"2018HU0868440",5,2,51255,3,"30_39","f","not.hisp.latino","white",67
"2018HU0868830",5,2,59303,3,"10_19","m","hisp.latino","white",49
"2018HU0869026",5,3,55002,3,"10_19","m","not.hisp.latino","white",50
"2018HU0869104",5,1,1301,3,"50_59","m","not.hisp.latino","asian",14
"2018HU0869500",5,1,4103,3,"70_79","m","not.hisp.latino","white",215
"2018HU0869659",5,2,10701,3,"40_49","f","hisp.latino","white",101
"2018HU0870173",5,1,51155,3,"70_79","m","not.hisp.latino","white",51
"2018HU0870330",5,2,51246,3,"10_19","f","hisp.latino","white",59
"2018HU0871756",5,2,51096,3,"40_49","m","not.hisp.latino","white",8
"2018HU0871805",5,2,59303,3,"40_49","f","hisp.latino","white",67
"2018HU0873184",5,1,10702,3,"80_89","f","not.hisp.latino","white",126
"2018HU0873906",5,1,59304,3,"40_49","m","not.hisp.latino","two.",270
"2018HU0874931",5,1,10703,3,"60_69","m","not.hisp.latino","white",18
"2018HU0875531",5,5,59301,3,"80_89","f","not.hisp.latino","white",256
"2018HU0877022",5,2,51090,3,"40_49","m","not.hisp.latino","white",65
"2018HU0877640",5,1,51225,3,"60_69","f","not.hisp.latino","white",94
"2018HU0878724",5,2,1302,3,"40_49","f","not.hisp.latino","white",467
"2018HU0880354",5,3,59305,3,"10_19","f","not.hisp.latino","asian",207
"2018HU0881074",5,2,51087,3,"50_59","m","not.hisp.latino","two.",148
"2018HU0882852",5,1,4102,3,"50_59","m","not.hisp.latino","white",115
"2018HU0882852",5,2,4102,3,"50_59","f","not.hisp.latino","white",106
"2018HU0883154",5,1,4103,3,"50_59","m","not.hisp.latino","white",53
"2018HU0883908",5,3,59305,3,"10_19","f","not.hisp.latino","white",104
"2018HU0887243",5,1,51080,3,"50_59","f","not.hisp.latino","white",28
"2018HU0887396",5,3,51097,3,"10_19","f","not.hisp.latino","white",27
"2018HU0887886",5,5,51084,3,"20_29","m","not.hisp.latino","two.",143
"2018HU0889631",5,1,51135,3,"30_39","f","not.hisp.latino","white",42
"2018HU0890987",5,1,59308,3,"70_79","m","not.hisp.latino","white",10
"2018HU0891009",5,2,51164,3,"10_19","m","not.hisp.latino","two.",103
"2018HU0891110",5,1,51154,3,"50_59","m","not.hisp.latino","white",20
"2018HU0893655",5,1,51167,3,"50_59","m","not.hisp.latino","white",87
"2018HU0894040",5,3,51167,3,"10_19","f","not.hisp.latino","asian",76
"2018HU0894292",5,2,51089,3,"70_79","f","not.hisp.latino","white",92
"2018HU0894295",5,2,51120,3,"60_69","f","not.hisp.latino","white",90
"2018HU0894620",5,2,10702,3,"10_19","f","not.hisp.latino","white",188
"2018HU0896393",5,2,51085,3,"50_59","m","not.hisp.latino","white",74
"2018HU0897345",5,3,51080,3,"50_59","m","not.hisp.latino","white",60
"2018HU0897346",5,1,51010,3,"80_89","f","not.hisp.latino","white",2
"2018HU0897600",5,2,51167,3,"40_49","f","not.hisp.latino","white",110
"2018HU0898352",5,1,51244,3,"60_69","m","not.hisp.latino","white",91
"2018HU0898662",5,3,51244,3,"20_29","f","not.hisp.latino","white",106
"2018HU0899294",5,2,51145,3,"70_79","m","not.hisp.latino","white",117
"2018HU0899521",5,1,51255,3,"70_79","f","not.hisp.latino","white",342
"2018HU0899700",5,1,10702,3,"30_39","m","not.hisp.latino","white",20
"2018HU0901224",5,1,51215,3,"30_39","f","not.hisp.latino","white",48
"2018HU0901442",5,3,59308,3,"10_19","f","not.hisp.latino","two.",68
"2018HU0901818",5,2,4103,3,"60_69","f","not.hisp.latino","white",90
"2018HU0902181",5,1,59305,3,"40_49","f","not.hisp.latino","asian",116
"2018HU0903222",5,1,51097,3,"50_59","f","not.hisp.latino","white",61
"2018HU0904399",5,1,51105,3,"60_69","m","not.hisp.latino","white",34
"2018HU0904432",5,2,51125,3,"40_49","m","not.hisp.latino","white",80
"2018HU0907789",5,3,51105,3,"10_19","f","not.hisp.latino","white",16
"2018HU0908298",5,2,51045,3,"70_79","f","not.hisp.latino","white",79
"2018HU0910073",5,2,51225,3,"60_69","f","not.hisp.latino","white",62
"2018HU0911541",5,1,51110,3,"40_49","f","not.hisp.latino","white",109
"2018HU0911955",5,5,51044,3,"0_9","f","not.hisp.latino","white",64
"2018HU0912930",5,5,10702,3,"0_9","f","not.hisp.latino","white",104
"2018HU0915269",5,4,59305,3,"10_19","f","not.hisp.latino","white",61
"2018HU0916403",5,1,51125,3,"50_59","f","not.hisp.latino","white",53
"2018HU0916955",5,1,51145,3,"40_49","m","not.hisp.latino","white",28
"2018HU0919163",5,1,51145,3,"50_59","m","not.hisp.latino","white",25
"2018HU0919418",5,2,59301,3,"40_49","f","not.hisp.latino","white",30
"2018HU0919451",5,3,10701,3,"10_19","m","not.hisp.latino","white",218
"2018HU0919513",5,1,59303,3,"80_89","m","not.hisp.latino","white",83
"2018HU0920400",5,1,59304,3,"50_59","f","not.hisp.latino","white",98
"2018HU0921181",5,1,51215,3,"70_79","m","not.hisp.latino","white",17
"2018HU0921181",5,2,51215,3,"70_79","f","not.hisp.latino","white",23
"2018HU0921753",5,2,59306,3,"70_79","f","hisp.latino","white",326
"2018HU0922563",5,2,51186,3,"60_69","f","not.hisp.latino","white",132
"2018HU0922840",5,6,51045,3,"30_39","f","not.hisp.latino","white",216
"2018HU0923259",5,4,51246,3,"10_19","m","hisp.latino","white",23
"2018HU0923949",5,3,59302,3,"20_29","f","not.hisp.latino","white",166
"2018HU0924994",5,1,59308,3,"50_59","m","not.hisp.latino","asian",138
"2018HU0925290",5,4,4103,3,"50_59","f","hisp.latino","white",250
"2018HU0926386",5,1,10701,3,"60_69","m","not.hisp.latino","asian",187
"2018HU0926579",5,2,1302,3,"40_49","f","not.hisp.latino","white",83
"2018HU0929442",5,1,51115,3,"50_59","m","not.hisp.latino","white",54
"2018HU0929757",5,2,51085,3,"60_69","f","not.hisp.latino","white",74
"2018HU0930042",5,3,51010,3,"0_9","m","not.hisp.latino","white",169
"2018HU0932623",5,4,10703,3,"10_19","f","not.hisp.latino","white",104
"2018HU0933422",5,1,10702,3,"50_59","m","not.hisp.latino","white",14
"2018HU0933869",5,4,51115,3,"0_9","m","not.hisp.latino","white",117
"2018HU0935560",5,4,59305,3,"50_59","m","not.hisp.latino","white",66
"2018HU0935560",5,5,59305,3,"10_19","f","not.hisp.latino","white",60
"2018HU0935983",5,2,1301,3,"10_19","m","not.hisp.latino","white",182
"2018HU0936538",5,4,51105,3,"0_9","f","not.hisp.latino","white",106
"2018HU0936895",5,3,55002,3,"10_19","m","not.hisp.latino","two.",97
"2018HU0937684",5,2,51225,3,"50_59","m","not.hisp.latino","white",183
"2018HU0937872",5,1,59303,3,"40_49","m","not.hisp.latino","white",20
"2018HU0937872",5,3,59303,3,"10_19","f","hisp.latino","white",26
"2018HU0941206",5,1,10703,3,"60_69","f","not.hisp.latino","white",97
"2018HU0941757",5,5,51020,3,"10_19","f","not.hisp.latino","white",59
"2018HU0941963",5,1,51090,3,"40_49","m","not.hisp.latino","white",28
"2018HU0943596",5,2,51084,3,"60_69","m","not.hisp.latino","white",99
"2018HU0943724",5,1,1301,3,"50_59","f","not.hisp.latino","asian",113
"2018HU0946305",5,3,51010,3,"10_19","m","not.hisp.latino","white",139
"2018HU0947634",5,1,4101,3,"60_69","f","not.hisp.latino","white",14
"2018HU0951034",5,1,51020,3,"60_69","m","not.hisp.latino","white",12
"2018HU0951699",5,4,51225,3,"10_19","f","not.hisp.latino","white",60
"2018HU0952747",5,3,10702,3,"10_19","f","not.hisp.latino","white",31
"2018HU0953660",5,4,51085,3,"10_19","m","not.hisp.latino","white",30
"2018HU0954990",5,4,59303,3,"0_9","f","not.hisp.latino","white",17
"2018HU0955831",5,1,51244,3,"40_49","m","not.hisp.latino","asian",91
"2018HU0956291",5,6,51155,3,"10_19","f","not.hisp.latino","white",80
"2018HU0957432",5,3,51020,3,"40_49","m","not.hisp.latino","white",111
"2018HU0957870",5,1,55002,3,"60_69","f","not.hisp.latino","white",121
"2018HU0959906",5,3,51045,3,"30_39","f","not.hisp.latino","white",28
"2018HU0961555",5,1,51097,3,"40_49","m","not.hisp.latino","white",34
"2018HU0964918",5,2,51045,3,"70_79","f","not.hisp.latino","white",20
"2018HU0965807",5,4,10701,3,"10_19","f","not.hisp.latino","white",50
"2018HU0966069",5,3,4101,3,"10_19","m","not.hisp.latino","white",49
"2018HU0966069",5,4,4101,3,"10_19","m","not.hisp.latino","white",39
"2018HU0966290",5,1,51087,3,"30_39","f","not.hisp.latino","white",25
"2018HU0966290",5,3,51087,3,"10_19","m","not.hisp.latino","white",17
"2018HU0966325",5,2,51155,3,"40_49","m","not.hisp.latino","white",102
"2018HU0967403",5,1,51085,3,"60_69","f","not.hisp.latino","white",18
"2018HU0968314",5,2,59305,3,"30_39","m","not.hisp.latino","white",336
"2018HU0968337",5,3,55002,3,"10_19","m","hisp.latino","white",100
"2018HU0968842",5,1,51165,3,"80_89","f","not.hisp.latino","white",149
"2018HU0969039",5,4,51045,3,"10_19","m","not.hisp.latino","white",82
"2018HU0970315",5,4,59302,3,"0_9","f","not.hisp.latino","white",71
"2018HU0970464",5,1,51090,3,"40_49","f","not.hisp.latino","white",21
"2018HU0970839",5,4,51246,3,"30_39","m","not.hisp.latino","white",53
"2018HU0971541",5,2,51175,3,"40_49","m","not.hisp.latino","white",128
"2018HU0971615",5,1,51245,3,"30_39","f","not.hisp.latino","white",101
"2018HU0971760",5,3,51010,3,"10_19","m","hisp.latino","white",240
"2018HU0971979",5,3,51087,3,"10_19","m","not.hisp.latino","white",183
"2018HU0972027",5,1,59305,3,"50_59","m","not.hisp.latino","asian",387
"2018HU0972027",5,4,59305,3,"10_19","m","not.hisp.latino","asian",259
"2018HU0972776",5,2,51145,3,"30_39","f","not.hisp.latino","white",37
"2018HU0974769",5,4,51244,3,"0_9","m","not.hisp.latino","two.",55
"2018HU0975591",5,3,51164,3,"0_9","m","hisp.latino","white",116
"2018HU0977296",5,4,4102,3,"0_9","f","not.hisp.latino","white",89
"2018HU0978049",5,3,51215,3,"10_19","m","not.hisp.latino","two.",7
"2018HU0979926",5,3,51097,3,"10_19","m","not.hisp.latino","white",19
"2018HU0980678",5,1,59306,3,"30_39","m","not.hisp.latino","white",103
"2018HU0980678",5,4,59306,3,"0_9","f","not.hisp.latino","white",99
"2018HU0980859",5,4,51085,3,"30_39","f","not.hisp.latino","white",210
"2018HU0983046",5,1,55001,3,"70_79","f","not.hisp.latino","white",89
"2018HU0984159",5,2,51095,3,"50_59","m","not.hisp.latino","white",91
"2018HU0984167",5,1,51164,3,"40_49","m","not.hisp.latino","white",45
"2018HU0984612",5,1,59302,3,"50_59","m","not.hisp.latino","white",59
"2018HU0985672",5,1,51246,3,"50_59","f","not.hisp.latino","white",64
"2018HU0987248",5,1,51246,3,"60_69","m","not.hisp.latino","white",17
"2018HU0987658",5,1,51206,3,"30_39","f","not.hisp.latino","white",213
"2018HU0993200",5,3,1302,3,"0_9","f","hisp.latino","white",14
"2018HU0993687",5,2,51125,3,"40_49","f","not.hisp.latino","asian",23
"2018HU0995296",5,4,59308,3,"10_19","m","not.hisp.latino","white",110
"2018HU0995778",5,4,51105,3,"20_29","m","not.hisp.latino","white",7
"2018HU0995801",5,1,51244,3,"40_49","f","hisp.latino","white",20
"2018HU0996454",5,1,1301,3,"70_79","m","not.hisp.latino","white",34
"2018HU0996715",5,2,51120,3,"30_39","m","not.hisp.latino","white",19
"2018HU0998103",5,3,51244,3,"10_19","m","not.hisp.latino","white",167
"2018HU0998103",5,4,51244,3,"10_19","m","not.hisp.latino","white",169
"2018HU0999289",5,2,51010,3,"0_9","m","not.hisp.latino","white",146
"2018HU0999500",5,4,10703,3,"0_9","m","not.hisp.latino","white",22
"2018HU0999696",5,1,51115,3,"30_39","m","not.hisp.latino","white",47
"2018HU1000640",5,1,51087,3,"60_69","m","not.hisp.latino","white",182
"2018HU1001762",5,1,51095,3,"60_69","m","not.hisp.latino","white",30
"2018HU1003090",5,3,55001,3,"10_19","f","not.hisp.latino","white",241
"2018HU1004686",5,4,51246,3,"0_9","m","hisp.latino","white",24
"2018HU1005693",5,1,51125,3,"40_49","m","not.hisp.latino","white",236
"2018HU1006859",5,4,51215,3,"10_19","m","not.hisp.latino","white",51
"2018HU1007466",5,3,51255,3,"0_9","m","not.hisp.latino","white",132
"2018HU1007716",5,1,51255,3,"40_49","m","not.hisp.latino","white",55
"2018HU1007748",5,1,51145,3,"70_79","f","not.hisp.latino","white",10
"2018HU1009176",5,4,51225,3,"10_19","m","not.hisp.latino","white",271
"2018HU1009269",5,1,51095,3,"50_59","m","not.hisp.latino","white",89
"2018HU1010942",5,5,51164,3,"10_19","f","not.hisp.latino","white",32
"2018HU1011780",5,1,51115,3,"60_69","f","not.hisp.latino","white",121
"2018HU1012298",5,2,51154,3,"50_59","m","not.hisp.latino","white",80
"2018HU1012320",5,1,51215,3,"30_39","f","not.hisp.latino","white",190
"2018HU1012663",5,1,51020,3,"30_39","m","not.hisp.latino","white",38
"2018HU1014256",5,3,51010,3,"30_39","m","not.hisp.latino","white",23
"2018HU1014339",5,2,51040,3,"50_59","m","not.hisp.latino","white",204
"2018HU1014561",5,3,51085,3,"10_19","m","not.hisp.latino","white",105
"2018HU1014575",5,1,51206,3,"50_59","m","not.hisp.latino","white",15
"2018HU1015441",5,1,59307,3,"40_49","m","not.hisp.latino","asian",167
"2018HU1015464",5,4,51167,3,"10_19","m","not.hisp.latino","white",87
"2018HU1016842",5,2,59302,3,"60_69","f","not.hisp.latino","white",54
"2018HU1017435",5,1,51010,3,"70_79","m","not.hisp.latino","white",103
"2018HU1018768",5,3,51215,3,"30_39","m","not.hisp.latino","white",42
"2018HU1018768",5,5,51215,3,"40_49","m","not.hisp.latino","white",36
"2018HU1019629",5,3,59306,3,"10_19","f","not.hisp.latino","white",63
"2018HU1020475",5,4,51154,3,"10_19","f","not.hisp.latino","white",74
"2018HU1021136",5,2,4103,3,"40_49","m","not.hisp.latino","white",66
"2018HU1021369",5,1,51010,3,"70_79","f","not.hisp.latino","white",67
"2018HU1022402",5,3,59302,3,"10_19","m","not.hisp.latino","white",21
"2018HU1022884",5,1,51165,3,"50_59","f","not.hisp.latino","white",102
"2018HU1024021",5,2,51175,3,"50_59","m","not.hisp.latino","white",135
"2018HU1024064",5,1,59308,3,"50_59","m","not.hisp.latino","asian",69
"2018HU1025613",5,3,10703,3,"10_19","m","not.hisp.latino","asian",218
"2018HU1026606",5,2,51045,3,"30_39","m","not.hisp.latino","white",130
"2018HU1027270",5,1,51097,3,"70_79","m","not.hisp.latino","white",164
"2018HU1029488",5,3,59305,3,"0_9","f","not.hisp.latino","asian",165
"2018HU1030055",5,2,51020,3,"10_19","f","not.hisp.latino","white",270
"2018HU1030294",5,1,51045,3,"40_49","f","not.hisp.latino","white",19
"2018HU1031623",5,4,51206,3,"0_9","f","not.hisp.latino","white",238
"2018HU1031762",5,1,51167,3,"20_29","m","not.hisp.latino","white",74
"2018HU1031774",5,3,59303,3,"10_19","m","not.hisp.latino","white",97
"2018HU1031937",5,1,51096,3,"30_39","f","not.hisp.latino","white",83
"2018HU1033796",5,1,51125,3,"40_49","f","not.hisp.latino","white",78
"2018HU1033816",5,3,51080,3,"0_9","f","hisp.latino","white",139
"2018HU1034312",5,4,59307,3,"10_19","m","not.hisp.latino","white",52
"2018HU1034777",5,1,51096,3,"40_49","f","not.hisp.latino","white",213
"2018HU1035300",5,2,51044,3,"60_69","m","not.hisp.latino","white",77
"2018HU1036538",5,2,51020,3,"40_49","f","not.hisp.latino","white",83
"2018HU1036949",5,2,51255,3,"20_29","m","not.hisp.latino","white",151
"2018HU1037238",5,4,59305,3,"20_29","f","not.hisp.latino","white",126
"2018HU1038238",5,3,51225,3,"10_19","m","hisp.latino","two.",83
"2018HU1039485",5,1,51105,3,"50_59","f","not.hisp.latino","white",265
"2018HU1041592",5,1,51085,3,"50_59","m","not.hisp.latino","white",18
"2018HU1042416",5,2,51225,3,"80_89","f","not.hisp.latino","white",51
"2018HU1042466",5,1,59307,3,"30_39","m","not.hisp.latino","white",55
"2018HU1044143",5,3,10703,3,"70_79","f","not.hisp.latino","white",115
"2018HU1044185",5,2,51010,3,"50_59","f","not.hisp.latino","white",172
"2018HU1045179",5,3,51155,3,"10_19","m","not.hisp.latino","white",103
"2018HU1046907",5,6,51145,3,"10_19","f","not.hisp.latino","white",107
"2018HU1047195",5,2,51115,3,"50_59","f","not.hisp.latino","white",140
"2018HU1048278",5,3,51089,3,"0_9","f","not.hisp.latino","white",18
"2018HU1049896",5,1,51010,3,"30_39","f","not.hisp.latino","white",417
"2018HU1051165",5,2,51110,3,"20_29","f","not.hisp.latino","asian",426
"2018HU1052535",5,1,59301,3,"40_49","m","not.hisp.latino","two.",76
"2018HU1056801",5,3,51245,3,"0_9","m","not.hisp.latino","white",51
"2018HU1057173",5,2,51040,3,"50_59","m","not.hisp.latino","white",43
"2018HU1059892",5,3,59308,3,"10_19","m","not.hisp.latino","white",41
"2018HU1060190",5,5,4102,3,"0_9","f","not.hisp.latino","white",15
"2018HU1060448",5,1,51225,3,"50_59","m","not.hisp.latino","white",180
"2018HU1060527",5,1,51145,3,"50_59","f","not.hisp.latino","white",16
"2018HU1060777",5,5,51045,3,"10_19","m","not.hisp.latino","white",74
"2018HU1061324",5,1,51095,3,"50_59","m","not.hisp.latino","white",86
"2018HU1061470",5,3,1302,3,"10_19","m","not.hisp.latino","white",96
"2018HU1061470",5,4,1302,3,"10_19","f","not.hisp.latino","white",103
"2018HU1061672",5,2,51215,3,"40_49","m","not.hisp.latino","white",153
"2018HU1062356",5,1,51235,3,"60_69","f","not.hisp.latino","white",39
"2018HU1062679",5,4,59302,3,"10_19","f","hisp.latino","white",52
"2018HU1064175",5,5,59308,3,"10_19","m","not.hisp.latino","white",14
"2018HU1064280",5,3,51010,3,"10_19","m","not.hisp.latino","white",94
"2018HU1064850",5,3,51135,3,"0_9","m","not.hisp.latino","white",104
"2018HU1065031",5,1,10703,3,"40_49","m","not.hisp.latino","white",52
"2018HU1065765",5,3,51235,3,"10_19","f","not.hisp.latino","white",71
"2018HU1066192",5,2,51089,3,"60_69","m","not.hisp.latino","white",60
"2018HU1069765",5,2,51215,3,"70_79","f","not.hisp.latino","white",120
"2018HU1069833",5,1,51164,3,"50_59","f","not.hisp.latino","white",55
"2018HU1072369",5,2,51084,3,"20_29","f","not.hisp.latino","white",364
"2018HU1073433",5,2,51040,3,"40_49","m","not.hisp.latino","white",74
"2018HU1074562",5,2,51084,3,"30_39","m","not.hisp.latino","white",124
"2018HU1074797",5,1,51154,3,"60_69","m","not.hisp.latino","white",79
"2018HU1075283",5,2,55002,3,"50_59","f","not.hisp.latino","white",119
"2018HU1076032",5,3,59305,3,"10_19","m","not.hisp.latino","white",73
"2018HU1076708",5,1,51080,3,"70_79","m","not.hisp.latino","white",69
"2018HU1076993",5,3,55002,3,"10_19","m","not.hisp.latino","white",50
"2018HU1078681",5,1,51206,3,"60_69","f","not.hisp.latino","white",70
"2018HU1078980",5,4,51164,3,"0_9","f","not.hisp.latino","white",16
"2018HU1079884",5,1,59304,3,"50_59","m","hisp.latino","white",34
"2018HU1080228",5,1,51125,3,"70_79","f","not.hisp.latino","white",98
"2018HU1080754",5,4,51084,3,"10_19","m","not.hisp.latino","white",124
"2018HU1080889",5,1,51167,3,"50_59","f","not.hisp.latino","white",138
"2018HU1081332",5,3,51244,3,"10_19","f","not.hisp.latino","white",17
"2018HU1082213",5,1,51255,3,"50_59","m","not.hisp.latino","white",136
"2018HU1082988",5,1,51020,3,"60_69","f","not.hisp.latino","white",111
"2018HU1083591",5,3,51097,3,"10_19","f","not.hisp.latino","white",14
"2018HU1083704",5,1,59305,3,"50_59","m","not.hisp.latino","white",118
"2018HU1085325",5,2,59307,3,"50_59","m","not.hisp.latino","white",63
"2018HU1085389",5,2,59308,3,"60_69","f","not.hisp.latino","white",151
"2018HU1087182",5,6,51125,3,"0_9","f","not.hisp.latino","white",32
"2018HU1088580",5,1,10703,3,"50_59","f","not.hisp.latino","white",67
"2018HU1089171",5,3,51246,3,"0_9","f","not.hisp.latino","white",21
"2018HU1089544",5,4,1302,3,"0_9","m","not.hisp.latino","white",11
"2018HU1091730",5,3,51245,3,"0_9","m","hisp.latino","white",49
"2018HU1093653",5,5,51020,3,"0_9","m","not.hisp.latino","white",262
"2018HU1094020",5,1,59301,3,"70_79","m","not.hisp.latino","white",74
"2018HU1094718",5,1,59307,3,"40_49","m","not.hisp.latino","white",55
"2018HU1095377",5,2,51044,3,"40_49","m","hisp.latino","white",19
"2018HU1096977",5,1,51244,3,"20_29","f","not.hisp.latino","white",67
"2018HU1098952",5,4,51246,3,"70_79","f","not.hisp.latino","two.",16
"2018HU1099216",5,3,1301,3,"20_29","m","hisp.latino","white",59
"2018HU1100325",5,2,51215,3,"50_59","f","not.hisp.latino","white",86
"2018HU1101267",5,1,51215,3,"60_69","f","not.hisp.latino","white",47
"2018HU1101933",5,1,51096,3,"80_89","m","not.hisp.latino","white",68
"2018HU1104888",5,1,51175,3,"60_69","m","not.hisp.latino","white",181
"2018HU1104888",5,3,51175,3,"40_49","m","not.hisp.latino","asian",195
"2018HU1105079",5,2,59307,3,"30_39","m","not.hisp.latino","white",62
"2018HU1106212",5,1,51020,3,"20_29","m","not.hisp.latino","white",246
"2018HU1106292",5,3,59308,3,"20_29","f","not.hisp.latino","white",73
"2018HU1107615",5,1,51215,3,"40_49","f","not.hisp.latino","white",91
"2018HU1109115",5,2,1301,3,"20_29","f","not.hisp.latino","white",54
"2018HU1109242",5,2,51020,3,"40_49","f","not.hisp.latino","white",93
"2018HU1111027",5,1,51167,3,"40_49","m","not.hisp.latino","white",193
"2018HU1111115",5,2,59303,3,"30_39","m","not.hisp.latino","white",28
"2018HU1111523",5,1,10703,3,"60_69","m","not.hisp.latino","white",63
"2018HU1112750",5,2,51235,3,"70_79","f","not.hisp.latino","white",47
"2018HU1115420",5,1,51010,3,"70_79","m","not.hisp.latino","white",134
"2018HU1116216",5,1,51089,3,"50_59","f","not.hisp.latino","white",63
"2018HU1117219",5,3,51089,3,"30_39","f","not.hisp.latino","white",42
"2018HU1117929",5,2,51087,3,"20_29","m","not.hisp.latino","white",33
"2018HU1120466",5,3,4101,3,"10_19","f","hisp.latino","white",51
"2018HU1120644",5,2,51225,3,"50_59","f","not.hisp.latino","asian",117
"2018HU1121821",5,2,51125,3,"20_29","f","not.hisp.latino","white",17
"2018HU1121996",5,2,51246,3,"40_49","f","hisp.latino","white",22
"2018HU1123347",5,2,51164,3,"60_69","f","not.hisp.latino","white",99
"2018HU1123701",5,2,55002,3,"70_79","m","not.hisp.latino","white",44
"2018HU1123939",5,1,51255,3,"70_79","f","not.hisp.latino","white",106
"2018HU1125090",5,4,51087,3,"0_9","f","not.hisp.latino","white",169
"2018HU1127346",5,4,59304,3,"0_9","m","not.hisp.latino","asian",18
"2018HU1127579",5,4,59302,3,"20_29","m","not.hisp.latino","white",99
"2018HU1127730",5,2,51105,3,"50_59","m","not.hisp.latino","white",105
"2018HU1127735",5,2,59305,3,"60_69","f","not.hisp.latino","asian",12
"2018HU1128463",5,2,51096,3,"70_79","m","not.hisp.latino","white",70
"2018HU1129068",5,2,51120,3,"50_59","m","not.hisp.latino","white",286
"2018HU1129418",5,1,51120,3,"40_49","m","not.hisp.latino","white",17
"2018HU1130917",5,4,51167,3,"40_49","m","not.hisp.latino","white",57
"2018HU1131320",5,4,10702,3,"0_9","m","not.hisp.latino","asian",73
"2018HU1132049",5,1,51044,3,"40_49","f","not.hisp.latino","white",22
"2018HU1132501",5,3,59308,3,"10_19","f","not.hisp.latino","white",23
"2018HU1135064",5,2,51089,3,"30_39","f","not.hisp.latino","white",9
"2018HU1137597",5,2,51206,3,"30_39","m","not.hisp.latino","white",67
"2018HU1137858",5,1,51085,3,"70_79","m","not.hisp.latino","white",93
"2018HU1138142",5,2,10702,3,"50_59","f","not.hisp.latino","white",21
"2018HU1140422",5,2,51245,3,"50_59","m","not.hisp.latino","white",50
"2018HU1141375",5,1,51175,3,"30_39","m","not.hisp.latino","white",207
"2018HU1141446",5,4,59309,3,"10_19","m","not.hisp.latino","white",15
"2018HU1141889",5,3,51084,3,"10_19","m","hisp.latino","white",34
"2018HU1141889",5,4,51084,3,"10_19","m","hisp.latino","white",33
"2018HU1141942",5,2,51225,3,"30_39","f","not.hisp.latino","asian",16
"2018HU1143197",5,4,4102,3,"10_19","f","not.hisp.latino","white",116
"2018HU1143336",5,1,59302,3,"70_79","f","not.hisp.latino","white",100
"2018HU1144217",5,3,51245,3,"10_19","f","not.hisp.latino","white",65
"2018HU1146011",5,2,59305,3,"70_79","f","not.hisp.latino","white",36
"2018HU1148614",5,3,10703,3,"10_19","m","hisp.latino","white",44
"2018HU1148956",5,1,51154,3,"40_49","f","not.hisp.latino","white",72
"2018HU1149939",5,2,51186,3,"70_79","m","not.hisp.latino","white",16
"2018HU1150307",5,1,51145,3,"40_49","f","not.hisp.latino","two.",57
"2018HU1150438",5,5,51044,3,"0_9","m","not.hisp.latino","white",189
"2018HU1151485",5,2,51245,3,"40_49","f","not.hisp.latino","white",49
"2018HU1151820",5,1,51090,3,"60_69","m","not.hisp.latino","white",31
"2018HU1152848",5,4,51120,3,"20_29","f","not.hisp.latino","white",231
"2018HU1154246",5,2,51235,3,"30_39","f","not.hisp.latino","white",66
"2018HU1156966",5,4,59303,3,"0_9","m","hisp.latino","white",142
"2018HU1162495",5,2,51120,3,"40_49","f","not.hisp.latino","white",95
"2018HU1162719",5,1,51044,3,"20_29","f","not.hisp.latino","white",156
"2018HU1162736",5,3,51115,3,"10_19","f","not.hisp.latino","white",53
"2018HU1163617",5,5,1301,3,"10_19","m","hisp.latino","white",54
"2018HU1163757",5,1,51080,3,"70_79","f","not.hisp.latino","white",17
"2018HU1163757",5,2,51080,3,"80_89","m","not.hisp.latino","white",43
"2018HU1166217",5,4,59306,3,"0_9","m","not.hisp.latino","white",125
"2018HU1166724",5,1,51020,3,"40_49","m","not.hisp.latino","white",94
"2018HU1169822",5,2,51155,3,"40_49","m","not.hisp.latino","white",46
"2018HU1169960",5,2,51215,3,"40_49","m","not.hisp.latino","white",32
"2018HU1170201",5,2,51145,3,"70_79","f","not.hisp.latino","white",59
"2018HU1170265",5,2,10702,3,"30_39","f","not.hisp.latino","white",58
"2018HU1170457",5,1,51244,3,"70_79","f","hisp.latino","asian",251
"2018HU1170711",5,4,51225,3,"0_9","f","not.hisp.latino","white",91
"2018HU1171272",5,3,51255,3,"0_9","m","not.hisp.latino","white",29
"2018HU1171418",5,3,51084,3,"0_9","f","not.hisp.latino","white",18
"2018HU1171769",5,2,51020,3,"20_29","m","not.hisp.latino","white",88
"2018HU1172259",5,2,51165,3,"70_79","f","not.hisp.latino","white",51
"2018HU1172313",5,3,51010,3,"10_19","m","not.hisp.latino","white",219
"2018HU1172336",5,2,51155,3,"60_69","m","not.hisp.latino","white",55
"2018HU1173259",5,1,51225,3,"40_49","f","not.hisp.latino","white",81
"2018HU1174929",5,2,51225,3,"50_59","m","not.hisp.latino","white",21
"2018HU1175957",5,3,51084,3,"10_19","f","hisp.latino","white",151
"2018HU1177224",5,3,59306,3,"0_9","m","hisp.latino","two.",180
"2018HU1177421",5,1,51244,3,"70_79","m","not.hisp.latino","white",67
"2018HU1177598",5,3,10703,3,"0_9","m","not.hisp.latino","white",127
"2018HU1177600",5,8,51255,3,"40_49","m","hisp.latino","white",58
"2018HU1177877",5,2,51244,3,"50_59","m","not.hisp.latino","white",66
"2018HU1178192",5,3,10702,3,"0_9","f","not.hisp.latino","white",15
"2018HU1178351",5,1,51090,3,"40_49","m","not.hisp.latino","white",51
"2018HU1178369",5,2,59307,3,"10_19","f","hisp.latino","white",97
"2018HU1178597",5,2,59302,3,"10_19","m","not.hisp.latino","white",105
"2018HU1180354",5,4,51167,3,"0_9","f","hisp.latino","white",9
"2018HU1180856",5,7,10703,3,"10_19","m","hisp.latino","white",10
"2018HU1180911",5,3,51096,3,"10_19","m","not.hisp.latino","white",174
"2018HU1182841",5,1,59301,3,"50_59","m","not.hisp.latino","white",110
"2018HU1183260",5,1,51225,3,"70_79","f","not.hisp.latino","white",15
"2018HU1183643",5,1,51040,3,"50_59","m","not.hisp.latino","white",8
"2018HU1185127",5,1,51125,3,"60_69","m","not.hisp.latino","white",12
"2018HU1185513",5,1,51020,3,"40_49","f","not.hisp.latino","white",56
"2018HU1185990",5,2,51125,3,"10_19","m","not.hisp.latino","white",65
"2018HU1186032",5,2,59302,3,"50_59","f","not.hisp.latino","white",139
"2018HU1186253",5,1,51165,3,"60_69","m","not.hisp.latino","white",94
"2018HU1186561",5,2,51135,3,"20_29","m","not.hisp.latino","white",64
"2018HU1187098",5,3,59305,3,"0_9","f","not.hisp.latino","asian",33
"2018HU1187224",5,1,59303,3,"60_69","m","not.hisp.latino","white",195
"2018HU1188217",5,1,51154,3,"50_59","m","not.hisp.latino","white",42
"2018HU1190504",5,1,59307,3,"50_59","f","not.hisp.latino","white",76
"2018HU1192683",5,3,59302,3,"0_9","m","hisp.latino","white",127
"2018HU1193517",5,1,51215,3,"50_59","f","not.hisp.latino","white",13
"2018HU1194528",5,2,51110,3,"30_39","m","not.hisp.latino","white",188
"2018HU1196790",5,1,1301,3,"50_59","m","not.hisp.latino","white",64
"2018HU1197080",5,3,51045,3,"10_19","f","not.hisp.latino","white",124
"2018HU1197532",5,3,51154,3,"10_19","m","hisp.latino","two.",11
"2018HU1197601",5,2,4101,3,"40_49","f","not.hisp.latino","asian",78
"2018HU1198885",5,1,59307,3,"60_69","m","not.hisp.latino","white",107
"2018HU1199875",5,4,51135,3,"0_9","m","not.hisp.latino","white",52
"2018HU1200016",5,4,51145,3,"0_9","f","hisp.latino","white",108
"2018HU1200561",5,3,59302,3,"10_19","f","not.hisp.latino","white",122
"2018HU1200601",5,1,59305,3,"80_89","f","not.hisp.latino","white",32
"2018HU1203972",5,2,4103,3,"60_69","f","not.hisp.latino","white",55
"2018HU1204685",5,1,51089,3,"30_39","f","not.hisp.latino","two.",20
"2018HU1204700",5,4,51225,3,"0_9","f","not.hisp.latino","white",127
"2018HU1205017",5,1,59301,3,"50_59","f","not.hisp.latino","white",11
"2018HU1205448",5,2,51080,3,"50_59","f","not.hisp.latino","white",87
"2018HU1205630",5,3,51175,3,"0_9","m","hisp.latino","white",113
"2018HU1205945",5,2,59309,3,"30_39","m","hisp.latino","white",107
"2018HU1206015",5,3,51215,3,"10_19","f","not.hisp.latino","white",175
"2018HU1206244",5,1,51105,3,"60_69","m","not.hisp.latino","white",20
"2018HU1206405",5,2,51045,3,"10_19","f","not.hisp.latino","white",135
"2018HU1206848",5,3,51110,3,"10_19","m","not.hisp.latino","white",6
"2018HU1207936",5,2,51045,3,"50_59","m","not.hisp.latino","white",187
"2018HU1209145",5,1,51089,3,"50_59","f","not.hisp.latino","white",77
"2018HU1210437",5,1,51080,3,"30_39","m","not.hisp.latino","white",262
"2018HU1213193",5,1,51010,3,"50_59","f","not.hisp.latino","white",135
"2018HU1213271",5,2,51125,3,"50_59","m","not.hisp.latino","white",13
"2018HU1213457",5,3,51120,3,"10_19","f","not.hisp.latino","two.",233
"2018HU1214570",5,2,51095,3,"50_59","m","not.hisp.latino","white",173
"2018HU1215297",5,1,51020,3,"70_79","m","not.hisp.latino","white",122
"2018HU1215297",5,2,51020,3,"70_79","f","not.hisp.latino","white",158
"2018HU1215607",5,2,10703,3,"40_49","f","not.hisp.latino","white",149
"2018HU1217365",5,2,51020,3,"60_69","m","not.hisp.latino","white",76
"2018HU1220412",5,3,1301,3,"10_19","f","not.hisp.latino","white",297
"2018HU1221202",5,1,59303,3,"40_49","m","not.hisp.latino","white",14
"2018HU1221207",5,2,4103,3,"50_59","m","not.hisp.latino","white",104
"2018HU1221407",5,3,51167,3,"0_9","m","not.hisp.latino","white",79
"2018HU1221686",5,4,51087,3,"10_19","m","not.hisp.latino","white",128
"2018HU1223325",5,3,51206,3,"10_19","m","not.hisp.latino","white",57
"2018HU1224194",5,2,51255,3,"30_39","m","not.hisp.latino","white",106
"2018HU1227275",5,4,51154,3,"10_19","m","not.hisp.latino","white",32
"2018HU1227275",5,5,51154,3,"0_9","m","not.hisp.latino","white",45
"2018HU1227502",5,2,4103,3,"50_59","f","not.hisp.latino","white",27
"2018HU1227520",5,1,51089,3,"30_39","m","not.hisp.latino","white",29
"2018HU1229245",5,3,51164,3,"10_19","m","not.hisp.latino","white",57
"2018HU1230147",5,2,51110,3,"40_49","f","not.hisp.latino","white",249
"2018HU1231728",5,2,51154,3,"10_19","m","not.hisp.latino","white",128
"2018HU1232264",5,2,51215,3,"10_19","f","not.hisp.latino","white",8
"2018HU1232528",5,4,51225,3,"10_19","f","not.hisp.latino","white",97
"2018HU1232553",5,1,4102,3,"40_49","m","not.hisp.latino","white",84
"2018HU1232932",5,3,51095,3,"10_19","m","not.hisp.latino","white",52
"2018HU1233779",5,3,51206,3,"10_19","f","not.hisp.latino","white",169
"2018HU1234303",5,1,51044,3,"40_49","m","not.hisp.latino","white",70
"2018HU1234805",5,1,59307,3,"40_49","f","not.hisp.latino","white",97
"2018HU1234900",5,4,59309,3,"20_29","m","not.hisp.latino","asian",62
"2018HU1235679",5,1,51224,3,"40_49","m","not.hisp.latino","white",33
"2018HU1235938",5,1,51040,3,"20_29","m","not.hisp.latino","white",161
"2018HU1237121",5,2,51206,3,"60_69","f","not.hisp.latino","white",102
"2018HU1238133",5,2,59305,3,"60_69","f","not.hisp.latino","white",51
"2018HU1238345",5,3,51245,3,"0_9","f","not.hisp.latino","white",72
"2018HU1241040",5,3,51087,3,"10_19","m","not.hisp.latino","two.",17
"2018HU1241049",5,1,59303,3,"70_79","m","not.hisp.latino","white",63
"2018HU1243913",5,1,51235,3,"60_69","m","not.hisp.latino","white",48
"2018HU1244877",5,2,51154,3,"50_59","f","not.hisp.latino","white",88
"2018HU1245135",5,2,59304,3,"40_49","f","not.hisp.latino","white",27
"2018HU1246398",5,4,59306,3,"10_19","f","not.hisp.latino","white",70
"2018HU1246817",5,2,4102,3,"40_49","f","not.hisp.latino","white",194
"2018HU1247677",5,2,51255,3,"40_49","f","not.hisp.latino","white",22
"2018HU1248064",5,2,51215,3,"50_59","f","not.hisp.latino","white",298
"2018HU1248642",5,4,51115,3,"10_19","m","not.hisp.latino","white",27
"2018HU1249860",5,2,51164,3,"50_59","m","not.hisp.latino","white",78
"2018HU1251338",5,1,4101,3,"70_79","f","not.hisp.latino","white",202
"2018HU1251581",5,3,55001,3,"10_19","f","not.hisp.latino","white",29
"2018HU1252353",5,4,59301,3,"10_19","m","not.hisp.latino","asian",10
"2018HU1252853",5,5,59306,3,"0_9","m","not.hisp.latino","white",58
"2018HU1252932",5,1,10701,3,"40_49","f","not.hisp.latino","white",67
"2018HU1253355",5,3,51165,3,"10_19","f","hisp.latino","white",21
"2018HU1254050",5,5,51084,3,"10_19","m","not.hisp.latino","white",102
"2018HU1254292",5,5,51097,3,"60_69","m","not.hisp.latino","white",135
"2018HU1255221",5,2,51097,3,"60_69","f","not.hisp.latino","white",129
"2018HU1255312",5,1,10701,3,"50_59","m","not.hisp.latino","white",75
"2018HU1255346",5,1,51154,3,"60_69","f","not.hisp.latino","white",12
"2018HU1255925",5,1,51206,3,"40_49","f","not.hisp.latino","white",16
"2018HU1256580",5,1,59307,3,"50_59","m","hisp.latino","white",59
"2018HU1256822",5,2,51080,3,"20_29","f","not.hisp.latino","white",269
"2018HU1258098",5,4,51244,3,"10_19","f","not.hisp.latino","white",18
"2018HU1259801",5,3,51175,3,"0_9","f","not.hisp.latino","white",115
"2018HU1260144",5,4,51125,3,"0_9","f","not.hisp.latino","white",150
"2018HU1260165",5,1,59301,3,"70_79","m","not.hisp.latino","white",41
"2018HU1260835",5,1,1301,3,"50_59","m","not.hisp.latino","white",108
"2018HU1261256",5,1,51090,3,"50_59","m","not.hisp.latino","white",31
"2018HU1261256",5,3,51090,3,"10_19","f","not.hisp.latino","white",51
"2018HU1262624",5,1,4102,3,"50_59","m","not.hisp.latino","white",56
"2018HU1262934",5,6,51246,3,"10_19","m","hisp.latino","white",202
"2018HU1263979",5,4,4101,3,"10_19","m","not.hisp.latino","white",81
"2018HU1265300",5,1,51244,3,"50_59","f","not.hisp.latino","white",179
"2018HU1266708",5,3,59301,3,"10_19","m","hisp.latino","white",8
"2018HU1267215",5,3,51080,3,"20_29","f","not.hisp.latino","white",9
"2018HU1267494",5,1,51246,3,"30_39","f","not.hisp.latino","white",124
"2018HU1268226",5,1,51040,3,"20_29","m","not.hisp.latino","white",104
"2018HU1268681",5,4,51096,3,"40_49","m","not.hisp.latino","white",162
"2018HU1269339",5,2,51087,3,"60_69","f","hisp.latino","white",111
"2018HU1269399",5,1,59303,3,"40_49","m","not.hisp.latino","asian",51
"2018HU1270876",5,4,4102,3,"10_19","f","not.hisp.latino","white",20
"2018HU1271439",5,1,51255,3,"50_59","f","not.hisp.latino","white",26
"2018HU1272995",5,1,59305,3,"60_69","m","not.hisp.latino","white",53
"2018HU1274620",5,1,51020,3,"60_69","m","not.hisp.latino","white",231
"2018HU1274911",5,2,51120,3,"20_29","f","not.hisp.latino","white",58
"2018HU1275350",5,2,51165,3,"40_49","m","not.hisp.latino","asian",57
"2018HU1275382",5,3,51225,3,"10_19","m","not.hisp.latino","white",493
"2018HU1275488",5,2,4103,3,"40_49","f","not.hisp.latino","white",24
"2018HU1275505",5,2,59303,3,"50_59","f","not.hisp.latino","white",54
"2018HU1275701",5,1,10703,3,"50_59","m","not.hisp.latino","white",43
"2018HU1275726",5,3,51225,3,"10_19","f","not.hisp.latino","white",13
"2018HU1278702",5,1,51164,3,"30_39","m","not.hisp.latino","white",14
"2018HU1278702",5,5,51164,3,"10_19","m","not.hisp.latino","white",15
"2018HU1278813",5,1,1302,3,"30_39","f","not.hisp.latino","white",75
"2018HU1280338",5,2,1301,3,"10_19","f","not.hisp.latino","white",99
"2018HU1280443",5,2,51040,3,"70_79","f","not.hisp.latino","white",175
"2018HU1281438",5,4,51087,3,"20_29","m","not.hisp.latino","white",48
"2018HU1284254",5,1,10702,3,"40_49","m","not.hisp.latino","white",33
"2018HU1285505",5,2,51080,3,"40_49","f","not.hisp.latino","white",164
"2018HU1286347",5,1,59309,3,"40_49","m","not.hisp.latino","asian",57
"2018HU1286784",5,5,51145,3,"10_19","f","not.hisp.latino","white",100
"2018HU1287090",5,4,59301,3,"0_9","f","not.hisp.latino","white",32
"2018HU1287443",5,3,51165,3,"30_39","f","not.hisp.latino","white",276
"2018HU1287865",5,1,51125,3,"20_29","m","not.hisp.latino","white",76
"2018HU1289085",5,2,51215,3,"50_59","f","not.hisp.latino","white",36
"2018HU1289335",5,4,59306,3,"10_19","m","not.hisp.latino","white",75
"2018HU1289533",5,1,51040,3,"40_49","m","not.hisp.latino","white",30
"2018HU1289604",5,1,51154,3,"40_49","m","not.hisp.latino","white",125
"2018HU1289815",5,1,51225,3,"40_49","f","not.hisp.latino","asian",79
"2018HU1290060",5,2,51097,3,"80_89","f","not.hisp.latino","white",20
"2018HU1290489",5,1,51010,3,"70_79","f","not.hisp.latino","white",13
"2018HU1290608",5,2,51154,3,"30_39","f","not.hisp.latino","white",64
"2018HU1291003",5,2,51097,3,"10_19","f","not.hisp.latino","white",157
"2018HU1291475",5,3,51020,3,"10_19","f","not.hisp.latino","white",86
"2018HU1291779",5,1,51225,3,"40_49","m","not.hisp.latino","white",68
"2018HU1292431",5,2,51246,3,"30_39","m","not.hisp.latino","white",131
"2018HU1294185",5,2,51206,3,"70_79","m","not.hisp.latino","white",88
"2018HU1294320",5,2,10703,3,"50_59","m","not.hisp.latino","white",83
"2018HU1295911",5,2,59309,3,"30_39","m","not.hisp.latino","white",165
"2018HU1296037",5,2,51020,3,"60_69","m","not.hisp.latino","white",11
"2018HU1297210",5,1,51084,3,"50_59","m","not.hisp.latino","white",28
"2018HU1297617",5,1,51080,3,"70_79","f","not.hisp.latino","white",206
"2018HU1297653",5,3,4102,3,"10_19","m","not.hisp.latino","white",63
"2018HU1299415",5,1,51044,3,"60_69","f","not.hisp.latino","white",84
"2018HU1300490",5,5,51244,3,"0_9","m","hisp.latino","two.",311
"2018HU1301136",5,1,10702,3,"40_49","f","not.hisp.latino","white",63
"2018HU1301136",5,2,10702,3,"40_49","m","not.hisp.latino","white",72
"2018HU1302614",5,3,51105,3,"0_9","m","hisp.latino","white",11
"2018HU1303437",5,1,51010,3,"70_79","m","not.hisp.latino","white",10
"2018HU1303526",5,4,51165,3,"0_9","f","not.hisp.latino","white",299
"2018HU1304059",5,2,10701,3,"70_79","f","not.hisp.latino","white",86
"2018HU1304539",5,3,51095,3,"0_9","f","not.hisp.latino","white",97
"2018HU1305062",5,6,51089,3,"0_9","m","not.hisp.latino","white",67
"2018HU1305551",5,1,51097,3,"60_69","m","not.hisp.latino","white",99
"2018HU1306078",5,1,59302,3,"50_59","m","not.hisp.latino","white",18
"2018HU1306658",5,2,51097,3,"70_79","m","not.hisp.latino","white",39
"2018HU1306725",5,3,51167,3,"10_19","m","not.hisp.latino","white",232
"2018HU1306807",5,3,55001,3,"10_19","f","not.hisp.latino","white",124
"2018HU1307555",5,3,10703,3,"10_19","m","not.hisp.latino","white",118
"2018HU1309656",5,3,51245,3,"10_19","f","hisp.latino","white",340
"2018HU1309843",5,1,51096,3,"70_79","m","not.hisp.latino","white",88
"2018HU1313467",5,1,51135,3,"50_59","m","not.hisp.latino","white",71
"2018HU1314657",5,1,10703,3,"30_39","m","not.hisp.latino","white",106
"2018HU1315558",5,2,51125,3,"0_9","f","not.hisp.latino","white",27
"2018HU1317739",5,1,51215,3,"60_69","f","not.hisp.latino","white",128
"2018HU1319362",5,1,51010,3,"70_79","f","not.hisp.latino","white",49
"2018HU1319440",5,3,4101,3,"10_19","m","not.hisp.latino","white",63
"2018HU1320128",5,4,59309,3,"20_29","f","not.hisp.latino","asian",26
"2018HU1320476",5,1,59308,3,"50_59","m","not.hisp.latino","asian",106
"2018HU1321188",5,2,51154,3,"60_69","m","not.hisp.latino","white",51
"2018HU1321273",5,4,51246,3,"10_19","f","not.hisp.latino","white",72
"2018HU1322414",5,2,51164,3,"50_59","f","not.hisp.latino","white",97
"2018HU1323315",5,1,51120,3,"40_49","m","not.hisp.latino","white",95
"2018HU1323915",5,3,51175,3,"20_29","f","not.hisp.latino","white",107
"2018HU1324861",5,1,1301,3,"70_79","f","not.hisp.latino","white",36
"2018HU1325035",5,2,51105,3,"70_79","m","not.hisp.latino","white",410
"2018HU1325096",5,5,51020,3,"0_9","m","not.hisp.latino","white",7
"2018HU1325165",5,4,59302,3,"30_39","f","not.hisp.latino","asian",122
"2018HU1325520",5,3,59303,3,"10_19","m","not.hisp.latino","white",15
"2018HU1325978",5,3,51020,3,"50_59","f","not.hisp.latino","white",30
"2018HU1326596",5,4,51087,3,"10_19","m","not.hisp.latino","white",9
"2018HU1327300",5,1,10703,3,"50_59","f","not.hisp.latino","white",19
"2018HU1327616",5,1,4102,3,"40_49","f","not.hisp.latino","white",41
"2018HU1327932",5,2,51095,3,"70_79","f","not.hisp.latino","white",67
"2018HU1328424",5,3,51045,3,"0_9","f","not.hisp.latino","white",162
"2018HU1328455",5,2,51206,3,"40_49","m","not.hisp.latino","white",53
"2018HU1329434",5,3,51206,3,"10_19","f","not.hisp.latino","white",99
"2018HU1331224",5,2,51167,3,"10_19","f","not.hisp.latino","white",100
"2018HU1332144",5,1,51235,3,"40_49","m","not.hisp.latino","white",215
"2018HU1332163",5,2,59307,3,"10_19","m","not.hisp.latino","white",46
"2018HU1332483",5,4,51145,3,"10_19","m","not.hisp.latino","white",493
"2018HU1333367",5,1,51115,3,"70_79","m","not.hisp.latino","asian",150
"2018HU1333516",5,4,10701,3,"10_19","f","not.hisp.latino","white",20
"2018HU1333663",5,2,59306,3,"60_69","f","not.hisp.latino","white",18
"2018HU1334339",5,1,51089,3,"50_59","f","not.hisp.latino","white",110
"2018HU1336372",5,2,51165,3,"70_79","f","not.hisp.latino","white",76
"2018HU1336849",5,1,51020,3,"40_49","m","not.hisp.latino","white",96
"2018HU1337387",5,1,51040,3,"40_49","m","not.hisp.latino","white",22
"2018HU1338139",5,4,51010,3,"10_19","m","not.hisp.latino","white",92
"2018HU1341006",5,3,51246,3,"0_9","m","not.hisp.latino","white",156
"2018HU1341867",5,3,51125,3,"10_19","m","not.hisp.latino","white",29
"2018HU1342220",5,1,59308,3,"50_59","m","not.hisp.latino","asian",242
"2018HU1343635",5,3,51080,3,"10_19","m","not.hisp.latino","white",148
"2018HU1344362",5,1,55001,3,"30_39","f","not.hisp.latino","white",176
"2018HU1344362",5,5,55001,3,"0_9","m","not.hisp.latino","white",176
"2018HU1345666",5,1,51110,3,"50_59","f","hisp.latino","white",283
"2018HU1346650",5,1,59307,3,"40_49","f","not.hisp.latino","white",51
"2018HU1346650",5,2,59307,3,"40_49","m","not.hisp.latino","white",61
"2018HU1346756",5,1,51246,3,"50_59","f","not.hisp.latino","asian",9
"2018HU1348093",5,2,51040,3,"80_89","f","not.hisp.latino","white",139
"2018HU1348360",5,5,51020,3,"0_9","f","not.hisp.latino","white",32
"2018HU1350679",5,1,51095,3,"50_59","m","not.hisp.latino","white",192
"2018HU1350679",5,2,51095,3,"50_59","f","not.hisp.latino","white",194
"2018HU1350708",5,6,59301,3,"40_49","m","hisp.latino","white",19
"2018HU1350815",5,1,51215,3,"50_59","m","not.hisp.latino","white",126
"2018HU1351256",5,1,51125,3,"70_79","m","not.hisp.latino","white",11
"2018HU1351559",5,1,59305,3,"80_89","m","not.hisp.latino","white",154
"2018HU1352132",5,2,51244,3,"40_49","m","not.hisp.latino","white",21
"2018HU1353112",5,5,51235,3,"10_19","f","not.hisp.latino","white",19
"2018HU1354933",5,2,4101,3,"60_69","f","not.hisp.latino","white",171
"2018HU1355058",5,1,51080,3,"20_29","f","not.hisp.latino","white",297
"2018HU1355764",5,1,51020,3,"50_59","f","not.hisp.latino","white",60
"2018HU1356401",5,1,51085,3,"30_39","f","not.hisp.latino","white",12
"2018HU1356401",5,4,51085,3,"10_19","f","not.hisp.latino","white",11
"2018HU1356622",5,2,55001,3,"20_29","f","not.hisp.latino","white",324
"2018HU1356973",5,4,51010,3,"0_9","m","not.hisp.latino","white",15
"2018HU1357160",5,3,51165,3,"20_29","f","not.hisp.latino","white",95
"2018HU1359242",5,4,59307,3,"0_9","m","not.hisp.latino","asian",55
"2018HU1359242",5,5,59307,3,"70_79","m","not.hisp.latino","asian",63
"2018HU1359429",5,1,51087,3,"40_49","m","not.hisp.latino","white",15
"2018HU1359600",5,2,59303,3,"10_19","m","not.hisp.latino","white",109
"2018HU1360773",5,2,55001,3,"40_49","f","not.hisp.latino","two.",151
"2018HU1361096",5,3,51010,3,"10_19","m","not.hisp.latino","white",10
"2018HU1361945",5,4,59308,3,"0_9","f","not.hisp.latino","two.",104
"2018HU1362720",5,1,51255,3,"30_39","f","not.hisp.latino","asian",153
"2018HU1364621",5,3,59306,3,"10_19","m","not.hisp.latino","asian",131
"2018HU1364645",5,1,51154,3,"20_29","m","not.hisp.latino","white",13
"2018HU1364747",5,2,59307,3,"30_39","f","not.hisp.latino","white",17
"2018HU1366932",5,5,51020,3,"0_9","m","not.hisp.latino","white",94
"2018HU1366982",5,1,51105,3,"50_59","f","not.hisp.latino","white",11
"2018HU1367473",5,2,51097,3,"70_79","f","not.hisp.latino","white",32
"2018HU1367790",5,3,51125,3,"30_39","m","not.hisp.latino","white",72
"2018HU1368352",5,2,51135,3,"40_49","f","not.hisp.latino","white",18
"2018HU1369110",5,2,51105,3,"40_49","m","not.hisp.latino","white",236
"2018HU1369301",5,3,51225,3,"10_19","f","not.hisp.latino","white",56
"2018HU1369478",5,2,51244,3,"50_59","m","not.hisp.latino","white",68
"2018HU1371004",5,2,51080,3,"50_59","f","not.hisp.latino","white",33
"2018HU1371820",5,1,51255,3,"40_49","f","not.hisp.latino","white",21
"2018HU1372566",5,1,51244,3,"40_49","m","not.hisp.latino","white",87
"2018HU1374123",5,1,51045,3,"40_49","m","not.hisp.latino","white",17
"2018HU1374223",5,1,51125,3,"70_79","f","not.hisp.latino","white",5
"2018HU1375607",5,3,51246,3,"10_19","f","not.hisp.latino","white",152
"2018HU1376655",5,3,4101,3,"10_19","f","not.hisp.latino","white",192
"2018HU1376970",5,1,59307,3,"50_59","m","not.hisp.latino","white",21
"2018HU1377335",5,2,51089,3,"50_59","f","not.hisp.latino","white",93
"2018HU1379679",5,1,51164,3,"60_69","f","not.hisp.latino","white",39
"2018HU1379698",5,3,51090,3,"20_29","m","not.hisp.latino","white",14
"2018HU1379863",5,2,51095,3,"10_19","m","hisp.latino","white",53
"2018HU1380279",5,4,51105,3,"0_9","m","not.hisp.latino","white",28
"2018HU1383047",5,4,51175,3,"0_9","m","not.hisp.latino","white",78
"2018HU1383461",5,4,59303,3,"0_9","m","not.hisp.latino","white",137
"2018HU1384076",5,1,51110,3,"30_39","f","not.hisp.latino","white",60
"2018HU1384409",5,1,51246,3,"30_39","m","hisp.latino","white",71
"2018HU1385275",5,1,51040,3,"60_69","f","not.hisp.latino","white",98
"2018HU1385344",5,2,1302,3,"30_39","m","not.hisp.latino","white",11
"2018HU1385357",5,2,51244,3,"40_49","m","not.hisp.latino","white",105
"2018HU1386893",5,3,51206,3,"10_19","m","not.hisp.latino","white",118
"2018HU1387801",5,1,51225,3,"60_69","f","not.hisp.latino","white",55
"2018HU1389600",5,2,59308,3,"60_69","f","not.hisp.latino","white",112
"2018HU1389885",5,2,51165,3,"60_69","f","not.hisp.latino","white",72
"2018HU1389886",5,1,51135,3,"30_39","m","not.hisp.latino","white",31
"2018HU1390444",5,1,51010,3,"60_69","m","not.hisp.latino","white",7
"2018HU1390537",5,3,10702,3,"10_19","m","not.hisp.latino","white",42
"2018HU1391189",5,2,51089,3,"60_69","m","not.hisp.latino","white",108
"2018HU1391921",5,2,51085,3,"70_79","m","not.hisp.latino","white",18
"2018HU1392873",5,1,10702,3,"40_49","m","not.hisp.latino","white",109
"2018HU1394198",5,1,51145,3,"60_69","m","not.hisp.latino","white",13
"2018HU1396803",5,2,59301,3,"30_39","m","hisp.latino","white",233
"2018HU1398550",5,1,59308,3,"50_59","m","not.hisp.latino","white",346
