PPSORT,CMA,AGE,SEX,RACE
193260,933,a55_59,m,onao_Canadian
641205,933,a40_44,m,eo_eeo_Ukrainian
525150,933,a5_9,m,ao_esao_Chinese
845859,933,a15_19,f,naao
374138,933,a40_44,m,ao_sao_ei
747676,933,a85_,m,eo_seo_Portuguese
178273,933,a50_54,m,eo_bio_Scottish
660419,933,a65_69,m,eo_bio_Scottish
22699,933,a5_9,m,onao_Canadian
451793,933,a60_64,m,ao_oesao
531203,933,a10_14,m,onao_Canadian
442153,933,a60_64,f,ao_sao_ei
408351,933,a70_74,m,naao
740381,933,a60_64,f,ao_esao_Chinese
183127,933,a50_54,f,ao_esao_Filipino
724407,933,a60_64,m,ao_esao_Chinese
737903,933,a75_79,f,ao_sao_ei
287268,933,a30_34,m,onao_Canadian
337670,933,a0_4,f,onao_Canadian
701963,933,a70_74,f,eo_seo_Italian
395294,933,a0_4,f,onao_Canadian
101628,933,a25_29,m,eo_eeo_Ukrainian
255935,933,a45_49,m,onao_Canadian
479308,933,a55_59,f,eo_oeeo
626600,933,a60_64,m,ao_oesao
651016,933,a0_4,m,ao_sao_ei
714781,933,a5_9,m,eo_seo_Italian
556374,933,a10_14,m,onao_Canadian
410835,933,a5_9,f,onao_Canadian
548853,933,a20_24,f,ao_esao_Chinese
691915,933,a50_54,f,ao_sao_ei
572029,933,a20_24,m,onao_Canadian
133189,933,a15_19,f,onao_Canadian
860714,933,a50_54,m,eo_bio_Irish
819551,933,a55_59,m,onao_Canadian
346612,933,a40_44,f,onao_Canadian
536703,933,a50_54,m,eo_weo_Dutch
641976,933,a10_14,m,ao_oesao
183414,933,a5_9,f,ao_esao_Chinese
82050,933,a35_39,f,ao_sao_ei
140898,933,a15_19,m,lcsao
787276,933,a60_64,m,eo_oweo
294840,933,a80_84,m,eo_bio_Scottish
381472,933,a55_59,f,eo_weo_Dutch
144266,933,a85_,m,eo_bio_English
490885,933,a20_24,f,onao_Canadian
520272,933,a10_14,f,onao_Canadian
355580,933,a30_34,m,eo_bio_English
3743,933,a45_49,f,onao_Canadian
397604,933,a35_39,m,eo_bio_Irish
151689,933,a20_24,f,eo_oseo
651651,933,a40_44,f,eo_eeo_Russian
306212,933,a15_19,f,ao_sao_ei
537195,933,a60_64,f,eo_oeeo
547731,933,a20_24,f,eo_bio_English
439128,933,a25_29,f,eo_bio_English
229788,933,a20_24,f,ao_sao_ei
647779,933,a65_69,f,eo_eeo_Polish
292528,933,a15_19,f,onao_Canadian
663401,933,a60_64,f,ao_sao_ei
298740,933,a0_4,m,ao_wcameo
904643,933,a50_54,f,eo_seo_Italian
905895,933,a60_64,f,eo_bio_Scottish
811910,933,a40_44,m,eo_bio_English
266102,933,a60_64,f,ao_esao_Chinese
59534,933,a25_29,f,ao_sao_ei
582344,933,a65_69,m,eo_bio_English
326182,933,a50_54,m,eo_bio_Scottish
58269,933,a30_34,m,eo_seo_Portuguese
186346,933,a60_64,m,ao_esao_Chinese
604907,933,a65_69,f,eo_eeo_Russian
203239,933,a45_49,f,onao_Canadian
11800,933,a5_9,m,ao_esao_Chinese
605455,933,a70_74,f,eo_bio_Scottish
577738,933,a45_49,f,eo_eeo_Ukrainian
870431,933,a50_54,f,eo_weo_German
344948,933,a45_49,m,eo_bio_Scottish
501093,933,a60_64,m,ao_sao_ei
797452,933,a50_54,f,eo_obio
569138,933,a5_9,m,ao_oesao
462830,933,a65_69,f,eo_weo_German
698815,933,a15_19,f,onao_Canadian
737429,933,a25_29,m,eo_bio_English
209458,933,a0_4,f,eo_seo_Italian
424515,933,a35_39,m,eo_weo_German
712774,933,a55_59,m,eo_bio_Scottish
29458,933,a15_19,m,eo_oeeo
889488,933,a55_59,f,eo_eeo_Polish
164266,933,a55_59,f,eo_neo
461911,933,a55_59,f,eo_oeeo
803669,933,a35_39,m,eo_weo_German
220659,933,a65_69,f,eo_bio_Scottish
681366,933,a75_79,m,eo_bio_English
885838,933,a0_4,f,ao_esao_Filipino
928887,933,a40_44,f,eo_seo_Italian
440314,933,a55_59,f,eo_weo_German
820092,933,a10_14,f,eo_seo_Italian
177254,933,a55_59,m,eo_fo
550159,933,a30_34,m,eo_bio_Scottish
621518,933,a55_59,f,eo_neo
163641,933,a10_14,f,eo_oseo
674861,933,a60_64,f,oco
853351,933,a0_4,m,onao_Canadian
587653,933,a25_29,f,eo_bio_Irish
357585,933,a60_64,f,onao_Canadian
562873,933,a0_4,m,ao_esao_Filipino
544250,933,a35_39,f,onao_Canadian
137126,933,a55_59,m,ao_esao_Chinese
815974,933,a50_54,m,ao_esao_Chinese
318045,933,a5_9,f,ao_esao_Chinese
343976,933,a45_49,m,onao_Canadian
531723,933,a65_69,m,oo
813862,933,a45_49,f,eo_weo_Dutch
930246,933,a35_39,f,ao_esao_Chinese
541908,933,a50_54,m,eo_bio_English
559857,933,a85_,f,onao_Canadian
392512,933,a30_34,m,ao_oesao
9607,933,a50_54,m,ao_esao_Filipino
633244,933,a60_64,f,eo_bio_English
128235,933,a10_14,f,onao_Canadian
570972,933,a65_69,m,eo_bio_English
333224,933,a45_49,f,onao_Canadian
392783,933,a15_19,m,ao
806793,933,a60_64,f,eo_bio_Scottish
300627,933,a55_59,f,ao_esao_Chinese
191041,933,a65_69,m,eo_bio_Scottish
776022,933,a65_69,f,eo_weo_Dutch
696530,933,a50_54,f,eo_weo_Dutch
737067,933,a5_9,f,onao_Canadian
625973,933,a40_44,f,eo_bio_English
233391,933,a20_24,m,eo_neo
144483,933,a0_4,f,eo_bio_Scottish
407461,933,a5_9,m,onao_Canadian
697507,933,a15_19,m,ao_esao_Chinese
482058,933,a5_9,m,ao_oesao
99545,933,a5_9,f,ao_sao_ei
290722,933,a50_54,f,eo_weo_Dutch
249911,933,a55_59,m,ao_esao_Chinese
26278,933,a35_39,f,ao_sao_ei
556136,933,a35_39,m,eo_bio_English
872581,933,a60_64,m,onao_Canadian
242204,933,a65_69,f,ao_sao_ei
899073,933,a45_49,m,naao
688402,933,a20_24,f,ao_sao_ei
548157,933,a55_59,f,onao_Canadian
758851,933,a60_64,m,eo_bio_Irish
338805,933,a0_4,m,onao_Canadian
735412,933,a30_34,m,eo_weo_German
208331,933,a50_54,m,eo_bio_Scottish
721914,933,a20_24,m,onao_Canadian
123105,933,a65_69,m,eo_eeo_Ukrainian
381319,933,a50_54,m,eo_eeo_Ukrainian
823538,933,a85_,m,ao_esao_Chinese
483326,933,a40_44,f,ao_esao_Chinese
72524,933,a65_69,f,eo_bio_English
380593,933,a60_64,m,eo_bio_Scottish
886341,933,a70_74,f,eo_bio_English
851271,933,a75_79,f,eo_oseo
601772,933,a50_54,f,eo_bio_English
40215,933,a45_49,f,ao_esao_Chinese
850653,933,a25_29,m,eo_bio_English
502454,933,a55_59,m,eo_bio_English
717036,933,a75_79,m,eo_bio_Scottish
558645,933,a40_44,f,eo_bio_English
623122,933,a50_54,m,eo_oweo
699577,933,a65_69,m,onao_Canadian
198242,933,a25_29,m,eo_bio_English
587992,933,a60_64,m,eo_bio_English
859623,933,a40_44,m,ao_oesao
806654,933,a15_19,f,onao_Canadian
119256,933,a0_4,f,onao_Canadian
9343,933,a55_59,f,ao_sao_ei
731862,933,a15_19,f,eo_bio_English
677901,933,a30_34,m,eo_weo_German
373173,933,a50_54,f,eo_oeeo
40440,933,a45_49,m,ao_oesao
457736,933,a65_69,m,eo_seo_Italian
430339,933,a0_4,m,ao_sao_ei
503104,933,a25_29,m,naao
874036,933,a0_4,m,naao
307867,933,a0_4,m,ao_esao_Chinese
32668,933,a45_49,f,eo_seo_Italian
143509,933,a55_59,f,onao_Canadian
829544,933,a50_54,m,eo_weo_Dutch
457551,933,a55_59,f,eo_weo_Dutch
53372,933,a50_54,m,eo_oeeo
781915,933,a45_49,m,ao_esao_Filipino
148605,933,a75_79,m,eo_weo_German
157323,933,a55_59,m,ao_oesao
367022,933,a55_59,m,eo_eeo_Russian
469094,933,a15_19,m,ao_oesao
598899,933,a5_9,m,ao_wcameo
639773,933,a20_24,m,eo_weo_German
446711,933,a65_69,f,eo_weo_German
897013,933,a65_69,m,onao_Canadian
527323,933,a55_59,m,eo_oeeo
376887,933,a15_19,f,onao_Canadian
30825,933,a5_9,m,onao_Canadian
117519,933,a0_4,m,eo_oeeo
639813,933,a30_34,f,ao_oesao
573656,933,a60_64,m,eo_bio_English
66411,933,a70_74,m,eo_neo
506707,933,a30_34,f,eo_weo_Dutch
131245,933,a50_54,f,eo_seo_Italian
592503,933,a65_69,f,eo_bio_Irish
324980,933,a25_29,f,onao_Canadian
776783,933,a15_19,m,ao_esao_Chinese
856180,933,a65_69,f,eo_bio_Irish
383812,933,a5_9,m,co_Jamaican
31552,933,a0_4,f,ao_sao_ei
474575,933,a45_49,m,eo_weo_German
295501,933,a60_64,m,onao_Canadian
231821,933,a35_39,f,eo_neo
93245,933,a5_9,m,eo_bio_English
823726,933,a65_69,m,ao_esao_Chinese
780795,933,a15_19,m,ao_esao_Chinese
23393,933,a75_79,m,eo_neo
403111,933,a20_24,m,onao_Canadian
36693,933,a75_79,f,ao_esao_Chinese
619596,933,a65_69,f,eo_bio_English
652552,933,a50_54,m,onao_Canadian
569830,933,a5_9,m,eo_bio_English
594060,933,a35_39,f,eo_bio_Scottish
51173,933,a10_14,m,oo
84660,933,a15_19,f,ao_oesao
727113,933,a45_49,m,onao_Canadian
92063,933,a70_74,f,onao_Canadian
807517,933,a65_69,m,eo_weo_Dutch
789269,933,a0_4,m,naao
449600,933,a70_74,m,ao_esao_Chinese
76044,933,a45_49,m,ao_oesao
266433,933,a15_19,m,ao_osao
763008,933,a40_44,f,eo_bio_English
833093,933,a25_29,m,eo_bio_English
833051,933,a60_64,f,ao_esao_Filipino
854616,933,a5_9,m,ao_esao_Chinese
102614,933,a55_59,f,eo_bio_Scottish
928136,933,a10_14,m,ao_sao_ei
697391,933,a60_64,f,eo_bio_English
375198,933,a60_64,f,ao_esao_Chinese
719998,933,a10_14,f,onao_Canadian
564909,933,a55_59,f,eo_seo_Italian
179593,933,a5_9,m,ao_osao
205951,933,a60_64,m,eo_weo_Dutch
65572,933,a30_34,m,ao_osao
90328,933,a0_4,f,ao_wcameo
732256,933,a70_74,f,eo_bio_English
859922,933,a45_49,m,eo_bio_English
442356,933,a50_54,f,ao_esao_Chinese
569992,933,a30_34,f,eo_bio_Scottish
58504,933,a60_64,m,eo_fo
777480,933,a45_49,m,eo_fo
311714,933,a40_44,f,eo_bio_Irish
141494,933,a75_79,f,eo_neo
400320,933,a25_29,m,eo_bio_English
930395,933,a70_74,f,eo_weo_German
820445,933,a20_24,m,ao_sao_ei
232101,933,a60_64,m,eo_bio_Scottish
480633,933,a50_54,m,eo_bio_English
717490,933,a75_79,m,eo_weo_German
838450,933,a30_34,f,ao_wcameo
444686,933,a60_64,m,onao_Canadian
453827,933,a55_59,f,eo_eeo_Russian
519498,933,a10_14,f,eo_bio_English
269820,933,a35_39,f,onao_Canadian
672566,933,a35_39,f,ao_esao_Chinese
872687,933,a20_24,f,onao_Canadian
642661,933,a30_34,m,ao_esao_Chinese
198417,933,a5_9,m,ao
2734,933,a35_39,f,onao_Canadian
129984,933,a55_59,f,eo_eeo_Ukrainian
279176,933,a50_54,f,onao_Canadian
265581,933,a20_24,m,eo_weo_Dutch
21264,933,a65_69,m,eo_bio_English
71923,933,a65_69,f,ao_esao_Chinese
820284,933,a50_54,f,ao_esao_Filipino
922507,933,a65_69,f,onao_Canadian
295945,933,a65_69,m,eo_fo
702237,933,a60_64,f,eo_eeo_Polish
297595,933,a55_59,m,onao_Canadian
874101,933,a40_44,m,ao_sao_ei
821775,933,a65_69,f,eo_bio_Scottish
774387,933,a85_,m,eo_seo_Italian
263988,933,a55_59,m,ao_wcameo
917903,933,a10_14,f,ao_esao_Chinese
427229,933,a55_59,m,eo_fo
919660,933,a60_64,m,eo_bio_English
822763,933,a60_64,m,eo_oseo
164266,933,a55_59,f,eo_neo
842651,933,a25_29,f,ao_oesao
466948,933,a50_54,f,onao_Canadian
73207,933,a50_54,f,onao_Canadian
849128,933,a60_64,f,eo_seo_Portuguese
779714,933,a65_69,m,ao
872849,933,a60_64,f,eo_bio_English
510156,933,a20_24,m,eo_bio_English
868198,933,a55_59,f,eo_neo
394692,933,a0_4,m,eo_weo_Dutch
599757,933,a55_59,f,eo_neo
721058,933,a30_34,f,eo_bio_Scottish
486636,933,a60_64,m,ao_oesao
806763,933,a15_19,f,ao_sao_ei
250025,933,a20_24,m,ao_esao_Chinese
368127,933,a50_54,f,onao_Canadian
814832,933,a70_74,f,eo_bio_English
228917,933,a15_19,f,ao_wcameo
664487,933,a0_4,m,onao_Canadian
706623,933,a0_4,f,naao
627815,933,a65_69,f,onao_Canadian
196925,933,a5_9,m,onao_Canadian
153764,933,a20_24,m,onao_Canadian
856771,933,a25_29,f,eo_bio_Scottish
85696,933,a20_24,m,ao
615173,933,a40_44,m,eo_oeeo
566574,933,a30_34,f,onao_Canadian
4440,933,a65_69,f,eo_bio_English
803669,933,a35_39,m,eo_weo_German
641143,933,a65_69,f,eo_seo_Spanish
538164,933,a45_49,m,eo_weo_German
104278,933,a60_64,f,eo_eeo_Polish
880704,933,a15_19,f,onao_Canadian
89239,933,a45_49,m,onao_Canadian
684515,933,a45_49,m,eo_weo_German
629836,933,a15_19,m,onao_Canadian
285746,933,a55_59,f,eo_bio_English
824929,933,a50_54,f,eo_weo_German
572440,933,a5_9,m,ao_sao_ei
61375,933,a75_79,m,eo_bio_Scottish
252567,933,a65_69,m,eo_bio_English
90757,933,a40_44,f,onao_Canadian
307041,933,a20_24,m,ao_wcameo
663939,933,a55_59,f,eo_bio_Irish
910527,933,a40_44,m,onao_Canadian
617974,933,a55_59,m,eo_neo
35347,933,a50_54,f,ao_esao_Chinese
772323,933,a35_39,m,naao
154884,933,a60_64,f,eo_bio_English
294542,933,a20_24,m,ao_sao_ei
716579,933,a15_19,f,eo_bio_Scottish
521968,933,a50_54,m,eo_bio_Scottish
664621,933,a0_4,f,onao_Canadian
575241,933,a30_34,m,eo_seo_Italian
794476,933,a60_64,f,eo_oeeo
536912,933,a65_69,f,ao_esao_Chinese
713543,933,a55_59,m,ao_esao_Filipino
691237,933,a70_74,f,eo_bio_English
214723,933,a80_84,m,eo_bio_Irish
681366,933,a75_79,m,eo_bio_English
9804,933,a25_29,m,ao_oesao
244008,933,a45_49,m,ao_esao_Filipino
627120,933,a60_64,m,eo_bio_Scottish
540935,933,a25_29,m,eo_eeo_Russian
734392,933,a15_19,f,onao_Canadian
57574,933,a40_44,m,onao_Canadian
783986,933,a60_64,m,eo_bio_English
548157,933,a55_59,f,onao_Canadian
406200,933,a5_9,m,eo_eeo_Russian
878005,933,a60_64,m,eo_bio_English
163276,933,a30_34,m,eo_bio_Scottish
302290,933,a30_34,f,ao_sao_ei
286754,933,a55_59,f,ao_esao_Chinese
776182,933,a15_19,f,eo_oeeo
11850,933,a0_4,f,ao
610907,933,a15_19,f,ao_esao_Chinese
498692,933,a35_39,f,eo_eeo_Ukrainian
758551,933,a0_4,f,onao_Canadian
510646,933,a55_59,f,ao_esao_Chinese
913965,933,a10_14,f,ao
198783,933,a60_64,m,eo_bio_Irish
655959,933,a50_54,m,ao_esao_Chinese
805645,933,a55_59,m,eo_bio_English
751169,933,a75_79,f,eo_oeeo
509068,933,a60_64,m,eo_fo
90102,933,a55_59,m,eo_weo_German
309660,933,a50_54,f,eo_neo
5360,933,a25_29,m,onao_Canadian
290191,933,a80_84,m,eo_weo_German
19139,933,a60_64,m,eo_seo_Italian
797523,933,a55_59,m,eo_bio_English
405063,933,a35_39,m,onao_Canadian
192541,933,a40_44,m,onao_Canadian
751639,933,a65_69,f,eo_neo
256811,933,a40_44,f,ao_oesao
819132,933,a55_59,f,eo_bio_Scottish
144840,933,a50_54,m,eo_seo_Italian
911969,933,a60_64,f,eo_weo_German
859365,933,a35_39,m,eo_bio_Irish
199831,933,a25_29,m,lcsao
431775,933,a50_54,m,eo_bio_Scottish
146365,933,a50_54,m,eo_oeeo
241730,933,a35_39,f,ao_sao_ei
149914,933,a50_54,f,onao_Canadian
884232,933,a20_24,f,eo_weo_Dutch
766894,933,a55_59,m,eo_bio_English
332220,933,a60_64,f,eo_seo_Italian
805116,933,a0_4,f,eo_seo_Italian
683770,933,a60_64,f,eo_obio
785071,933,a65_69,m,eo_eeo_Ukrainian
190703,933,a15_19,m,eo_bio_Irish
228061,933,a65_69,m,ao_sao_ei
123409,933,a50_54,m,eo_oweo
354907,933,a45_49,m,eo_oeeo
74774,933,a65_69,m,eo_bio_Scottish
19139,933,a60_64,m,eo_seo_Italian
592098,933,a40_44,m,eo_bio_English
6501,933,a55_59,m,eo_weo_Dutch
17185,933,a50_54,f,ao_esao_Chinese
230046,933,a50_54,m,eo_bio_English
742173,933,a50_54,m,eo_weo_German
869323,933,a40_44,m,eo_seo_Italian
36955,933,a65_69,f,eo_bio_English
546949,933,a40_44,f,eo_eeo_Russian
637111,933,a70_74,m,eo_weo_German
478660,933,a55_59,f,onao_Canadian
517457,933,a20_24,m,onao_Canadian
528211,933,a55_59,f,eo_neo
344685,933,a20_24,m,ao_esao_Filipino
16073,933,a35_39,f,ao_esao_Chinese
909250,933,a15_19,m,eo_obio
503942,933,a60_64,m,eo_weo_German
311068,933,a85_,f,eo_seo_Italian
273841,933,a70_74,f,eo_bio_English
31758,933,a45_49,f,eo_weo_German
612887,933,a30_34,m,ao_oesao
702561,933,a35_39,f,eo_fo
152253,933,a50_54,m,eo_bio_Scottish
341997,933,a50_54,f,eo_weo_German
130193,933,a45_49,m,onao_Canadian
678782,933,a75_79,f,eo_weo_Dutch
392951,933,a50_54,f,ao_sao_ei
269930,933,a20_24,f,ao_oesao
515214,933,a60_64,m,eo_bio_Scottish
313307,933,a15_19,f,onao_Canadian
307251,933,a55_59,f,naao
386576,933,a60_64,f,eo_bio_Scottish
719032,933,a70_74,f,eo_oseo
878205,933,a10_14,f,onao_Canadian
82588,933,a60_64,f,eo_bio_English
689208,933,a40_44,m,eo_bio_Irish
612423,933,a40_44,m,onao_Canadian
341927,933,a0_4,m,ao_esao_Chinese
776801,933,a15_19,m,onao_Canadian
575056,933,a5_9,m,ao_oesao
211651,933,a65_69,m,eo_neo
185105,933,a35_39,f,onao_Canadian
808416,933,a45_49,m,ao_oesao
469352,933,a45_49,f,ao_esao_Chinese
623844,933,a45_49,f,ao_osao
235691,933,a45_49,f,eo_weo_German
130225,933,a60_64,f,eo_weo_German
835112,933,a55_59,m,eo_bio_English
65486,933,a40_44,m,onao_Canadian
396003,933,a25_29,m,onao_Canadian
505466,933,a15_19,m,onao_Canadian
705937,933,a20_24,f,ao_sao_ei
160080,933,a20_24,f,ao_osao
557859,933,a65_69,f,onao_Canadian
7344,933,a10_14,f,ao_sao_ei
27329,933,a5_9,m,onao_Canadian
178138,933,a85_,m,eo_bio_English
273215,933,a65_69,m,eo_eeo_Hungarian
367370,933,a55_59,m,eo_seo_Italian
194039,933,a60_64,m,onao_Canadian
491740,933,a55_59,f,eo_fo
903404,933,a45_49,m,lcsao
170169,933,a45_49,f,eo_eeo_Russian
56259,933,a35_39,m,eo_bio_Scottish
567278,933,a50_54,f,eo_neo
125132,933,a5_9,m,eo_oseo
223620,933,a65_69,f,ao_osao
247779,933,a85_,m,eo_bio_English
275396,933,a55_59,f,eo_bio_English
418772,933,a55_59,m,ao_wcameo
733123,933,a65_69,m,eo_weo_German
883067,933,a15_19,f,ao_esao_Chinese
657261,933,a25_29,f,onao_Canadian
904808,933,a15_19,f,eo_bio_English
23643,933,a65_69,m,ao_sao_ei
736360,933,a70_74,m,eo_weo_German
88914,933,a60_64,m,eo_eeo_Polish
91874,933,a65_69,f,eo_bio_Scottish
411316,933,a85_,f,eo_bio_Irish
247779,933,a85_,m,eo_bio_English
776863,933,a50_54,m,onao_Canadian
671059,933,a60_64,m,ao_oesao
853800,933,a55_59,f,eo_oweo
606659,933,a55_59,m,ao
465533,933,a0_4,f,ao_sao_ei
927548,933,a35_39,m,ao_sao_ei
61716,933,a55_59,m,eo_bio_Irish
578204,933,a80_84,f,eo_bio_English
605770,933,a10_14,f,eo_bio_English
123809,933,a40_44,m,eo_eeo_Ukrainian
733909,933,a50_54,m,ao_osao
218668,933,a60_64,f,eo_obio
692736,933,a5_9,f,eo_bio_English
901958,933,a55_59,m,eo_weo_German
488153,933,a60_64,m,eo_eeo_Russian
278832,933,a10_14,f,eo_seo_Portuguese
651001,933,a20_24,f,ao_esao_Filipino
226445,933,a75_79,f,eo_eeo_Russian
292926,933,a30_34,f,eo_fo
719436,933,a65_69,m,eo_seo_Portuguese
629945,933,a5_9,m,onao_Canadian
58454,933,a25_29,m,onao_Canadian
277716,933,a80_84,m,eo_bio_Irish
750000,933,a15_19,m,ao_osao
616006,933,a75_79,f,ao_esao_Chinese
430287,933,a65_69,f,eo_bio_English
455763,933,a20_24,m,eo_bio_Irish
233844,933,a15_19,m,eo_seo_Italian
455630,933,a75_79,f,eo_eeo_Russian
88212,933,a55_59,f,eo_weo_German
855179,933,a85_,m,eo_seo_Portuguese
452166,933,a20_24,m,onao_Canadian
757123,933,a55_59,f,eo_weo_Dutch
579120,933,a55_59,m,ao_esao_Chinese
817723,933,a45_49,m,onao_Canadian
261124,933,a20_24,f,eo_eeo_Ukrainian
572430,933,a55_59,m,ao_oesao
634211,933,a45_49,m,eo_bio_English
836381,933,a55_59,m,onao_Canadian
365081,933,a30_34,m,ao_esao_Chinese
798784,933,a35_39,f,eo_bio_English
666590,933,a85_,f,onao_Canadian
435260,933,a75_79,m,onao_Canadian
180332,933,a15_19,m,eo_seo_Italian
76439,933,a55_59,m,eo_eeo_Russian
63107,933,a10_14,f,eo_bio_English
89556,933,a60_64,m,onao_Canadian
182615,933,a65_69,m,eo_neo
615168,933,a30_34,m,ao
181691,933,a10_14,f,eo_bio_English
914691,933,a40_44,f,eo_bio_English
453277,933,a45_49,f,eo_seo_Portuguese
285811,933,a60_64,f,eo_eeo_Ukrainian
523103,933,a5_9,f,onao_Canadian
322957,933,a10_14,m,eo_eeo_Ukrainian
441367,933,a30_34,m,eo_bio_English
18939,933,a60_64,m,eo_bio_English
649402,933,a85_,m,eo_bio_English
920239,933,a55_59,f,onao_Canadian
282243,933,a50_54,m,ao_osao
242500,933,a0_4,f,eo_bio_Scottish
688279,933,a45_49,f,ao_wcameo
262119,933,a40_44,m,ao_sao_ei
780283,933,a55_59,m,eo_bio_English
51390,933,a75_79,f,onao_Canadian
822358,933,a65_69,f,eo_bio_Scottish
684641,933,a75_79,m,ao_sao_ei
47211,933,a75_79,f,eo_neo
86389,933,a5_9,f,ao_sao_ei
777057,933,a55_59,f,eo_seo_Italian
772197,933,a80_84,f,onao_Canadian
196030,933,a40_44,f,eo_fo
23763,933,a65_69,m,ao
799897,933,a40_44,f,ao_oesao
901567,933,a30_34,f,ao_wcameo
646453,933,a30_34,m,eo_seo_Italian
11605,933,a0_4,f,ao_esao_Chinese
