PPSORT,CMA,AGE,SEX,RACE
206230,933,a10_14,m,ao_osao
180978,933,a65_69,m,eo_bio_English
769630,933,a65_69,f,eo_bio_Scottish
505805,933,a5_9,m,onao_Canadian
579145,933,a5_9,m,ao_wcameo
612628,933,a15_19,m,ao_sao_ei
455784,933,a30_34,m,eo_eeo_Hungarian
366489,933,a5_9,m,ao_osao
83305,933,a30_34,f,eo_weo_German
78083,933,a0_4,f,eo_bio_Irish
344878,933,a0_4,f,eo_bio_English
530276,933,a55_59,m,onao_Canadian
308944,933,a55_59,f,ao_esao_Chinese
514383,933,a25_29,f,eo_bio_Irish
159910,933,a50_54,f,onao_Canadian
32251,933,a50_54,f,ao_esao_Chinese
591835,933,a25_29,m,onao_Canadian
202917,933,a65_69,m,ao_sao_ei
323659,933,a10_14,m,eo_bio_English
685227,933,a50_54,f,eo_weo_Dutch
364889,933,a45_49,f,ao_esao_Chinese
684672,933,a65_69,f,eo_bio_Scottish
415360,933,a65_69,f,naao
413805,933,a25_29,m,lcsao
67623,933,a25_29,f,onao_Canadian
428185,933,a40_44,m,ao_sao_ei
504937,933,a70_74,m,eo_weo_Dutch
186840,933,a5_9,m,onao_Canadian
857146,933,a55_59,f,ao_esao_Chinese
765137,933,a25_29,m,eo_bio_English
557520,933,a10_14,f,onao_Canadian
417312,933,a10_14,f,onao_Canadian
842006,933,a55_59,f,eo_bio_English
621148,933,a40_44,f,onao_Canadian
889833,933,a70_74,m,eo_bio_English
812975,933,a35_39,m,ao_wcameo
635660,933,a75_79,f,eo_bio_Scottish
466847,933,a65_69,m,ao_esao_Chinese
797975,933,a10_14,m,lcsao
83200,933,a40_44,f,eo_weo_German
188914,933,a15_19,f,eo_oeeo
166381,933,a60_64,f,eo_bio_Scottish
282928,933,a35_39,f,eo_seo_Portuguese
205766,933,a5_9,m,ao_esao_Filipino
331187,933,a45_49,f,eo_weo_German
194078,933,a70_74,m,eo_weo_German
878072,933,a40_44,f,eo_fo
86732,933,a30_34,f,onao_Canadian
147273,933,a55_59,f,ao_esao_Chinese
721083,933,a50_54,f,ao_oesao
833093,933,a25_29,m,eo_bio_English
386418,933,a40_44,m,eo_bio_English
872836,933,a15_19,m,onao_Canadian
27597,933,a10_14,m,onao_Canadian
223386,933,a35_39,f,eo_weo_Dutch
132681,933,a45_49,f,ao_esao_Chinese
396692,933,a60_64,m,eo_weo_Dutch
847229,933,a45_49,f,eo_weo_German
631354,933,a30_34,m,onao_Canadian
758148,933,a15_19,m,ao_sao_ei
478724,933,a85_,f,eo_weo_German
12883,933,a60_64,m,onao_Canadian
508187,933,a65_69,m,ao_sao_ei
473830,933,a20_24,m,onao_Canadian
906036,933,a35_39,f,eo_neo
36181,933,a70_74,f,eo_bio_English
123776,933,a10_14,m,ao_sao_ei
152351,933,a15_19,f,onao_Canadian
437146,933,a10_14,m,onao_Canadian
532546,933,a70_74,f,eo_weo_Dutch
516143,933,a35_39,m,eo_bio_English
660316,933,a5_9,m,eo_weo_German
391449,933,a45_49,m,eo_bio_Scottish
418116,933,a10_14,m,ao_sao_ei
780009,933,a20_24,f,eo_weo_Dutch
476216,933,a60_64,m,eo_bio_Scottish
92730,933,a55_59,f,eo_eeo_Ukrainian
115020,933,a60_64,m,ao_esao_Chinese
125494,933,a65_69,f,ao_osao
218771,933,a15_19,f,eo_oeeo
391872,933,a60_64,f,onao
816914,933,a45_49,m,eo_fo
914442,933,a20_24,m,eo_bio_Scottish
630122,933,a20_24,f,ao_sao_ei
550063,933,a25_29,f,lcsao
190703,933,a15_19,m,eo_bio_Irish
4939,933,a35_39,f,ao_esao_Chinese
668126,933,a25_29,f,ao_esao_Filipino
334108,933,a65_69,f,ao_esao_Chinese
417561,933,a35_39,f,oo
930037,933,a40_44,m,eo_weo_German
578294,933,a5_9,m,onao_Canadian
838596,933,a15_19,m,ao_oesao
185306,933,a5_9,m,ao_osao
163679,933,a25_29,f,eo_bio_English
232324,933,a0_4,f,onao_Canadian
930037,933,a40_44,m,eo_weo_German
801389,933,a45_49,f,eo_weo_Dutch
372984,933,a5_9,m,eo_weo_Dutch
611819,933,a0_4,m,onao_Canadian
579490,933,a65_69,m,ao_esao_Chinese
405405,933,a55_59,m,onao_Canadian
496348,933,a10_14,m,oo
102855,933,a65_69,m,eo_weo_German
543754,933,a15_19,m,ao_sao_ei
840973,933,a50_54,f,eo_eeo_Polish
96591,933,a5_9,m,ao_sao_ei
419496,933,a40_44,m,eo_bio_English
383095,933,a0_4,m,ao_esao_Filipino
97779,933,a5_9,f,oo
552032,933,a15_19,m,ao_esao_Chinese
822378,933,a25_29,m,eo_bio_English
147157,933,a35_39,f,eo_eeo_Ukrainian
329303,933,a5_9,f,onao_Canadian
170870,933,a40_44,m,onao_Canadian
353563,933,a45_49,m,ao_esao_Chinese
777294,933,a20_24,f,ao_osao
420501,933,a40_44,f,eo_seo_Italian
36419,933,a55_59,f,eo_bio_English
560488,933,a35_39,m,ao_sao_ei
697455,933,a55_59,m,onao_Canadian
879033,933,a45_49,m,ao_esao_Chinese
425449,933,a50_54,m,eo_bio_Irish
876072,933,a10_14,f,onao_Canadian
524026,933,a15_19,m,eo_neo
446644,933,a20_24,f,ao_sao_ei
612088,933,a5_9,f,eo_weo_Dutch
546380,933,a30_34,m,eo_bio_Irish
860248,933,a60_64,f,eo_bio_English
825228,933,a40_44,m,onao_Canadian
371710,933,a65_69,f,eo_eeo_Polish
689669,933,a30_34,m,eo_bio_English
407810,933,a10_14,m,ao_wcameo
62056,933,a75_79,f,eo_weo_Dutch
371852,933,a20_24,m,ao_esao_Chinese
147466,933,a55_59,m,onao_Canadian
62847,933,a40_44,m,eo_bio_English
239238,933,a65_69,f,onao_Canadian
24503,933,a5_9,m,lcsao
927835,933,a70_74,f,eo_seo_Italian
886341,933,a70_74,f,eo_bio_English
6140,933,a20_24,m,eo_seo_Italian
112507,933,a0_4,f,onao_Canadian
395953,933,a0_4,f,ao_esao_Chinese
23139,933,a10_14,f,onao_Canadian
270298,933,a30_34,f,lcsao
598387,933,a70_74,f,eo_weo_German
528449,933,a10_14,f,eo_bio_English
246934,933,a5_9,f,ao_esao_Chinese
773837,933,a60_64,f,onao_Canadian
582880,933,a15_19,m,ao_sao_ei
267330,933,a50_54,f,ao_esao_Chinese
297287,933,a0_4,f,eo_bio_Scottish
606970,933,a60_64,m,ao_esao_Chinese
101706,933,a10_14,f,onao_Canadian
541931,933,a60_64,f,eo_oeeo
290273,933,a45_49,m,eo_neo
160627,933,a45_49,f,eo_bio_Irish
79765,933,a70_74,m,eo_bio_English
485015,933,a50_54,m,eo_eeo_Hungarian
116780,933,a65_69,m,eo_bio_English
603147,933,a55_59,f,eo_fo
719496,933,a0_4,m,onao_Canadian
175716,933,a55_59,f,onao_Canadian
914503,933,a45_49,m,eo_bio_Scottish
63023,933,a65_69,f,eo_bio_English
719340,933,a0_4,f,onao_Canadian
371547,933,a40_44,m,onao_Canadian
536566,933,a65_69,f,eo_oeeo
223883,933,a0_4,f,ao_osao
178685,933,a10_14,m,ao_esao_Chinese
245912,933,a35_39,f,eo_eeo_Ukrainian
497472,933,a5_9,f,eo_oeeo
665269,933,a0_4,f,onao_Canadian
676348,933,a10_14,m,ao_sao_ei
719030,933,a50_54,f,eo_eeo_Ukrainian
328638,933,a65_69,m,ao_sao_ei
736135,933,a35_39,f,eo_bio_Scottish
564310,933,a25_29,m,eo_bio_English
778858,933,a15_19,m,ao_osao
752418,933,a55_59,f,onao_Canadian
592138,933,a65_69,m,ao_esao_Filipino
416321,933,a25_29,f,eo_bio_Irish
88811,933,a40_44,m,lcsao
780978,933,a15_19,m,ao_esao_Chinese
128928,933,a25_29,f,eo_weo_German
731497,933,a20_24,f,onao_Canadian
587653,933,a25_29,f,eo_bio_Irish
299412,933,a50_54,m,onao_Canadian
214105,933,a5_9,m,onao_Canadian
18111,933,a65_69,m,ao_oesao
452715,933,a5_9,f,eo_bio_English
557230,933,a25_29,f,eo_eeo_Ukrainian
589028,933,a45_49,m,eo_seo_Italian
664487,933,a0_4,m,onao_Canadian
642149,933,a5_9,f,onao_Canadian
816912,933,a40_44,m,eo_bio_Irish
607246,933,a45_49,m,eo_neo
723861,933,a15_19,f,ao_esao_Chinese
244583,933,a35_39,m,ao_esao_Chinese
872836,933,a15_19,m,onao_Canadian
706019,933,a40_44,m,eo_oseo
110376,933,a50_54,m,eo_bio_English
914503,933,a45_49,m,eo_bio_Scottish
375468,933,a55_59,f,eo_weo_German
249554,933,a10_14,f,ao_oesao
539148,933,a15_19,f,lcsao
418637,933,a45_49,m,ao_esao_Filipino
845859,933,a15_19,f,naao
608182,933,a50_54,f,eo_weo_German
629099,933,a50_54,f,ao_esao_Filipino
103865,933,a60_64,m,ao_esao_Chinese
51587,933,a65_69,m,eo_bio_Irish
559513,933,a65_69,m,eo_weo_German
502334,933,a50_54,m,eo_weo_Dutch
79740,933,a40_44,f,eo_eeo_Russian
39833,933,a15_19,m,ao_sao_ei
830320,933,a65_69,f,ao_esao_Chinese
303155,933,a45_49,f,ao_esao_Chinese
145986,933,a10_14,f,ao_esao_Chinese
34525,933,a55_59,m,eo_seo_Italian
846002,933,a45_49,f,eo_bio_Irish
821235,933,a45_49,f,eo_weo_Dutch
359928,933,a10_14,m,onao_Canadian
58249,933,a15_19,m,ao_esao_Chinese
276231,933,a10_14,f,naao
391376,933,a20_24,f,onao_Canadian
479015,933,a40_44,f,ao_esao_Chinese
918921,933,a30_34,m,eo_bio_English
587992,933,a60_64,m,eo_bio_English
462670,933,a40_44,f,eo_eeo_Russian
776022,933,a65_69,f,eo_weo_Dutch
48663,933,a10_14,f,onao_Canadian
19278,933,a45_49,f,eo_neo
421702,933,a80_84,m,eo_bio_English
663358,933,a20_24,f,ao_osao
733648,933,a80_84,m,eo_bio_English
492919,933,a45_49,m,eo_bio_English
746621,933,a60_64,m,eo_bio_English
291890,933,a5_9,m,ao_sao_ei
803698,933,a0_4,m,ao_esao_Chinese
182266,933,a75_79,f,eo_oeeo
366107,933,a35_39,f,onao_Canadian
259691,933,a55_59,m,eo_weo_Dutch
416051,933,a25_29,m,eo_bio_English
315992,933,a55_59,f,eo_oeeo
335758,933,a40_44,m,eo_bio_English
619426,933,a65_69,f,eo_bio_English
265650,933,a50_54,m,eo_bio_English
281827,933,a60_64,f,eo_eeo_Polish
741362,933,a35_39,m,ao_sao_ei
539672,933,a15_19,m,ao_sao_ei
772509,933,a20_24,f,eo_eeo_Ukrainian
926333,933,a30_34,f,ao
93986,933,a50_54,f,eo_bio_English
544279,933,a60_64,f,eo_weo_German
151587,933,a55_59,m,eo_bio_English
351204,933,a40_44,f,ao_sao_ei
439739,933,a65_69,f,eo_bio_English
763008,933,a40_44,f,eo_bio_English
726322,933,a70_74,m,eo_bio_Scottish
242144,933,a15_19,m,eo_oeo
207780,933,a25_29,f,onao_Canadian
297841,933,a0_4,f,onao_Canadian
431197,933,a40_44,m,eo_oeeo
369281,933,a50_54,f,eo_seo_Italian
408250,933,a55_59,f,ao_esao_Chinese
746522,933,a55_59,f,onao_Canadian
268801,933,a65_69,f,eo_eeo_Ukrainian
254547,933,a35_39,m,eo_bio_Irish
847154,933,a15_19,f,ao_esao_Filipino
389613,933,a65_69,f,ao_esao_Chinese
101197,933,a55_59,f,ao_esao_Chinese
282727,933,a40_44,m,onao_Canadian
514873,933,a15_19,f,eo_bio_English
114011,933,a60_64,f,ao_sao_ei
44337,933,a65_69,f,eo_bio_English
59925,933,a55_59,m,eo_weo_German
694244,933,a40_44,f,ao_oesao
834615,933,a35_39,m,ao_esao_Filipino
360768,933,a60_64,f,onao_Canadian
673734,933,a50_54,f,eo_bio_Scottish
200337,933,a35_39,m,lcsao
858173,933,a10_14,m,ao_sao_ei
825443,933,a30_34,f,ao_oesao
598441,933,a55_59,m,eo_oeeo
396663,933,a20_24,f,eo_weo_German
724804,933,a65_69,f,onao_Canadian
290585,933,a10_14,f,naao
780678,933,a20_24,m,onao_Canadian
79017,933,a40_44,f,eo_bio_English
77402,933,a0_4,f,eo_bio_English
293493,933,a5_9,m,naao
31065,933,a15_19,m,onao_Canadian
917920,933,a55_59,m,eo_bio_Irish
578013,933,a10_14,m,onao_Canadian
108902,933,a10_14,f,eo_seo_Italian
359447,933,a35_39,m,eo_bio_English
280332,933,a70_74,m,ao_sao_ei
929080,933,a55_59,m,eo_fo
583987,933,a30_34,m,eo_neo
586850,933,a75_79,m,eo_weo_Dutch
708590,933,a70_74,f,eo_bio_Irish
766245,933,a65_69,m,onao_Canadian
921944,933,a50_54,m,eo_eeo_Polish
608964,933,a55_59,f,ao_oesao
94872,933,a70_74,f,eo_bio_English
851606,933,a45_49,f,eo_weo_German
798642,933,a15_19,m,onao_Canadian
671996,933,a15_19,f,onao_Canadian
700828,933,a25_29,m,eo_bio_Irish
769789,933,a85_,f,eo_bio_English
76573,933,a55_59,m,ao_sao_ei
372142,933,a40_44,f,ao_esao_Chinese
866153,933,a30_34,m,onao_Canadian
800088,933,a65_69,m,eo_bio_English
65342,933,a55_59,m,lcsao
631169,933,a35_39,m,ao_oesao
564891,933,a10_14,m,ao_esao_Chinese
503164,933,a0_4,f,eo_eeo_Polish
483908,933,a5_9,f,eo_neo
185290,933,a55_59,f,eo_bio_English
750264,933,a15_19,m,ao_sao_ei
24817,933,a45_49,f,eo_oeeo
870659,933,a40_44,m,onao_Canadian
315417,933,a5_9,m,eo_weo_Dutch
685354,933,a5_9,m,ao_esao_Chinese
116771,933,a60_64,m,eo_bio_Scottish
208856,933,a45_49,f,eo_neo
395958,933,a25_29,m,eo_seo_Portuguese
486771,933,a65_69,m,eo_eeo_Hungarian
651667,933,a5_9,f,eo_oseo
472810,933,a55_59,m,onao_Canadian
590039,933,a65_69,f,eo_eeo_Russian
806483,933,a30_34,f,eo_bio_Irish
642090,933,a30_34,m,eo_bio_English
538180,933,a60_64,m,onao_Canadian
142810,933,a10_14,f,onao_Canadian
758287,933,a20_24,m,eo_oeo
249091,933,a5_9,m,ao_esao_Chinese
102888,933,a80_84,f,eo_weo_Dutch
685831,933,a15_19,f,ao_esao_Filipino
55488,933,a60_64,f,eo_eeo_Ukrainian
290585,933,a10_14,f,naao
551065,933,a40_44,f,ao_sao_ei
122447,933,a30_34,m,ao_sao_ei
669902,933,a35_39,f,eo_seo_Italian
852158,933,a30_34,m,onao_Canadian
766392,933,a65_69,m,eo_bio_English
413709,933,a45_49,m,eo_obio
292763,933,a40_44,f,onao_Canadian
265719,933,a10_14,m,onao_Canadian
50101,933,a0_4,m,ao_sao_ei
819808,933,a30_34,m,lcsao
338244,933,a50_54,f,eo_eeo_Ukrainian
870338,933,a10_14,f,onao_Canadian
323793,933,a5_9,f,onao_Canadian
132638,933,a20_24,m,naao
442054,933,a70_74,m,eo_bio_Scottish
663946,933,a25_29,f,lcsao
561425,933,a30_34,m,eo_fo
517438,933,a80_84,f,eo_weo_Dutch
243978,933,a65_69,f,eo_weo_German
417312,933,a10_14,f,onao_Canadian
178185,933,a0_4,m,onao_Canadian
479909,933,a35_39,m,eo_bio_Irish
540818,933,a55_59,m,eo_weo_German
22842,933,a65_69,f,eo_weo_Dutch
392243,933,a45_49,f,eo_bio_English
900701,933,a45_49,m,onao_Canadian
200003,933,a0_4,f,onao_Canadian
922205,933,a35_39,m,eo_eeo_Ukrainian
305193,933,a50_54,f,lcsao
595110,933,a10_14,m,onao_Canadian
557435,933,a25_29,f,onao_Canadian
704305,933,a5_9,m,onao
500,933,a65_69,m,eo_bio_Scottish
137350,933,a10_14,m,onao_Canadian
406981,933,a10_14,f,ao_esao_Chinese
308602,933,a45_49,m,ao_wcameo
414618,933,a40_44,m,oo
123207,933,a50_54,m,ao_sao_ei
65328,933,a20_24,f,eo_fo
264451,933,a70_74,f,onao_Canadian
265228,933,a5_9,f,onao_Canadian
189303,933,a20_24,m,eo_eeo_Ukrainian
332018,933,a35_39,f,onao_Canadian
355581,933,a45_49,f,onao_Canadian
506171,933,a60_64,f,eo_oeeo
501305,933,a0_4,m,naao
422130,933,a60_64,f,ao_sao_ei
356040,933,a65_69,m,eo_bio_Scottish
906808,933,a10_14,f,ao_esao_Chinese
483399,933,a15_19,f,onao_Canadian
124753,933,a50_54,f,ao_esao_Chinese
666307,933,a25_29,f,lcsao
560324,933,a60_64,f,onao_Canadian
171919,933,a15_19,f,eo_oeeo
350697,933,a50_54,f,ao_esao_Chinese
458092,933,a40_44,m,lcsao
629753,933,a50_54,m,eo_bio_English
281087,933,a30_34,m,ao_wcameo
110144,933,a50_54,f,onao_Canadian
773422,933,a10_14,m,ao_wcameo
754751,933,a45_49,f,ao_sao_ei
497505,933,a45_49,f,eo_weo_German
259394,933,a5_9,m,ao
29492,933,a50_54,f,ao_esao_Chinese
466050,933,a60_64,f,eo_weo_German
254621,933,a5_9,f,ao_esao_Chinese
473087,933,a5_9,m,ao_esao_Chinese
122054,933,a35_39,f,onao_Canadian
505805,933,a5_9,m,onao_Canadian
383563,933,a45_49,m,eo_bio_Irish
663429,933,a80_84,m,eo_bio_English
906057,933,a0_4,f,ao_esao_Chinese
439940,933,a40_44,m,onao_Canadian
32466,933,a25_29,m,eo_bio_English
764696,933,a40_44,m,eo_bio_Scottish
188345,933,a10_14,f,onao_Canadian
82970,933,a55_59,f,eo_weo_German
767781,933,a15_19,m,onao_Canadian
849354,933,a40_44,f,ao_esao_Filipino
35716,933,a15_19,f,ao_esao_Chinese
516892,933,a55_59,m,onao_Canadian
270531,933,a60_64,f,eo_bio_English
804536,933,a40_44,f,ao_esao_Chinese
807646,933,a50_54,f,ao_wcameo
511724,933,a20_24,m,onao_Canadian
3743,933,a45_49,f,onao_Canadian
559126,933,a40_44,m,eo_bio_English
890642,933,a0_4,f,onao_Canadian
255036,933,a75_79,f,eo_eeo_Polish
828298,933,a60_64,m,eo_obio
855213,933,a5_9,m,ao_sao_ei
561571,933,a55_59,m,eo_seo_Italian
605977,933,a55_59,m,eo_bio_English
783986,933,a60_64,m,eo_bio_English
715125,933,a40_44,m,ao_esao_Chinese
441062,933,a5_9,f,ao_esao_Filipino
601521,933,a55_59,m,onao_Canadian
840568,933,a55_59,m,lcsao
140021,933,a50_54,f,onao_Canadian
884740,933,a25_29,m,eo_oeeo
542518,933,a0_4,m,ao_oesao
185911,933,a10_14,m,ao_sao_ei
177483,933,a35_39,m,eo_fo
715941,933,a45_49,m,eo_bio_English
923631,933,a60_64,m,eo_eeo_Polish
46457,933,a10_14,f,onao_Canadian
783742,933,a65_69,m,eo_bio_English
514873,933,a15_19,f,eo_bio_English
143893,933,a55_59,m,ao_esao_Filipino
620147,933,a0_4,f,onao_Canadian
726642,933,a40_44,f,onao_Canadian
918936,933,a45_49,f,eo_fo
796878,933,a55_59,f,onao_Canadian
12180,933,a30_34,m,eo_fo
712544,933,a25_29,f,ao_esao_Chinese
175045,933,a20_24,f,onao_Canadian
608380,933,a15_19,f,naao
798459,933,a40_44,m,eo_fo
484653,933,a55_59,m,eo_bio_English
919660,933,a60_64,m,eo_bio_English
300190,933,a50_54,m,onao_Canadian
