PPSORT,CMA,AGE,SEX,RACE
478569,933,a30_34,f,ao_sao_ei
432709,933,a40_44,m,eo_bio_English
484750,933,a45_49,f,ao_sao_ei
33638,933,a0_4,f,onao_Canadian
447296,933,a15_19,m,ao_sao_ei
195564,933,a40_44,m,ao_osao
166776,933,a30_34,m,onao_Canadian
899980,933,a55_59,f,ao_oesao
571315,933,a5_9,f,ao_sao_ei
681209,933,a25_29,f,ao_esao_Filipino
568583,933,a45_49,f,ao_sao_ei
477653,933,a25_29,f,eo_bio_English
105374,933,a0_4,m,ao_sao_ei
870585,933,a25_29,m,ao_osao
303331,933,a15_19,m,ao_sao_ei
720079,933,a45_49,m,ao_sao_ei
616214,933,a45_49,f,ao_oesao
304346,933,a5_9,m,ao_sao_ei
521021,933,a20_24,f,ao_sao_ei
642555,933,a5_9,m,ao_sao_ei
396038,933,a15_19,m,eo_bio_English
197893,933,a40_44,f,ao_sao_ei
323896,933,a60_64,m,ao_sao_ei
863717,933,a50_54,f,onao_Canadian
191749,933,a70_74,f,ao_oesao
484750,933,a45_49,f,ao_sao_ei
432815,933,a30_34,m,onao_Canadian
303644,933,a30_34,m,eo_eeo_Ukrainian
164020,933,a50_54,m,ao_esao_Chinese
539375,933,a40_44,f,ao_sao_ei
32275,933,a60_64,f,onao_Canadian
275413,933,a50_54,f,onao_Canadian
591984,933,a50_54,m,ao_sao_ei
781864,933,a45_49,f,ao_sao_ei
11546,933,a40_44,m,ao_sao_ei
112287,933,a55_59,m,ao_sao_ei
829574,933,a20_24,f,eo_bio_Scottish
753510,933,a0_4,m,ao_oesao
182114,933,a15_19,m,ao_sao_ei
750985,933,a10_14,m,ao_sao_ei
82141,933,a65_69,f,ao_sao_ei
878764,933,a30_34,m,ao_sao_ei
242526,933,a40_44,m,ao_sao_ei
243137,933,a5_9,m,ao_oesao
101546,933,a55_59,m,ao
401545,933,a55_59,f,ao_sao_ei
90561,933,a15_19,f,onao_Canadian
125620,933,a10_14,m,ao_oesao
412826,933,a40_44,m,ao_sao_ei
255927,933,a20_24,f,eo_eeo_Ukrainian
836625,933,a0_4,f,eo_eeo_Ukrainian
531430,933,a75_79,m,eo_neo
153452,933,a15_19,m,ao
58533,933,a0_4,f,ao
160627,933,a45_49,f,eo_bio_Irish
179148,933,a45_49,m,ao_sao_ei
891196,933,a45_49,m,eo_fo
796410,933,a5_9,f,lcsao
711192,933,a55_59,m,onao_Canadian
403550,933,a50_54,f,eo_weo_German
235454,933,a10_14,m,ao_oesao
567278,933,a50_54,f,eo_neo
541157,933,a5_9,f,ao_esao_Chinese
782401,933,a20_24,f,eo_oseo
876171,933,a15_19,m,ao_osao
67513,933,a20_24,m,ao_sao_ei
440314,933,a55_59,f,eo_weo_German
48520,933,a35_39,f,ao_sao_ei
329218,933,a20_24,f,onao_Canadian
361500,933,a15_19,f,ao_sao_ei
27516,933,a30_34,m,onao_Canadian
247237,933,a35_39,m,onao_Canadian
667286,933,a0_4,m,onao_Canadian
561439,933,a35_39,f,onao_Canadian
129679,933,a25_29,f,ao_oesao
284475,933,a70_74,f,ao_sao_ei
166393,933,a35_39,m,ao_sao_ei
533820,933,a10_14,f,ao_sao_ei
379901,933,a60_64,f,ao_sao_ei
134223,933,a30_34,f,ao_esao_Chinese
331637,933,a10_14,f,ao_sao_ei
885033,933,a50_54,m,onao_Canadian
553446,933,a65_69,f,eo_seo_Greek
502564,933,a60_64,f,ao_sao_ei
617571,933,a10_14,m,ao_sao_ei
70685,933,a45_49,m,ao_oesao
585530,933,a40_44,f,ao_sao_ei
140691,933,a5_9,m,eo_bio_English
213609,933,a60_64,f,eo_weo_German
485541,933,a65_69,f,ao
377201,933,a15_19,m,ao_sao_ei
380427,933,a60_64,f,eo_fo
914558,933,a55_59,f,onao_Canadian
652608,933,a20_24,m,ao_sao_ei
890765,933,a45_49,m,eo_seo_Greek
240842,933,a70_74,m,eo_bio_Scottish
209630,933,a30_34,f,ao_sao_ei
781864,933,a45_49,f,ao_sao_ei
860877,933,a0_4,m,ao_sao_ei
360981,933,a45_49,m,ao_sao_ei
634262,933,a10_14,f,naao
282995,933,a45_49,m,ao_sao_ei
518645,933,a30_34,m,ao_esao_Chinese
143123,933,a70_74,f,ao_sao_ei
829962,933,a55_59,f,eo_bio_Scottish
594298,933,a15_19,f,ao_sao_ei
471837,933,a0_4,f,ao_sao_ei
586668,933,a35_39,m,naao
583703,933,a30_34,f,onao_Canadian
609119,933,a30_34,m,ao_oesao
414618,933,a40_44,m,oo
181986,933,a50_54,f,eo_fo
433984,933,a80_84,f,onao_Canadian
36774,933,a25_29,f,eo_eeo_Polish
242604,933,a65_69,f,eo_weo_German
524170,933,a60_64,f,eo_eeo_Ukrainian
928589,933,a55_59,f,ao_oesao
242204,933,a65_69,f,ao_sao_ei
585188,933,a5_9,f,eo_bio_Irish
689394,933,a50_54,f,onao_Canadian
107601,933,a40_44,m,ao_osao
133223,933,a20_24,f,ao_oesao
912005,933,a60_64,f,ao_esao_Chinese
847588,933,a60_64,f,ao_sao_ei
528369,933,a5_9,m,ao_sao_ei
638402,933,a45_49,f,onao_Canadian
399033,933,a15_19,m,ao_esao_Chinese
342126,933,a60_64,m,eo_obio
429286,933,a60_64,m,eo_weo_German
216160,933,a55_59,f,eo_eeo_Ukrainian
360516,933,a30_34,m,eo_weo_German
113198,933,a30_34,m,eo_bio_Irish
249120,933,a0_4,m,ao_sao_ei
639773,933,a20_24,m,eo_weo_German
332018,933,a35_39,f,onao_Canadian
518182,933,a10_14,m,ao_sao_ei
366661,933,a65_69,m,ao_esao_Chinese
23783,933,a15_19,m,eo_seo_Greek
165856,933,a45_49,m,eo_bio_English
836363,933,a50_54,m,eo_bio_English
759677,933,a35_39,f,eo_obio
913633,933,a0_4,m,onao_Canadian
907398,933,a60_64,f,ao_oesao
65930,933,a10_14,f,ao_wcameo
629778,933,a30_34,f,ao_sao_ei
914196,933,a35_39,m,ao_oesao
775077,933,a25_29,m,ao_sao_ei
232419,933,a50_54,m,ao_sao_ei
908987,933,a10_14,f,ao_sao_ei
835011,933,a55_59,f,ao_esao_Chinese
648347,933,a75_79,f,onao_Canadian
282325,933,a50_54,f,ao_osao
710331,933,a35_39,f,ao_sao_ei
222755,933,a10_14,m,ao_sao_ei
715565,933,a75_79,f,ao_osao
729409,933,a10_14,f,ao_sao_ei
530767,933,a55_59,f,ao_sao_ei
578188,933,a45_49,m,ao_sao_ei
707346,933,a5_9,f,ao_sao_ei
622552,933,a15_19,m,ao_esao_Chinese
182757,933,a25_29,m,eo_bio_English
871502,933,a20_24,f,ao_oesao
99547,933,a45_49,f,ao_esao_Chinese
95109,933,a10_14,f,ao_sao_ei
514967,933,a25_29,f,ao_sao_ei
793698,933,a45_49,f,eo_bio_Scottish
117027,933,a45_49,m,onao_Canadian
850168,933,a60_64,m,ao_sao_ei
715981,933,a40_44,m,naao
794309,933,a40_44,f,onao_Canadian
759153,933,a10_14,f,eo_eeo_Ukrainian
794572,933,a20_24,m,ao_sao_ei
103871,933,a40_44,f,onao_Canadian
579343,933,a40_44,m,eo_seo_Greek
682404,933,a40_44,f,eo_weo_German
251542,933,a50_54,m,eo_bio_Scottish
200409,933,a0_4,m,ao_sao_ei
146031,933,a0_4,m,eo_eeo_Polish
836376,933,a35_39,m,eo_bio_Scottish
612032,933,a40_44,m,ao_sao_ei
713204,933,a75_79,m,eo_fo
112135,933,a45_49,m,ao_oesao
164277,933,a40_44,m,ao_sao_ei
818571,933,a25_29,m,ao_wcameo
728739,933,a35_39,m,ao_sao_ei
269486,933,a60_64,f,onao_Canadian
110177,933,a60_64,m,ao_osao
765799,933,a25_29,m,eo_bio_Scottish
44736,933,a50_54,m,eo_weo_German
239817,933,a20_24,m,ao_sao_ei
127346,933,a70_74,f,ao_sao_ei
780278,933,a35_39,f,ao_sao_ei
200240,933,a10_14,f,ao_esao_Chinese
221022,933,a35_39,f,eo_weo_Dutch
421309,933,a65_69,m,eo_neo
581063,933,a50_54,f,ao_oesao
7332,933,a5_9,f,ao_oesao
527859,933,a55_59,m,ao_sao_ei
895489,933,a15_19,m,ao_esao_Chinese
145833,933,a15_19,m,ao_sao_ei
166028,933,a20_24,m,ao_sao_ei
134201,933,a35_39,f,ao_osao
670739,933,a0_4,f,ao
184153,933,a80_84,f,ao_sao_ei
130225,933,a60_64,f,eo_weo_German
639358,933,a60_64,f,ao_sao_ei
756182,933,a20_24,m,ao_sao_ei
285696,933,a60_64,f,eo_weo_German
398845,933,a10_14,f,onao_Canadian
24571,933,a25_29,m,ao_sao_ei
44385,933,a45_49,f,ao_sao_ei
881047,933,a60_64,m,eo_fo
474754,933,a50_54,f,onao_Canadian
647134,933,a55_59,m,onao_Canadian
478540,933,a45_49,f,ao_oesao
388957,933,a50_54,f,eo_fo
291085,933,a35_39,f,onao_Canadian
478769,933,a20_24,f,eo_obio
461019,933,a10_14,m,ao_sao_ei
665111,933,a50_54,f,ao_sao_ei
71549,933,a70_74,f,ao_sao_ei
221169,933,a25_29,m,ao_sao_ei
621238,933,a30_34,f,onao_Canadian
82542,933,a5_9,f,eo_fo
835798,933,a25_29,f,ao_esao_Chinese
903512,933,a10_14,f,onao_Canadian
807640,933,a75_79,m,eo_bio_Scottish
674639,933,a55_59,f,ao_sao_ei
383263,933,a65_69,f,eo_bio_English
194344,933,a45_49,m,ao_sao_ei
771402,933,a40_44,m,ao_sao_ei
145853,933,a45_49,m,eo_bio_Scottish
638659,933,a50_54,f,ao_sao_ei
202917,933,a65_69,m,ao_sao_ei
557426,933,a45_49,f,eo_neo
915366,933,a25_29,m,ao_sao_ei
408148,933,a60_64,f,onao_Canadian
129818,933,a30_34,f,lcsao
811751,933,a5_9,m,ao_sao_ei
813165,933,a45_49,f,ao_oesao
566700,933,a0_4,f,ao_esao_Chinese
699028,933,a0_4,m,ao_sao_ei
335938,933,a65_69,f,ao_sao_ei
772012,933,a55_59,m,ao_sao_ei
118173,933,a60_64,m,eo_oseo
490947,933,a30_34,m,onao_Canadian
473684,933,a75_79,m,eo_eeo_Hungarian
326355,933,a50_54,m,ao
25804,933,a30_34,m,ao_sao_ei
27106,933,a55_59,f,eo_neo
416863,933,a60_64,m,ao_sao_ei
721494,933,a25_29,f,ao_osao
899078,933,a50_54,m,ao_sao_ei
527574,933,a5_9,m,ao_sao_ei
850848,933,a50_54,m,onao_Canadian
360817,933,a25_29,f,eo_seo_Greek
316680,933,a40_44,f,ao_esao_Chinese
778281,933,a40_44,f,eo_eeo_Ukrainian
175592,933,a70_74,f,eo_eeo_Hungarian
303835,933,a20_24,m,ao_oesao
276707,933,a15_19,m,naao
148919,933,a50_54,m,ao_sao_ei
660217,933,a0_4,f,ao_sao_ei
433209,933,a55_59,f,ao_sao_ei
219519,933,a25_29,m,ao_sao_ei
195345,933,a30_34,f,eo_obio
610146,933,a55_59,m,eo_eeo_Hungarian
242799,933,a45_49,f,eo_bio_Irish
281604,933,a30_34,m,eo_fo
82050,933,a35_39,f,ao_sao_ei
799998,933,a20_24,m,onao_Canadian
239253,933,a15_19,m,eo_bio_English
321931,933,a15_19,f,ao_sao_ei
42477,933,a30_34,m,eo_oweo
624237,933,a0_4,m,ao_sao_ei
550132,933,a65_69,m,eo_bio_English
780278,933,a35_39,f,ao_sao_ei
729128,933,a40_44,f,eo_eeo_Ukrainian
462387,933,a40_44,m,eo_bio_Scottish
209111,933,a25_29,f,onao_Canadian
647712,933,a20_24,m,ao_sao_ei
695690,933,a15_19,f,onao_Canadian
336824,933,a20_24,f,ao_sao_ei
495100,933,a70_74,m,onao_Canadian
399286,933,a35_39,m,onao_Canadian
59513,933,a10_14,m,ao_sao_ei
12168,933,a30_34,f,eo_oeeo
915930,933,a40_44,m,eo_weo_German
192465,933,a20_24,m,ao_oesao
431169,933,a50_54,f,onao_Canadian
365186,933,a30_34,f,ao_sao_ei
408154,933,a10_14,m,ao_sao_ei
404088,933,a25_29,f,ao_sao_ei
134473,933,a35_39,m,ao_sao_ei
474851,933,a25_29,f,onao_Canadian
822028,933,a45_49,f,ao_sao_ei
378646,933,a40_44,m,eo_bio_English
618647,933,a5_9,m,eo_bio_English
636179,933,a35_39,f,ao_sao_ei
268048,933,a5_9,f,ao_sao_ei
800924,933,a50_54,m,ao_osao
631743,933,a65_69,m,eo_oseo
311373,933,a25_29,f,ao
886729,933,a30_34,m,onao_Canadian
928941,933,a70_74,f,eo_bio_Scottish
478748,933,a30_34,m,onao_Canadian
682091,933,a50_54,f,ao_sao_ei
485958,933,a40_44,f,ao_osao
594474,933,a60_64,f,eo_fo
232111,933,a45_49,f,lcsao
877571,933,a30_34,f,ao_sao_ei
209564,933,a25_29,f,ao_sao_ei
22160,933,a50_54,m,eo_oseo
687900,933,a0_4,f,ao_sao_ei
505531,933,a50_54,m,ao_sao_ei
323569,933,a45_49,f,ao_oesao
660600,933,a15_19,m,ao_sao_ei
852150,933,a15_19,m,ao_osao
651289,933,a45_49,m,ao_sao_ei
64768,933,a35_39,f,onao_Canadian
742135,933,a50_54,f,ao_sao_ei
81985,933,a35_39,m,ao_sao_ei
170497,933,a15_19,m,onao_Canadian
152612,933,a45_49,f,ao_sao_ei
292852,933,a25_29,m,ao_osao
506080,933,a25_29,f,ao_sao_ei
539672,933,a15_19,m,ao_sao_ei
500709,933,a65_69,m,ao_sao_ei
79064,933,a30_34,m,ao_sao_ei
191930,933,a55_59,f,ao_sao_ei
787517,933,a15_19,m,ao
714032,933,a40_44,m,ao_oesao
692282,933,a45_49,f,onao_Canadian
777480,933,a45_49,m,eo_fo
555332,933,a30_34,f,ao_sao_ei
197679,933,a5_9,m,ao_sao_ei
545983,933,a65_69,m,eo_weo_Dutch
27135,933,a10_14,m,ao_oesao
131568,933,a60_64,m,ao_sao_ei
775938,933,a25_29,m,eo_obio
396658,933,a35_39,f,eo_oseo
747094,933,a15_19,f,ao_sao_ei
164204,933,a65_69,f,onao_Canadian
389773,933,a25_29,m,onao_Canadian
355677,933,a55_59,f,ao_sao_ei
539967,933,a30_34,f,onao_Canadian
914058,933,a35_39,f,eo_bio_English
778123,933,a50_54,f,eo_weo_German
188756,933,a40_44,f,ao_sao_ei
295740,933,a5_9,m,ao_osao
910326,933,a0_4,m,ao_sao_ei
44146,933,a60_64,f,eo_oseo
664072,933,a30_34,f,ao_oesao
199676,933,a20_24,m,onao_Canadian
209164,933,a15_19,m,eo_bio_Scottish
186721,933,a60_64,m,eo_bio_English
375490,933,a20_24,m,onao_Canadian
319440,933,a30_34,m,onao_Canadian
43968,933,a45_49,m,ao_sao_ei
248568,933,a30_34,m,eo_bio_Scottish
202917,933,a65_69,m,ao_sao_ei
494869,933,a35_39,m,ao_osao
785690,933,a0_4,f,ao_sao_ei
136862,933,a40_44,m,eo_eeo_Ukrainian
199031,933,a50_54,f,ao_sao_ei
741053,933,a0_4,f,eo_eeo_Russian
208190,933,a55_59,m,ao_sao_ei
322830,933,a25_29,m,onao_Canadian
282949,933,a5_9,m,onao_Canadian
120208,933,a65_69,f,ao_esao_Chinese
879740,933,a30_34,f,ao_sao_ei
814969,933,a70_74,m,onao_Canadian
630337,933,a80_84,m,eo_bio_Scottish
597476,933,a5_9,m,ao_sao_ei
422803,933,a55_59,f,eo_seo_Spanish
49977,933,a0_4,f,ao_esao_Chinese
119371,933,a25_29,m,ao_sao_ei
432487,933,a30_34,m,ao_sao_ei
506956,933,a55_59,m,ao_oesao
419355,933,a10_14,m,ao_oesao
526408,933,a35_39,f,eo_bio_Irish
804638,933,a0_4,m,ao_oesao
742145,933,a5_9,m,ao_sao_ei
618156,933,a5_9,f,ao_sao_ei
702036,933,a30_34,m,ao_oesao
497505,933,a45_49,f,eo_weo_German
261199,933,a15_19,f,ao_sao_ei
416675,933,a35_39,m,ao_osao
923931,933,a30_34,f,eo_bio_English
826576,933,a20_24,f,eo_bio_English
920228,933,a15_19,f,ao_sao_ei
707983,933,a50_54,m,eo_bio_English
616514,933,a50_54,f,onao_Canadian
598194,933,a35_39,f,onao_Canadian
825410,933,a0_4,m,onao_Canadian
637284,933,a25_29,m,eo_fo
214723,933,a80_84,m,eo_bio_Irish
144483,933,a0_4,f,eo_bio_Scottish
371389,933,a45_49,f,ao_sao_ei
370926,933,a45_49,m,ao_sao_ei
408105,933,a60_64,f,ao_sao_ei
282601,933,a50_54,m,ao_esao_Chinese
781864,933,a45_49,f,ao_sao_ei
601224,933,a10_14,m,ao_sao_ei
59291,933,a35_39,m,eo_bio_Irish
305692,933,a20_24,m,ao_sao_ei
828924,933,a40_44,m,eo_eeo_Russian
895495,933,a15_19,f,ao_sao_ei
247633,933,a5_9,f,ao_sao_ei
522080,933,a30_34,m,ao_sao_ei
515379,933,a35_39,f,ao_sao_ei
140397,933,a50_54,f,eo_oeeo
111626,933,a20_24,f,ao_esao_Filipino
690161,933,a10_14,f,ao_osao
826519,933,a40_44,m,eo_bio_English
442158,933,a5_9,m,ao_sao_ei
927909,933,a60_64,f,eo_eeo_Polish
67695,933,a45_49,f,ao_sao_ei
652771,933,a25_29,f,onao_Canadian
54010,933,a35_39,f,onao_Canadian
243975,933,a5_9,f,ao_oesao
891957,933,a15_19,m,ao_sao_ei
247633,933,a5_9,f,ao_sao_ei
754993,933,a25_29,m,eo_oeeo
10684,933,a55_59,m,eo_eeo_Polish
408061,933,a0_4,f,ao_sao_ei
69127,933,a60_64,m,onao_Canadian
884232,933,a20_24,f,eo_weo_Dutch
760708,933,a55_59,m,eo_bio_Scottish
232419,933,a50_54,m,ao_sao_ei
77376,933,a45_49,m,ao_sao_ei
557435,933,a25_29,f,onao_Canadian
161817,933,a30_34,m,eo_weo_German
843959,933,a60_64,m,ao_esao_Chinese
372418,933,a65_69,m,onao_Canadian
260237,933,a15_19,m,ao_oesao
21036,933,a20_24,f,onao_Canadian
516174,933,a60_64,f,ao_sao_ei
248525,933,a40_44,f,ao_sao_ei
858668,933,a20_24,m,eo_eeo_Russian
840090,933,a45_49,f,ao_oesao
201847,933,a75_79,f,eo_oseo
65572,933,a30_34,m,ao_osao
68804,933,a40_44,f,ao_sao_ei
174216,933,a0_4,m,ao_oesao
195037,933,a25_29,m,ao_sao_ei
85521,933,a60_64,f,eo_eeo_Ukrainian
733123,933,a65_69,m,eo_weo_German
27548,933,a60_64,m,ao_sao_ei
406866,933,a10_14,f,ao_osao
685236,933,a35_39,f,ao_oesao
402417,933,a35_39,f,ao_sao_ei
401637,933,a30_34,f,ao_oesao
266433,933,a15_19,m,ao_osao
834362,933,a35_39,f,eo_eeo_Russian
365558,933,a75_79,f,eo_bio_Scottish
567377,933,a70_74,f,ao_esao_Chinese
613784,933,a40_44,m,ao_sao_ei
628212,933,a0_4,f,naao
385066,933,a55_59,f,onao_Canadian
303937,933,a60_64,f,eo_neo
145508,933,a50_54,m,eo_bio_Scottish
687406,933,a25_29,m,onao_Canadian
18034,933,a60_64,m,eo_obio
917060,933,a10_14,m,ao_oesao
859916,933,a60_64,f,eo_seo_Greek
501046,933,a65_69,f,eo_obio
864000,933,a40_44,f,onao_Canadian
727774,933,a60_64,m,ao_sao_ei
269239,933,a60_64,m,eo_weo_German
71691,933,a60_64,f,ao_sao_ei
425432,933,a45_49,m,eo_weo_German
746402,933,a60_64,f,lcsao
89120,933,a20_24,f,ao_osao
709103,933,a55_59,f,eo_neo
203239,933,a45_49,f,onao_Canadian
28326,933,a55_59,m,ao_sao_ei
730219,933,a5_9,f,ao_oesao
307915,933,a5_9,m,ao_wcameo
494794,933,a65_69,m,eo_bio_English
438776,933,a50_54,m,ao_sao_ei
360667,933,a60_64,m,eo_eeo_Ukrainian
811102,933,a30_34,f,ao_sao_ei
692370,933,a0_4,f,naao
479433,933,a10_14,f,onao_Canadian
914558,933,a55_59,f,onao_Canadian
904594,933,a40_44,f,ao_sao_ei
657074,933,a55_59,f,ao_sao_ei
699936,933,a35_39,m,ao_sao_ei
43048,933,a35_39,m,ao_sao_ei
464506,933,a60_64,m,eo_eeo_Polish
144155,933,a45_49,f,onao_Canadian
344443,933,a5_9,f,ao_sao_ei
655273,933,a40_44,f,onao_Canadian
264574,933,a50_54,f,ao_sao_ei
238340,933,a35_39,m,ao_sao_ei
380593,933,a60_64,m,eo_bio_Scottish
562297,933,a60_64,m,ao_sao_ei
455447,933,a10_14,f,onao_Canadian
376774,933,a35_39,m,eo_oseo
226680,933,a15_19,m,ao_sao_ei
542812,933,a65_69,m,ao_sao_ei
81636,933,a65_69,f,ao_sao_ei
570251,933,a0_4,m,onao_Canadian
904993,933,a45_49,m,ao_sao_ei
829085,933,a35_39,f,ao_sao_ei
31552,933,a0_4,f,ao_sao_ei
687379,933,a30_34,m,ao_sao_ei
731969,933,a10_14,m,onao_Canadian
299108,933,a10_14,m,onao_Canadian
180016,933,a75_79,f,ao_sao_ei
80264,933,a35_39,m,ao_sao_ei
896369,933,a30_34,f,ao_sao_ei
41940,933,a30_34,m,lcsao
729904,933,a15_19,f,ao_sao_ei
564365,933,a0_4,m,onao_Canadian
372886,933,a20_24,f,onao_Canadian
623789,933,a20_24,m,onao_Canadian
32856,933,a70_74,f,eo_eeo_Russian
183219,933,a30_34,m,eo_bio_Scottish
175144,933,a25_29,f,ao_oesao
590657,933,a15_19,m,ao_sao_ei
864000,933,a40_44,f,onao_Canadian
154847,933,a30_34,m,onao_Canadian
399338,933,a55_59,m,ao_oesao
363060,933,a45_49,m,ao_sao_ei
3582,933,a70_74,m,eo_weo_German
264350,933,a25_29,m,eo_fo
314766,933,a15_19,m,onao_Canadian
573508,933,a10_14,f,ao_esao_Chinese
398913,933,a35_39,f,ao_sao_ei
461911,933,a55_59,f,eo_oeeo
714751,933,a40_44,f,eo_eeo_Hungarian
563707,933,a45_49,m,ao_sao_ei
363085,933,a30_34,f,ao_esao_Chinese
658621,933,a50_54,m,ao_sao_ei
809441,933,a20_24,m,ao_esao_Chinese
768263,933,a25_29,f,onao_Canadian
731615,933,a30_34,f,ao_osao
219370,933,a55_59,f,ao_sao_ei
914558,933,a55_59,f,onao_Canadian
878015,933,a65_69,m,ao_sao_ei
729735,933,a50_54,f,ao_sao_ei
125103,933,a20_24,f,onao_Canadian
714715,933,a20_24,m,ao
186621,933,a20_24,m,onao_Canadian
241009,933,a15_19,m,ao_sao_ei
873757,933,a20_24,m,eo_weo_Dutch
145860,933,a60_64,m,eo_fo
567914,933,a50_54,m,ao_sao_ei
283266,933,a15_19,f,eo_weo_German
755224,933,a55_59,f,eo_fo
273543,933,a60_64,m,eo_bio_English
41217,933,a20_24,f,ao_sao_ei
228042,933,a30_34,f,lcsao
125214,933,a5_9,f,ao_esao_Filipino
250,933,a45_49,m,eo_bio_English
398157,933,a45_49,m,ao_osao
467466,933,a65_69,f,ao_sao_ei
861661,933,a0_4,f,ao_sao_ei
587264,933,a50_54,f,eo_eeo_Hungarian
146763,933,a30_34,f,ao_sao_ei
621817,933,a15_19,m,ao_sao_ei
819101,933,a25_29,f,lcsao
659329,933,a20_24,m,ao_sao_ei
179895,933,a10_14,m,ao_oesao
385918,933,a35_39,f,ao_sao_ei
457213,933,a50_54,m,eo_oseo
31135,933,a25_29,m,ao_osao
511380,933,a45_49,f,ao_sao_ei
818873,933,a0_4,f,onao_Canadian
845917,933,a5_9,m,ao_sao_ei
465467,933,a45_49,m,ao_sao_ei
408275,933,a65_69,m,ao_sao_ei
445589,933,a60_64,m,eo_bio_Irish
176586,933,a10_14,m,ao_sao_ei
555561,933,a40_44,f,eo_weo_German
507879,933,a55_59,m,eo_weo_German
162039,933,a45_49,f,eo_bio_English
817575,933,a60_64,m,onao_Canadian
408246,933,a40_44,m,ao_sao_ei
877312,933,a35_39,m,ao_sao_ei
412605,933,a55_59,f,eo_bio_English
818410,933,a25_29,m,ao_sao_ei
605977,933,a55_59,m,eo_bio_English
663895,933,a10_14,f,ao_sao_ei
34663,933,a30_34,f,onao_Canadian
99358,933,a20_24,m,ao_sao_ei
663599,933,a60_64,f,eo_fo
185444,933,a20_24,f,ao_sao_ei
543004,933,a5_9,m,eo_bio_English
315417,933,a5_9,m,eo_weo_Dutch
359681,933,a45_49,m,eo_weo_German
339432,933,a70_74,f,ao_sao_ei
895987,933,a65_69,f,ao_sao_ei
269103,933,a55_59,f,ao_sao_ei
278586,933,a55_59,m,eo_weo_German
147821,933,a50_54,m,eo_weo_German
766224,933,a35_39,m,ao_sao_ei
880762,933,a15_19,f,ao_sao_ei
630337,933,a80_84,m,eo_bio_Scottish
256396,933,a0_4,m,eo_weo_German
176147,933,a20_24,f,ao_sao_ei
398157,933,a45_49,m,ao_osao
719530,933,a10_14,f,ao_sao_ei
910722,933,a5_9,f,ao_sao_ei
152426,933,a30_34,m,ao_sao_ei
391019,933,a45_49,f,eo_bio_Scottish
729735,933,a50_54,f,ao_sao_ei
262603,933,a0_4,m,ao_sao_ei
68585,933,a25_29,m,ao_sao_ei
6083,933,a50_54,f,eo_eeo_Hungarian
29865,933,a50_54,f,onao_Canadian
415959,933,a5_9,m,onao_Canadian
535056,933,a0_4,m,lcsao
478779,933,a75_79,m,eo_weo_Dutch
200126,933,a35_39,m,eo_oseo
333587,933,a55_59,m,eo_weo_German
93117,933,a60_64,f,ao_sao_ei
344781,933,a5_9,f,ao_sao_ei
232736,933,a20_24,m,eo_bio_Scottish
356897,933,a60_64,m,eo_bio_Irish
441108,933,a0_4,m,onao_Canadian
212640,933,a20_24,f,onao_Canadian
169560,933,a55_59,f,ao_esao_Chinese
260093,933,a30_34,m,eo_bio_Irish
79838,933,a60_64,m,ao_sao_ei
447969,933,a30_34,m,onao_Canadian
218516,933,a55_59,f,ao_sao_ei
706570,933,a5_9,f,ao_sao_ei
618156,933,a5_9,f,ao_sao_ei
754019,933,a45_49,f,ao_sao_ei
241568,933,a30_34,m,naao
550938,933,a65_69,m,eo_bio_Irish
185092,933,a50_54,m,ao_oesao
553226,933,a25_29,m,eo_bio_Scottish
221926,933,a35_39,f,ao_sao_ei
316735,933,a70_74,m,lcsao
422631,933,a20_24,m,onao_Canadian
840773,933,a35_39,f,ao_sao_ei
784669,933,a45_49,f,ao_sao_ei
376234,933,a50_54,f,ao_sao_ei
173335,933,a60_64,m,ao_esao_Filipino
782216,933,a65_69,f,eo_weo_German
265189,933,a35_39,m,onao_Canadian
206086,933,a60_64,f,ao_sao_ei
592133,933,a5_9,f,ao_sao_ei
95030,933,a0_4,m,onao_Canadian
172149,933,a20_24,m,onao_Canadian
423972,933,a35_39,f,eo_oeeo
624237,933,a0_4,m,ao_sao_ei
483362,933,a25_29,m,ao_sao_ei
865336,933,a25_29,f,onao_Canadian
539917,933,a35_39,m,ao_sao_ei
501106,933,a45_49,m,eo_obio
765346,933,a60_64,f,onao_Canadian
210516,933,a55_59,f,eo_bio_English
834647,933,a25_29,f,ao_sao_ei
289938,933,a5_9,m,ao_sao_ei
449752,933,a65_69,m,ao_sao_ei
