PPSORT,CMA,AGE,SEX,RACE,KOL,WORKLANG,MARST,DWEL,MOBL
720646,933,a50_54,f,ao_esao_Chinese,no.official_lang,work.no.official_lang,married,apartment,external.movers
162506,933,a75_79,f,ao_esao_Chinese,no.official_lang,work.no.official_lang,married,apartment,non.movers
869049,933,a40_44,m,ao_esao_Chinese,official_lang,work.official_lang,married,apartment,non.movers
713127,933,a40_44,f,ao_esao_Chinese,official_lang,work.no.official_lang,married,apartment,external.movers
320687,933,a30_34,f,ao_oesao,official_lang,work.official_lang,no.married,single.detached.house,other.movers
202725,933,a80_84,m,ao_esao_Chinese,no.official_lang,work.no.official_lang,married,single.detached.house,non.movers
174314,933,a45_49,f,ao_sao_ei,official_lang,work.official_lang,married,apartment,non.movers
240777,933,a35_39,f,ao_esao_Chinese,official_lang,work.no.official_lang,married,single.detached.house,non.movers
212592,933,a10_14,m,ao_oesao,official_lang,work.no.official_lang,no.married,single.detached.house,nonmigrants.movers
431853,933,a20_24,f,ao_esao_Chinese,official_lang,work.official_lang,no.married,apartment,non.movers
356968,933,a25_29,m,ao_esao_Chinese,official_lang,work.official_lang,no.married,single.detached.house,nonmigrants.movers
425876,933,a25_29,m,ao,official_lang,work.no.official_lang,no.married,other.attached,non.movers
193212,933,a20_24,m,ao_sao_ei,official_lang,work.official_lang,no.married,apartment,non.movers
842684,933,a15_19,f,ao_esao_Chinese,official_lang,work.no.official_lang,no.married,single.detached.house,non.movers
818527,933,a15_19,f,eo_seo_Italian,official_lang,work.official_lang,no.married,apartment,nonmigrants.movers
807319,933,a45_49,m,eo_obio,official_lang,work.official_lang,no.married,single.detached.house,non.movers
823292,933,a20_24,f,ao_sao_ei,official_lang,work.official_lang,no.married,apartment,non.movers
174216,933,a0_4,m,ao_oesao,official_lang,work.no.official_lang,no.married,apartment,non.movers
812614,933,a45_49,f,ao_sao_ei,official_lang,work.official_lang,married,apartment,non.movers
923752,933,a55_59,f,eo_seo_Greek,official_lang,work.official_lang,married,other.attached,non.movers
148510,933,a45_49,m,ao_esao_Chinese,official_lang,work.official_lang,married,apartment,non.movers
338131,933,a30_34,f,ao_esao_Chinese,official_lang,work.no.official_lang,married,single.detached.house,non.movers
830863,933,a20_24,f,ao_sao_ei,official_lang,work.official_lang,no.married,apartment,non.movers
239990,933,a40_44,f,onao_Canadian,official_lang,work.no.official_lang,married,single.detached.house,non.movers
596538,933,a15_19,f,eo_bio_Irish,official_lang,work.official_lang,no.married,other.attached,non.movers
131742,933,a65_69,f,ao_sao_ei,no.official_lang,work.no.official_lang,married,other.attached,non.movers
323423,933,a50_54,m,eo_oeo,official_lang,work.official_lang,married,other.attached,non.movers
468743,933,a50_54,f,ao_oesao,official_lang,work.no.official_lang,married,apartment,non.movers
181271,933,a25_29,f,onao_Canadian,official_lang,work.no.official_lang,living.common.law,single.detached.house,non.movers
381472,933,a55_59,f,eo_weo_Dutch,official_lang,work.official_lang,no.married,apartment,non.movers
145210,933,a25_29,m,ao_esao_Chinese,official_lang,work.no.official_lang,no.married,apartment,nonmigrants.movers
815296,933,a35_39,m,ao_esao_Chinese,official_lang,work.no.official_lang,married,single.detached.house,non.movers
368534,933,a20_24,f,ao_esao_Filipino,official_lang,work.official_lang,no.married,single.detached.house,non.movers
160856,933,a0_4,m,ao_sao_ei,official_lang,work.no.official_lang,no.married,apartment,non.movers
636350,933,a15_19,f,ao_esao_Chinese,official_lang,work.no.official_lang,no.married,single.detached.house,non.movers
632092,933,a70_74,m,ao_esao_Chinese,official_lang,work.no.official_lang,married,single.detached.house,non.movers
453722,933,a50_54,m,ao_oesao,official_lang,work.no.official_lang,married,apartment,non.movers
521425,933,a20_24,m,ao_oesao,official_lang,work.official_lang,no.married,apartment,non.movers
167111,933,a40_44,f,ao_sao_ei,official_lang,work.official_lang,married,single.detached.house,non.movers
275986,933,a45_49,m,ao_esao_Chinese,official_lang,work.official_lang,married,other.attached,non.movers
640643,933,a55_59,m,ao_oesao,official_lang,work.official_lang,married,apartment,non.movers
364302,933,a70_74,f,eo_eeo_Ukrainian,official_lang,work.official_lang,married,apartment,non.movers
43466,933,a55_59,f,eo_oseo,official_lang,work.official_lang,married,single.detached.house,non.movers
713605,933,a0_4,f,ao_esao_Chinese,no.official_lang,work.no.official_lang,no.married,single.detached.house,non.movers
515226,933,a20_24,f,onao_Canadian,official_lang,work.official_lang,married,apartment,non.movers
845231,933,a65_69,m,ao_esao_Chinese,official_lang,work.no.official_lang,married,apartment,non.movers
223166,933,a15_19,f,ao_sao_ei,official_lang,work.no.official_lang,no.married,single.detached.house,non.movers
821775,933,a65_69,f,eo_bio_Scottish,official_lang,work.no.official_lang,widowed,apartment,non.movers
915045,933,a75_79,f,ao_sao_ei,official_lang,work.no.official_lang,married,other.attached,non.movers
886452,933,a65_69,f,ao_esao_Chinese,official_lang,work.official_lang,divorced,apartment,non.movers
238604,933,a55_59,m,eo_bio_English,official_lang,work.official_lang,divorced,apartment,non.movers
173051,933,a0_4,f,ao_osao,official_lang,work.no.official_lang,no.married,single.detached.house,nonmigrants.movers
372263,933,a75_79,f,ao_osao,no.official_lang,work.no.official_lang,married,apartment,non.movers
102550,933,a75_79,m,eo_seo_Portuguese,official_lang,work.no.official_lang,married,single.detached.house,non.movers
583070,933,a75_79,f,ao_esao_Chinese,official_lang,work.no.official_lang,married,single.detached.house,non.movers
177345,933,a35_39,m,ao_oesao,official_lang,work.official_lang,married,single.detached.house,non.movers
632106,933,a50_54,f,ao_esao_Chinese,official_lang,work.no.official_lang,married,single.detached.house,non.movers
362116,933,a20_24,m,ao_sao_ei,official_lang,work.no.official_lang,no.married,apartment,non.movers
142531,933,a40_44,f,ao_esao_Chinese,official_lang,work.official_lang,no.married,apartment,nonmigrants.movers
657747,933,a30_34,f,ao_esao_Chinese,official_lang,work.official_lang,married,apartment,nonmigrants.movers
149966,933,a45_49,m,eo_fo,official_lang,work.official_lang,living.common.law,other.attached,non.movers
93224,933,a50_54,f,ao_esao_Chinese,no.official_lang,work.no.official_lang,married,apartment,external.movers
471133,933,a40_44,m,ao_wcameo,official_lang,work.no.official_lang,married,apartment,non.movers
126958,933,a15_19,f,ao_sao_ei,official_lang,work.official_lang,no.married,apartment,non.movers
110344,933,a25_29,f,ao_sao_ei,official_lang,work.official_lang,married,apartment,non.movers
499290,933,a20_24,f,ao_esao_Chinese,official_lang,work.no.official_lang,no.married,apartment,non.movers
523558,933,a70_74,f,eo_seo_Italian,official_lang,work.no.official_lang,married,single.detached.house,non.movers
176638,933,a15_19,f,ao_oesao,official_lang,work.no.official_lang,no.married,apartment,non.movers
866188,933,a25_29,m,ao_esao_Chinese,official_lang,work.official_lang,married,apartment,nonmigrants.movers
125288,933,a30_34,f,onao_Canadian,official_lang,work.official_lang,no.married,apartment,non.movers
322827,933,a45_49,m,ao_esao_Filipino,official_lang,work.official_lang,married,apartment,non.movers
772789,933,a80_84,f,ao_esao_Chinese,no.official_lang,work.no.official_lang,widowed,single.detached.house,non.movers
800855,933,a70_74,m,ao_oesao,official_lang,work.official_lang,married,single.detached.house,non.movers
745198,933,a50_54,f,ao_oesao,official_lang,work.official_lang,married,single.detached.house,non.movers
596061,933,a40_44,m,ao_esao_Chinese,no.official_lang,work.official_lang,married,single.detached.house,non.movers
175787,933,a40_44,f,ao_esao_Chinese,official_lang,work.official_lang,separated,single.detached.house,non.movers
632334,933,a45_49,f,ao_esao_Chinese,official_lang,work.official_lang,living.common.law,apartment,non.movers
634167,933,a5_9,f,onao_Canadian,official_lang,work.no.official_lang,no.married,single.detached.house,non.movers
356454,933,a35_39,m,ao_esao_Chinese,official_lang,work.official_lang,no.married,other.attached,non.movers
174225,933,a10_14,f,onao_Canadian,official_lang,work.no.official_lang,no.married,single.detached.house,non.movers
269690,933,a70_74,f,eo_oseo,no.official_lang,work.no.official_lang,no.married,single.detached.house,non.movers
45950,933,a75_79,m,ao_esao_Filipino,official_lang,work.no.official_lang,married,apartment,non.movers
873132,933,a80_84,m,eo_weo_German,official_lang,work.no.official_lang,married,single.detached.house,non.movers
836296,933,a30_34,f,ao_esao_Chinese,official_lang,work.official_lang,no.married,apartment,other.movers
533336,933,a60_64,m,ao_wcameo,official_lang,work.no.official_lang,married,apartment,non.movers
227033,933,a35_39,m,ao_esao_Filipino,official_lang,work.official_lang,married,apartment,non.movers
745585,933,a20_24,m,onao_Canadian,official_lang,work.official_lang,no.married,apartment,non.movers
241571,933,a40_44,f,ao_osao,official_lang,work.no.official_lang,married,apartment,non.movers
894908,933,a50_54,m,ao_esao_Chinese,no.official_lang,work.official_lang,married,single.detached.house,non.movers
448433,933,a35_39,m,ao_esao_Chinese,official_lang,work.official_lang,living.common.law,apartment,external.movers
113592,933,a50_54,m,ao_esao_Chinese,official_lang,work.no.official_lang,no.married,apartment,non.movers
754752,933,a25_29,m,ao_esao_Chinese,official_lang,work.official_lang,no.married,apartment,nonmigrants.movers
444235,933,a40_44,m,ao_sao_ei,official_lang,work.official_lang,married,single.detached.house,nonmigrants.movers
751186,933,a40_44,f,ao_esao_Chinese,official_lang,work.no.official_lang,married,apartment,non.movers
291560,933,a55_59,m,ao_esao_Chinese,official_lang,work.no.official_lang,married,single.detached.house,non.movers
714174,933,a25_29,m,eo_obio,official_lang,work.official_lang,no.married,apartment,nonmigrants.movers
623532,933,a50_54,m,ao_sao_ei,official_lang,work.official_lang,married,apartment,non.movers
165003,933,a25_29,f,ao_sao_ei,official_lang,work.official_lang,married,single.detached.house,non.movers
642865,933,a45_49,m,ao_esao_Chinese,official_lang,work.official_lang,married,apartment,non.movers
495971,933,a55_59,f,eo_bio_Irish,official_lang,work.official_lang,divorced,other.attached,non.movers
400057,933,a40_44,m,ao_sao_ei,official_lang,work.official_lang,married,apartment,non.movers
213893,933,a0_4,m,ao_sao_ei,official_lang,work.no.official_lang,no.married,apartment,non.movers
421309,933,a65_69,m,eo_neo,official_lang,work.no.official_lang,living.common.law,single.detached.house,non.movers
398778,933,a20_24,f,ao_esao_Chinese,official_lang,work.official_lang,married,apartment,other.movers
73754,933,a15_19,f,ao_sao_ei,official_lang,work.official_lang,no.married,other.attached,non.movers
175746,933,a20_24,m,ao_esao_Filipino,official_lang,work.official_lang,no.married,apartment,non.movers
369906,933,a55_59,m,ao_oesao,official_lang,work.no.official_lang,living.common.law,apartment,non.movers
385916,933,a70_74,m,ao_sao_ei,no.official_lang,work.no.official_lang,married,apartment,non.movers
353942,933,a45_49,f,eo_weo_Dutch,official_lang,work.official_lang,no.married,apartment,non.movers
887156,933,a20_24,f,naao,official_lang,work.no.official_lang,living.common.law,apartment,non.movers
265696,933,a35_39,f,onao_Canadian,official_lang,work.no.official_lang,no.married,single.detached.house,other.movers
688064,933,a65_69,f,eo_bio_English,official_lang,work.no.official_lang,married,single.detached.house,non.movers
755795,933,a65_69,f,eo_bio_English,official_lang,work.no.official_lang,married,single.detached.house,non.movers
280485,933,a20_24,m,eo_weo_Dutch,official_lang,work.official_lang,no.married,apartment,non.movers
731318,933,a15_19,m,ao_osao,official_lang,work.no.official_lang,no.married,other.attached,non.movers
601589,933,a30_34,m,eo_weo_German,official_lang,work.official_lang,married,apartment,non.movers
2875,933,a35_39,m,lcsao,official_lang,work.official_lang,no.married,apartment,non.movers
924993,933,a60_64,m,ao_wcameo,official_lang,work.no.official_lang,married,other.attached,non.movers
374000,933,a30_34,f,ao_sao_ei,official_lang,work.official_lang,married,apartment,non.movers
92855,933,a40_44,m,ao_esao_Chinese,no.official_lang,work.no.official_lang,married,apartment,non.movers
142810,933,a10_14,f,onao_Canadian,official_lang,work.no.official_lang,no.married,single.detached.house,non.movers
203075,933,a65_69,m,eo_bio_Irish,official_lang,work.official_lang,married,apartment,other.movers
29135,933,a5_9,m,ao,official_lang,work.no.official_lang,no.married,apartment,non.movers
700052,933,a10_14,f,ao_esao_Chinese,official_lang,work.no.official_lang,no.married,single.detached.house,non.movers
245436,933,a25_29,m,eo_neo,official_lang,work.official_lang,living.common.law,single.detached.house,non.movers
746937,933,a15_19,f,ao_esao_Chinese,official_lang,work.official_lang,no.married,other.attached,non.movers
257360,933,a75_79,f,ao_esao_Chinese,no.official_lang,work.no.official_lang,married,apartment,non.movers
547960,933,a5_9,f,ao_wcameo,official_lang,work.no.official_lang,no.married,other.attached,non.movers
453399,933,a40_44,f,ao_sao_ei,official_lang,work.official_lang,divorced,other.attached,non.movers
353174,933,a45_49,f,ao_esao_Chinese,official_lang,work.official_lang,no.married,single.detached.house,non.movers
125214,933,a5_9,f,ao_esao_Filipino,official_lang,work.no.official_lang,no.married,other.attached,non.movers
555166,933,a85_,m,eo_bio_Scottish,official_lang,work.no.official_lang,married,single.detached.house,non.movers
582426,933,a10_14,f,ao_esao_Filipino,official_lang,work.no.official_lang,no.married,apartment,external.movers
888739,933,a50_54,f,ao_esao_Filipino,official_lang,work.official_lang,married,other.attached,non.movers
721323,933,a0_4,m,ao_sao_ei,official_lang,work.no.official_lang,no.married,other.attached,non.movers
107003,933,a15_19,m,ao_esao_Chinese,official_lang,work.no.official_lang,no.married,single.detached.house,non.movers
847900,933,a45_49,f,ao_sao_ei,official_lang,work.official_lang,married,apartment,non.movers
134165,933,a55_59,m,ao_esao_Chinese,official_lang,work.official_lang,married,single.detached.house,non.movers
149255,933,a10_14,m,ao_sao_ei,official_lang,work.no.official_lang,no.married,apartment,non.movers
714395,933,a55_59,m,eo_bio_English,official_lang,work.official_lang,living.common.law,single.detached.house,non.movers
829787,933,a45_49,m,ao_esao_Chinese,official_lang,work.official_lang,married,apartment,non.movers
441002,933,a10_14,f,ao_oesao,official_lang,work.no.official_lang,no.married,other.attached,non.movers
617225,933,a5_9,f,ao_osao,official_lang,work.no.official_lang,no.married,other.attached,nonmigrants.movers
754591,933,a25_29,m,ao_esao_Chinese,official_lang,work.official_lang,no.married,other.attached,non.movers
330645,933,a5_9,f,onao_Canadian,official_lang,work.no.official_lang,no.married,single.detached.house,non.movers
82867,933,a20_24,m,ao_oesao,official_lang,work.official_lang,no.married,other.attached,non.movers
78932,933,a10_14,m,ao_sao_ei,official_lang,work.no.official_lang,no.married,apartment,non.movers
662870,933,a60_64,f,eo_seo_Portuguese,official_lang,work.official_lang,married,single.detached.house,non.movers
785881,933,a30_34,m,ao_esao_Chinese,official_lang,work.official_lang,married,single.detached.house,non.movers
850824,933,a35_39,m,eo_seo_Spanish,official_lang,work.official_lang,no.married,apartment,non.movers
353264,933,a25_29,m,ao_oesao,official_lang,work.no.official_lang,no.married,apartment,nonmigrants.movers
405194,933,a80_84,f,ao_sao_ei,official_lang,work.no.official_lang,widowed,apartment,non.movers
843923,933,a65_69,m,ao_oesao,official_lang,work.official_lang,married,single.detached.house,non.movers
192553,933,a30_34,f,onao_Canadian,official_lang,work.official_lang,no.married,apartment,non.movers
500622,933,a20_24,f,eo_weo_German,official_lang,work.official_lang,no.married,single.detached.house,other.movers
464044,933,a45_49,f,naao,official_lang,work.no.official_lang,living.common.law,single.detached.house,non.movers
865737,933,a25_29,f,ao_esao_Chinese,official_lang,work.official_lang,married,apartment,other.movers
405101,933,a60_64,m,ao_esao_Filipino,official_lang,work.official_lang,widowed,apartment,non.movers
669303,933,a70_74,m,eo_eeo_Polish,official_lang,work.no.official_lang,divorced,apartment,non.movers
473966,933,a10_14,m,ao,official_lang,work.no.official_lang,no.married,single.detached.house,nonmigrants.movers
98668,933,a70_74,f,ao_esao_Chinese,no.official_lang,work.no.official_lang,widowed,apartment,non.movers
165762,933,a10_14,m,onao_Canadian,official_lang,work.no.official_lang,no.married,apartment,non.movers
82119,933,a55_59,m,lcsao,official_lang,work.official_lang,widowed,apartment,non.movers
13635,933,a55_59,f,ao_esao_Chinese,no.official_lang,work.no.official_lang,married,apartment,non.movers
120389,933,a55_59,m,eo_seo_Portuguese,official_lang,work.official_lang,divorced,apartment,non.movers
670573,933,a50_54,m,ao_esao_Chinese,official_lang,work.official_lang,married,apartment,non.movers
176335,933,a35_39,m,eo_weo_Dutch,official_lang,work.official_lang,no.married,apartment,non.movers
274437,933,a65_69,f,eo_weo_German,official_lang,work.official_lang,no.married,single.detached.house,non.movers
206453,933,a55_59,m,ao_esao_Chinese,official_lang,work.official_lang,married,single.detached.house,non.movers
746374,933,a35_39,m,ao_esao_Chinese,official_lang,work.official_lang,married,apartment,non.movers
497300,933,a10_14,m,onao_Canadian,official_lang,work.no.official_lang,no.married,single.detached.house,non.movers
76697,933,a30_34,f,ao_esao_Chinese,official_lang,work.official_lang,no.married,single.detached.house,non.movers
888031,933,a70_74,f,ao_sao_ei,no.official_lang,work.no.official_lang,married,apartment,non.movers
710042,933,a55_59,f,eo_bio_English,official_lang,work.official_lang,married,single.detached.house,non.movers
284126,933,a0_4,m,eo_seo_Spanish,official_lang,work.no.official_lang,no.married,apartment,other.movers
225224,933,a25_29,f,ao_oesao,official_lang,work.no.official_lang,no.married,apartment,external.movers
812641,933,a45_49,f,eo_weo_German,official_lang,work.official_lang,no.married,single.detached.house,non.movers
192112,933,a30_34,f,eo_bio_English,official_lang,work.official_lang,separated,apartment,non.movers
437112,933,a40_44,f,eo_seo_Italian,official_lang,work.official_lang,divorced,apartment,non.movers
595406,933,a40_44,m,ao_esao_Filipino,official_lang,work.official_lang,no.married,apartment,non.movers
470294,933,a65_69,m,eo_seo_Italian,official_lang,work.official_lang,married,single.detached.house,non.movers
598150,933,a65_69,m,eo_bio_English,official_lang,work.no.official_lang,married,apartment,non.movers
132707,933,a70_74,m,ao_wcameo,official_lang,work.no.official_lang,no.married,single.detached.house,non.movers
716163,933,a0_4,m,ao_sao_ei,official_lang,work.no.official_lang,no.married,other.attached,nonmigrants.movers
533612,933,a0_4,m,ao_esao_Filipino,official_lang,work.no.official_lang,no.married,other.attached,non.movers
7840,933,a30_34,f,naao,official_lang,work.no.official_lang,married,single.detached.house,non.movers
156742,933,a50_54,m,eo_seo_Portuguese,official_lang,work.official_lang,married,single.detached.house,other.movers
630057,933,a50_54,m,ao_esao_Chinese,no.official_lang,work.no.official_lang,married,single.detached.house,non.movers
335321,933,a20_24,m,ao_sao_ei,official_lang,work.no.official_lang,no.married,apartment,external.movers
62975,933,a80_84,f,eo_weo_German,official_lang,work.no.official_lang,widowed,single.detached.house,non.movers
384564,933,a25_29,m,ao_osao,no.official_lang,work.no.official_lang,married,apartment,non.movers
627877,933,a40_44,f,ao_sao_ei,official_lang,work.official_lang,married,apartment,nonmigrants.movers
115488,933,a55_59,m,onao_Canadian,official_lang,work.official_lang,no.married,apartment,non.movers
63022,933,a50_54,m,ao_esao_Chinese,official_lang,work.no.official_lang,married,apartment,non.movers
118543,933,a35_39,f,onao_Canadian,official_lang,work.official_lang,no.married,other.attached,nonmigrants.movers
177102,933,a40_44,m,ao_esao_Chinese,official_lang,work.official_lang,married,single.detached.house,non.movers
138707,933,a0_4,m,ao_esao_Filipino,official_lang,work.no.official_lang,no.married,single.detached.house,non.movers
739653,933,a55_59,m,ao_sao_ei,official_lang,work.official_lang,married,apartment,non.movers
476683,933,a65_69,f,ao_esao_Chinese,no.official_lang,work.no.official_lang,married,apartment,non.movers
307573,933,a80_84,f,eo_eeo_Ukrainian,official_lang,work.no.official_lang,widowed,apartment,non.movers
55397,933,a85_,f,ao_esao_Chinese,no.official_lang,work.no.official_lang,widowed,single.detached.house,non.movers
632942,933,a25_29,m,onao_Canadian,official_lang,work.official_lang,living.common.law,apartment,nonmigrants.movers
240002,933,a50_54,f,ao_wcameo,official_lang,work.no.official_lang,married,apartment,non.movers
98295,933,a60_64,m,eo_seo_Italian,official_lang,work.official_lang,married,other.attached,non.movers
386521,933,a35_39,m,ao_esao_Chinese,official_lang,work.official_lang,married,apartment,non.movers
885816,933,a50_54,m,ao_oesao,official_lang,work.official_lang,married,single.detached.house,non.movers
213134,933,a30_34,f,ao_oesao,official_lang,work.official_lang,married,apartment,nonmigrants.movers
296553,933,a50_54,f,ao_oesao,official_lang,work.no.official_lang,married,apartment,non.movers
409947,933,a15_19,m,ao_esao_Chinese,official_lang,work.no.official_lang,no.married,apartment,external.movers
33427,933,a40_44,f,ao,official_lang,work.official_lang,married,other.attached,non.movers
153349,933,a30_34,f,ao_esao_Chinese,official_lang,work.official_lang,married,single.detached.house,non.movers
126877,933,a35_39,m,ao_wcameo,official_lang,work.official_lang,no.married,apartment,non.movers
637105,933,a0_4,m,ao_esao_Chinese,official_lang,work.no.official_lang,no.married,apartment,other.movers
804651,933,a55_59,m,ao_esao_Filipino,official_lang,work.official_lang,married,other.attached,non.movers
468893,933,a10_14,m,ao_sao_ei,official_lang,work.no.official_lang,no.married,single.detached.house,non.movers
103916,933,a45_49,f,ao_esao_Filipino,official_lang,work.official_lang,married,single.detached.house,non.movers
364037,933,a45_49,m,ao_wcameo,official_lang,work.no.official_lang,divorced,apartment,nonmigrants.movers
335339,933,a15_19,m,ao_esao_Chinese,official_lang,work.no.official_lang,no.married,other.attached,non.movers
144483,933,a0_4,f,eo_bio_Scottish,official_lang,work.no.official_lang,no.married,single.detached.house,non.movers
798652,933,a60_64,f,eo_bio_English,official_lang,work.no.official_lang,widowed,other.attached,non.movers
706053,933,a60_64,m,eo_oseo,official_lang,work.official_lang,divorced,other.attached,non.movers
719726,933,a75_79,m,ao_osao,official_lang,work.no.official_lang,married,single.detached.house,non.movers
404302,933,a50_54,f,ao,official_lang,work.no.official_lang,divorced,other.attached,non.movers
665497,933,a45_49,f,ao_wcameo,official_lang,work.official_lang,separated,apartment,non.movers
552148,933,a20_24,f,ao_oesao,official_lang,work.official_lang,no.married,apartment,non.movers
73489,933,a70_74,m,ao_sao_ei,official_lang,work.no.official_lang,married,apartment,non.movers
510156,933,a20_24,m,eo_bio_English,official_lang,work.official_lang,no.married,single.detached.house,non.movers
629708,933,a25_29,m,ao_esao_Chinese,official_lang,work.no.official_lang,no.married,apartment,non.movers
663810,933,a40_44,f,ao_sao_ei,official_lang,work.official_lang,married,other.attached,non.movers
115349,933,a40_44,f,oo,official_lang,work.official_lang,living.common.law,apartment,non.movers
808586,933,a20_24,m,eo_bio_Irish,official_lang,work.official_lang,living.common.law,apartment,external.movers
190759,933,a25_29,m,eo_bio_Scottish,official_lang,work.official_lang,living.common.law,apartment,nonmigrants.movers
369568,933,a55_59,m,ao_esao_Chinese,no.official_lang,work.no.official_lang,married,single.detached.house,non.movers
8494,933,a40_44,m,eo_oseo,official_lang,work.official_lang,married,apartment,non.movers
652826,933,a15_19,m,ao_esao_Chinese,official_lang,work.no.official_lang,no.married,single.detached.house,non.movers
252366,933,a75_79,m,ao_esao_Chinese,no.official_lang,work.no.official_lang,married,apartment,non.movers
16612,933,a30_34,m,eo_fo,official_lang,work.official_lang,no.married,apartment,non.movers
577580,933,a75_79,m,eo_seo_Italian,official_lang,work.no.official_lang,no.married,apartment,non.movers
905075,933,a35_39,m,ao_sao_ei,official_lang,work.official_lang,married,apartment,non.movers
336715,933,a35_39,f,ao_oesao,official_lang,work.no.official_lang,married,other.attached,non.movers
817247,933,a60_64,m,ao_esao_Filipino,official_lang,work.official_lang,married,other.attached,non.movers
810807,933,a55_59,m,onao_Canadian,official_lang,work.official_lang,married,apartment,non.movers
375993,933,a15_19,f,ao_esao_Filipino,official_lang,work.official_lang,no.married,apartment,non.movers
803518,933,a25_29,m,ao_esao_Chinese,official_lang,work.official_lang,no.married,apartment,nonmigrants.movers
533899,933,a20_24,m,ao_esao_Chinese,official_lang,work.official_lang,no.married,single.detached.house,non.movers
531702,933,a70_74,m,eo_weo_Dutch,official_lang,work.no.official_lang,married,single.detached.house,non.movers
593775,933,a25_29,m,ao,official_lang,work.official_lang,no.married,other.attached,nonmigrants.movers
278625,933,a10_14,f,ao_sao_ei,official_lang,work.no.official_lang,no.married,apartment,non.movers
817144,933,a50_54,f,ao_oesao,official_lang,work.no.official_lang,married,apartment,other.movers
245384,933,a15_19,f,ao_esao_Chinese,official_lang,work.official_lang,no.married,apartment,other.movers
753948,933,a40_44,f,ao_sao_ei,official_lang,work.no.official_lang,married,apartment,non.movers
273480,933,a15_19,f,ao_esao_Chinese,official_lang,work.no.official_lang,no.married,apartment,non.movers
522909,933,a80_84,f,eo_weo_German,official_lang,work.no.official_lang,widowed,apartment,nonmigrants.movers
619777,933,a0_4,m,eo_seo_Portuguese,official_lang,work.no.official_lang,no.married,apartment,non.movers
901759,933,a55_59,f,ao_esao_Chinese,official_lang,work.official_lang,married,apartment,non.movers
124775,933,a45_49,m,eo_weo_German,official_lang,work.official_lang,no.married,single.detached.house,non.movers
472061,933,a35_39,f,ao_oesao,official_lang,work.no.official_lang,married,apartment,non.movers
244780,933,a35_39,m,ao_esao_Filipino,official_lang,work.no.official_lang,married,other.attached,non.movers
536053,933,a60_64,m,ao_esao_Chinese,official_lang,work.official_lang,divorced,apartment,non.movers
915213,933,a15_19,f,ao_esao_Chinese,official_lang,work.no.official_lang,no.married,single.detached.house,non.movers
665373,933,a10_14,f,ao_esao_Chinese,official_lang,work.no.official_lang,no.married,single.detached.house,non.movers
587096,933,a40_44,m,ao_oesao,official_lang,work.official_lang,no.married,apartment,non.movers
708748,933,a15_19,m,ao_esao_Chinese,official_lang,work.official_lang,no.married,other.attached,non.movers
876171,933,a15_19,m,ao_osao,official_lang,work.no.official_lang,no.married,single.detached.house,non.movers
500824,933,a55_59,m,ao_esao_Chinese,official_lang,work.official_lang,married,other.attached,non.movers
747941,933,a80_84,m,ao_sao_ei,no.official_lang,work.no.official_lang,married,apartment,non.movers
785232,933,a50_54,f,eo_weo_Dutch,official_lang,work.official_lang,married,other.attached,non.movers
38555,933,a25_29,m,ao_esao_Chinese,official_lang,work.official_lang,no.married,other.attached,non.movers
49771,933,a25_29,f,onao_Canadian,official_lang,work.official_lang,no.married,apartment,other.movers
690264,933,a35_39,f,ao_oesao,official_lang,work.no.official_lang,married,apartment,non.movers
51817,933,a50_54,m,ao_oesao,official_lang,work.official_lang,married,apartment,non.movers
499743,933,a35_39,f,onao_Canadian,official_lang,work.no.official_lang,married,other.attached,non.movers
50208,933,a30_34,f,ao_sao_ei,official_lang,work.official_lang,married,single.detached.house,nonmigrants.movers
172663,933,a55_59,m,ao_esao_Chinese,official_lang,work.no.official_lang,married,other.attached,non.movers
557474,933,a25_29,m,ao_oesao,official_lang,work.official_lang,no.married,apartment,non.movers
698023,933,a30_34,f,ao_sao_ei,official_lang,work.no.official_lang,married,apartment,non.movers
872676,933,a70_74,f,eo_weo_German,official_lang,work.official_lang,widowed,apartment,non.movers
587119,933,a50_54,f,ao_esao_Chinese,official_lang,work.official_lang,married,single.detached.house,non.movers
317271,933,a60_64,m,eo_bio_English,official_lang,work.official_lang,married,apartment,non.movers
216185,933,a65_69,m,ao_esao_Chinese,no.official_lang,work.no.official_lang,married,single.detached.house,non.movers
47190,933,a60_64,m,ao_esao_Chinese,official_lang,work.official_lang,married,other.attached,non.movers
290106,933,a15_19,m,ao_sao_ei,official_lang,work.official_lang,no.married,apartment,non.movers
505119,933,a75_79,f,ao_wcameo,no.official_lang,work.no.official_lang,widowed,apartment,non.movers
154027,933,a50_54,f,ao_esao_Chinese,official_lang,work.official_lang,married,apartment,non.movers
16223,933,a15_19,m,ao_sao_ei,official_lang,work.official_lang,no.married,apartment,non.movers
496102,933,a50_54,f,ao_esao_Chinese,official_lang,work.no.official_lang,married,other.attached,external.movers
294242,933,a5_9,m,ao_esao_Chinese,official_lang,work.no.official_lang,no.married,apartment,non.movers
689485,933,a40_44,m,ao_sao_ei,official_lang,work.official_lang,married,single.detached.house,non.movers
282081,933,a0_4,m,eo_weo_Dutch,official_lang,work.no.official_lang,no.married,single.detached.house,other.movers
117802,933,a60_64,m,ao_sao_ei,official_lang,work.official_lang,married,apartment,non.movers
236097,933,a10_14,f,ao_sao_ei,official_lang,work.no.official_lang,no.married,single.detached.house,non.movers
606677,933,a50_54,f,ao_esao_Chinese,no.official_lang,work.no.official_lang,married,apartment,external.movers
133439,933,a35_39,f,ao_wcameo,official_lang,work.no.official_lang,married,apartment,non.movers
45763,933,a0_4,m,ao_esao_Chinese,official_lang,work.no.official_lang,no.married,other.attached,other.movers
452050,933,a40_44,f,ao_esao_Chinese,official_lang,work.no.official_lang,no.married,apartment,non.movers
365041,933,a40_44,m,eo_obio,official_lang,work.official_lang,married,single.detached.house,non.movers
778696,933,a55_59,f,ao_esao_Chinese,official_lang,work.official_lang,married,apartment,non.movers
827822,933,a60_64,m,onao_Canadian,official_lang,work.official_lang,married,single.detached.house,non.movers
314718,933,a60_64,f,ao_esao_Chinese,no.official_lang,work.no.official_lang,married,single.detached.house,nonmigrants.movers
787517,933,a15_19,m,ao,official_lang,work.no.official_lang,no.married,other.attached,non.movers
297852,933,a10_14,m,ao_esao_Chinese,official_lang,work.no.official_lang,no.married,apartment,non.movers
565914,933,a55_59,f,ao_esao_Chinese,official_lang,work.official_lang,divorced,apartment,non.movers
795363,933,a20_24,f,ao_sao_ei,official_lang,work.official_lang,no.married,single.detached.house,non.movers
895409,933,a20_24,m,ao_sao_ei,official_lang,work.official_lang,no.married,apartment,non.movers
372507,933,a40_44,f,ao_esao_Chinese,no.official_lang,work.official_lang,separated,apartment,non.movers
77320,933,a5_9,f,ao_esao_Filipino,official_lang,work.no.official_lang,no.married,apartment,non.movers
252762,933,a65_69,f,ao_esao_Filipino,official_lang,work.official_lang,married,apartment,non.movers
828307,933,a55_59,f,eo_weo_German,official_lang,work.official_lang,married,apartment,non.movers
544618,933,a45_49,m,onao_Canadian,official_lang,work.official_lang,married,apartment,non.movers
430760,933,a60_64,f,ao_sao_ei,official_lang,work.official_lang,married,apartment,non.movers
800392,933,a5_9,f,ao_esao_Chinese,official_lang,work.no.official_lang,no.married,single.detached.house,non.movers
679982,933,a20_24,f,ao_esao_Filipino,official_lang,work.official_lang,no.married,single.detached.house,non.movers
646881,933,a70_74,m,ao_esao_Chinese,official_lang,work.official_lang,married,single.detached.house,non.movers
445278,933,a45_49,f,eo_eeo_Russian,official_lang,work.official_lang,separated,apartment,non.movers
917598,933,a5_9,f,ao_osao,official_lang,work.no.official_lang,no.married,apartment,external.movers
494090,933,a50_54,f,ao_esao_Chinese,no.official_lang,work.no.official_lang,married,apartment,nonmigrants.movers
443586,933,a30_34,f,ao_oesao,official_lang,work.no.official_lang,married,apartment,non.movers
125517,933,a35_39,m,ao_esao_Chinese,official_lang,work.official_lang,married,apartment,non.movers
331080,933,a60_64,m,eo_fo,official_lang,work.official_lang,married,apartment,non.movers
185333,933,a10_14,m,eo_seo_Italian,official_lang,work.no.official_lang,no.married,apartment,non.movers
346475,933,a50_54,m,ao_sao_ei,official_lang,work.official_lang,married,apartment,non.movers
139317,933,a10_14,f,ao_sao_ei,official_lang,work.no.official_lang,no.married,apartment,non.movers
619350,933,a50_54,f,eo_eeo_Polish,official_lang,work.official_lang,married,apartment,non.movers
630305,933,a35_39,m,ao_esao_Chinese,no.official_lang,work.no.official_lang,married,apartment,other.movers
372773,933,a80_84,f,ao_sao_ei,no.official_lang,work.no.official_lang,widowed,apartment,non.movers
204989,933,a45_49,m,ao_esao_Chinese,official_lang,work.official_lang,married,single.detached.house,non.movers
672725,933,a35_39,m,eo_weo_German,official_lang,work.official_lang,married,apartment,non.movers
515153,933,a15_19,m,ao_esao_Filipino,official_lang,work.no.official_lang,no.married,other.attached,non.movers
375807,933,a30_34,f,ao_sao_ei,official_lang,work.official_lang,married,single.detached.house,non.movers
687606,933,a45_49,f,ao_esao_Chinese,official_lang,work.official_lang,married,single.detached.house,non.movers
209946,933,a10_14,f,ao_esao_Chinese,official_lang,work.no.official_lang,no.married,apartment,nonmigrants.movers
911232,933,a40_44,m,lcsao,official_lang,work.official_lang,married,single.detached.house,non.movers
729367,933,a45_49,m,ao_sao_ei,official_lang,work.official_lang,no.married,single.detached.house,non.movers
169965,933,a65_69,f,ao_sao_ei,official_lang,work.official_lang,married,single.detached.house,non.movers
308003,933,a75_79,f,eo_weo_German,official_lang,work.no.official_lang,married,other.attached,non.movers
78265,933,a10_14,f,ao_sao_ei,official_lang,work.no.official_lang,no.married,single.detached.house,non.movers
749051,933,a15_19,m,ao_osao,official_lang,work.no.official_lang,no.married,apartment,non.movers
927889,933,a5_9,f,ao_esao_Chinese,official_lang,work.no.official_lang,no.married,single.detached.house,non.movers
643666,933,a20_24,f,ao_esao_Chinese,official_lang,work.no.official_lang,no.married,apartment,non.movers
677125,933,a35_39,m,onao_Canadian,official_lang,work.official_lang,no.married,apartment,nonmigrants.movers
44736,933,a50_54,m,eo_weo_German,official_lang,work.official_lang,no.married,apartment,non.movers
57574,933,a40_44,m,onao_Canadian,official_lang,work.no.official_lang,no.married,other.attached,non.movers
925090,933,a5_9,f,onao_Canadian,official_lang,work.no.official_lang,no.married,apartment,nonmigrants.movers
342097,933,a15_19,f,ao_esao_Chinese,official_lang,work.no.official_lang,no.married,apartment,nonmigrants.movers
340185,933,a45_49,m,ao_esao_Chinese,no.official_lang,work.no.official_lang,married,apartment,external.movers
831084,933,a60_64,m,eo_eeo_Polish,official_lang,work.official_lang,divorced,apartment,non.movers
212411,933,a40_44,f,ao_wcameo,official_lang,work.official_lang,married,other.attached,non.movers
474394,933,a15_19,f,ao_esao_Chinese,official_lang,work.no.official_lang,no.married,single.detached.house,interprovincial.movers
543327,933,a55_59,f,ao_esao_Chinese,official_lang,work.official_lang,divorced,apartment,non.movers
313318,933,a25_29,f,onao_Canadian,official_lang,work.no.official_lang,married,single.detached.house,non.movers
822835,933,a55_59,m,eo_bio_English,official_lang,work.official_lang,married,other.attached,non.movers
724689,933,a20_24,m,ao_oesao,official_lang,work.official_lang,no.married,apartment,non.movers
780986,933,a60_64,f,ao_esao_Chinese,official_lang,work.official_lang,married,apartment,non.movers
401943,933,a40_44,m,ao,official_lang,work.official_lang,married,apartment,other.movers
584996,933,a20_24,m,ao_esao_Chinese,official_lang,work.official_lang,married,apartment,non.movers
805515,933,a70_74,m,ao_esao_Chinese,official_lang,work.no.official_lang,married,single.detached.house,non.movers
731497,933,a20_24,f,onao_Canadian,official_lang,work.official_lang,no.married,apartment,non.movers
315656,933,a45_49,f,ao_esao_Filipino,official_lang,work.official_lang,divorced,apartment,non.movers
460222,933,a50_54,f,eo_eeo_Polish,official_lang,work.official_lang,married,other.attached,non.movers
500755,933,a35_39,f,ao_esao_Filipino,official_lang,work.official_lang,married,apartment,non.movers
175834,933,a50_54,m,ao_esao_Chinese,no.official_lang,work.no.official_lang,married,other.attached,non.movers
523356,933,a15_19,m,ao_esao_Chinese,official_lang,work.official_lang,no.married,single.detached.house,non.movers
479970,933,a15_19,f,ao_esao_Chinese,official_lang,work.no.official_lang,no.married,apartment,nonmigrants.movers
859243,933,a60_64,f,ao_wcameo,official_lang,work.official_lang,divorced,apartment,non.movers
605745,933,a10_14,f,ao_esao_Chinese,official_lang,work.no.official_lang,no.married,apartment,non.movers
364130,933,a55_59,m,ao_sao_ei,no.official_lang,work.official_lang,married,apartment,non.movers
443603,933,a15_19,f,ao_esao_Filipino,official_lang,work.official_lang,no.married,single.detached.house,non.movers
718266,933,a85_,f,ao_sao_ei,no.official_lang,work.no.official_lang,widowed,apartment,non.movers
119582,933,a55_59,m,ao_esao_Chinese,no.official_lang,work.no.official_lang,married,apartment,non.movers
589418,933,a60_64,m,ao_esao_Chinese,official_lang,work.no.official_lang,married,apartment,non.movers
576430,933,a20_24,f,onao_Canadian,official_lang,work.official_lang,no.married,single.detached.house,non.movers
286465,933,a45_49,m,ao_esao_Chinese,no.official_lang,work.no.official_lang,married,single.detached.house,non.movers
75271,933,a45_49,f,ao_oesao,official_lang,work.official_lang,divorced,apartment,non.movers
666590,933,a85_,f,onao_Canadian,official_lang,work.no.official_lang,married,apartment,non.movers
216842,933,a25_29,m,ao_esao_Filipino,official_lang,work.official_lang,no.married,apartment,non.movers
348240,933,a35_39,f,ao_sao_ei,official_lang,work.no.official_lang,married,apartment,non.movers
411944,933,a5_9,f,ao_esao_Chinese,no.official_lang,work.no.official_lang,no.married,apartment,non.movers
789591,933,a10_14,f,ao_esao_Chinese,official_lang,work.no.official_lang,no.married,apartment,non.movers
127186,933,a60_64,m,eo_bio_English,official_lang,work.no.official_lang,married,single.detached.house,non.movers
523139,933,a15_19,f,ao_sao_ei,official_lang,work.no.official_lang,no.married,other.attached,non.movers
674040,933,a0_4,m,eo_neo,official_lang,work.no.official_lang,no.married,apartment,non.movers
364356,933,a75_79,m,eo_neo,official_lang,work.no.official_lang,married,single.detached.house,non.movers
329012,933,a25_29,f,ao_wcameo,official_lang,work.official_lang,no.married,single.detached.house,other.movers
526609,933,a15_19,f,eo_bio_Scottish,official_lang,work.official_lang,no.married,apartment,other.movers
364345,933,a80_84,m,ao,official_lang,work.no.official_lang,living.common.law,other.attached,non.movers
374235,933,a5_9,f,ao_oesao,official_lang,work.no.official_lang,no.married,single.detached.house,non.movers
911432,933,a75_79,m,eo_weo_German,official_lang,work.no.official_lang,married,apartment,non.movers
470918,933,a25_29,m,ao_esao_Chinese,official_lang,work.official_lang,no.married,single.detached.house,non.movers
647074,933,a60_64,m,ao_esao_Filipino,official_lang,work.official_lang,married,apartment,non.movers
386415,933,a40_44,f,lcsao,official_lang,work.official_lang,married,single.detached.house,non.movers
859243,933,a60_64,f,ao_wcameo,official_lang,work.official_lang,divorced,apartment,non.movers
652599,933,a15_19,f,ao_oesao,official_lang,work.official_lang,no.married,single.detached.house,non.movers
303778,933,a10_14,f,ao_esao_Chinese,official_lang,work.no.official_lang,no.married,single.detached.house,non.movers
242731,933,a45_49,f,ao_esao_Chinese,official_lang,work.no.official_lang,married,single.detached.house,non.movers
90398,933,a40_44,f,ao_sao_ei,official_lang,work.official_lang,married,apartment,non.movers
19826,933,a25_29,m,ao_esao_Chinese,official_lang,work.official_lang,no.married,single.detached.house,non.movers
144613,933,a25_29,f,ao_esao_Chinese,official_lang,work.official_lang,married,apartment,other.movers
460588,933,a65_69,f,ao_sao_ei,official_lang,work.official_lang,widowed,other.attached,non.movers
781947,933,a55_59,f,eo_eeo_Hungarian,official_lang,work.official_lang,married,single.detached.house,non.movers
765579,933,a50_54,m,ao_oesao,official_lang,work.official_lang,married,apartment,non.movers
373173,933,a50_54,f,eo_oeeo,official_lang,work.official_lang,living.common.law,apartment,non.movers
576420,933,a65_69,f,ao_esao_Chinese,official_lang,work.official_lang,married,apartment,non.movers
249445,933,a85_,m,ao_esao_Chinese,no.official_lang,work.no.official_lang,widowed,single.detached.house,non.movers
317254,933,a30_34,f,ao_esao_Chinese,official_lang,work.official_lang,no.married,apartment,non.movers
384791,933,a60_64,f,eo_bio_English,official_lang,work.official_lang,married,single.detached.house,non.movers
853775,933,a30_34,m,eo_seo_Italian,official_lang,work.official_lang,married,single.detached.house,non.movers
364345,933,a80_84,m,ao,official_lang,work.no.official_lang,living.common.law,other.attached,non.movers
748714,933,a10_14,f,ao_wcameo,official_lang,work.no.official_lang,no.married,other.attached,external.movers
896153,933,a70_74,m,ao_esao_Chinese,official_lang,work.official_lang,married,apartment,other.movers
593449,933,a25_29,f,ao_esao_Chinese,official_lang,work.no.official_lang,no.married,apartment,other.movers
836913,933,a30_34,f,ao_esao_Chinese,official_lang,work.official_lang,no.married,single.detached.house,non.movers
523258,933,a10_14,m,ao_oesao,official_lang,work.no.official_lang,no.married,apartment,non.movers
219273,933,a0_4,f,onao_Canadian,official_lang,work.no.official_lang,no.married,single.detached.house,non.movers
278914,933,a50_54,f,ao_esao_Chinese,official_lang,work.official_lang,no.married,single.detached.house,non.movers
442082,933,a30_34,f,ao_esao_Filipino,official_lang,work.official_lang,married,single.detached.house,non.movers
472237,933,a5_9,f,ao_esao_Chinese,official_lang,work.no.official_lang,no.married,apartment,nonmigrants.movers
920324,933,a5_9,m,ao_esao_Chinese,official_lang,work.no.official_lang,no.married,other.attached,non.movers
331172,933,a70_74,m,ao_sao_ei,official_lang,work.no.official_lang,widowed,apartment,non.movers
877053,933,a40_44,f,ao_esao_Chinese,no.official_lang,work.no.official_lang,married,apartment,non.movers
274637,933,a85_,m,eo_bio_English,official_lang,work.no.official_lang,married,other.attached,non.movers
386742,933,a20_24,f,ao_esao_Chinese,official_lang,work.official_lang,no.married,other.attached,nonmigrants.movers
833459,933,a35_39,m,ao_sao_ei,official_lang,work.official_lang,married,apartment,non.movers
892886,933,a50_54,m,eo_weo_Dutch,official_lang,work.official_lang,married,single.detached.house,non.movers
373887,933,a45_49,f,ao_sao_ei,official_lang,work.official_lang,married,single.detached.house,non.movers
880635,933,a0_4,f,ao_esao_Chinese,official_lang,work.no.official_lang,no.married,apartment,non.movers
268750,933,a5_9,f,ao_wcameo,official_lang,work.no.official_lang,no.married,apartment,non.movers
19069,933,a45_49,m,eo_neo,official_lang,work.official_lang,divorced,apartment,non.movers
626432,933,a45_49,f,lcsao,official_lang,work.official_lang,married,apartment,non.movers
512712,933,a65_69,m,ao_oesao,official_lang,work.no.official_lang,married,apartment,non.movers
313044,933,a65_69,f,ao_esao_Chinese,no.official_lang,work.no.official_lang,married,apartment,non.movers
396102,933,a40_44,f,onao_Canadian,official_lang,work.no.official_lang,separated,single.detached.house,nonmigrants.movers
832728,933,a65_69,f,lcsao,official_lang,work.no.official_lang,separated,apartment,non.movers
508016,933,a65_69,m,eo_weo_Dutch,official_lang,work.official_lang,widowed,single.detached.house,non.movers
257759,933,a15_19,m,ao_esao_Chinese,official_lang,work.no.official_lang,no.married,apartment,external.movers
899365,933,a25_29,f,eo_bio_Scottish,official_lang,work.official_lang,living.common.law,other.attached,nonmigrants.movers
281558,933,a10_14,f,ao_oesao,official_lang,work.no.official_lang,no.married,apartment,non.movers
628602,933,a50_54,f,eo_seo_Spanish,official_lang,work.no.official_lang,no.married,apartment,non.movers
384939,933,a80_84,f,eo_weo_German,official_lang,work.no.official_lang,widowed,single.detached.house,non.movers
689643,933,a50_54,m,ao_sao_ei,official_lang,work.official_lang,married,apartment,non.movers
315536,933,a0_4,f,onao_Canadian,official_lang,work.no.official_lang,no.married,single.detached.house,non.movers
324326,933,a0_4,f,ao_oesao,official_lang,work.no.official_lang,no.married,apartment,nonmigrants.movers
362247,933,a85_,m,eo_bio_English,official_lang,work.no.official_lang,married,single.detached.house,non.movers
479015,933,a40_44,f,ao_esao_Chinese,official_lang,work.official_lang,married,single.detached.house,non.movers
616156,933,a45_49,f,ao_esao_Chinese,official_lang,work.no.official_lang,married,apartment,non.movers
237462,933,a45_49,m,eo_bio_Scottish,official_lang,work.official_lang,married,apartment,non.movers
180687,933,a25_29,m,ao_esao_Chinese,no.official_lang,work.official_lang,married,other.attached,nonmigrants.movers
628790,933,a70_74,m,ao_esao_Chinese,official_lang,work.no.official_lang,married,apartment,non.movers
265964,933,a25_29,f,ao_oesao,official_lang,work.official_lang,no.married,single.detached.house,non.movers
307412,933,a60_64,f,ao_wcameo,official_lang,work.official_lang,divorced,apartment,non.movers
260427,933,a35_39,f,ao_esao_Filipino,official_lang,work.official_lang,living.common.law,apartment,non.movers
503390,933,a25_29,m,ao_esao_Chinese,official_lang,work.no.official_lang,married,single.detached.house,external.movers
755142,933,a20_24,f,ao_esao_Chinese,official_lang,work.no.official_lang,no.married,apartment,non.movers
339251,933,a10_14,f,ao_esao_Chinese,official_lang,work.no.official_lang,no.married,apartment,nonmigrants.movers
821735,933,a25_29,m,onao_Canadian,official_lang,work.official_lang,no.married,apartment,interprovincial.movers
929441,933,a75_79,m,ao_esao_Chinese,official_lang,work.no.official_lang,divorced,apartment,other.movers
454684,933,a25_29,m,ao_sao_ei,official_lang,work.official_lang,no.married,apartment,non.movers
131868,933,a85_,f,ao_esao_Chinese,no.official_lang,work.no.official_lang,widowed,single.detached.house,non.movers
251579,933,a20_24,f,eo_oseo,official_lang,work.official_lang,no.married,single.detached.house,non.movers
585467,933,a40_44,f,ao_oesao,official_lang,work.no.official_lang,married,other.attached,external.movers
309912,933,a45_49,m,ao_esao_Chinese,official_lang,work.official_lang,married,single.detached.house,non.movers
113499,933,a5_9,f,eo_oweo,official_lang,work.no.official_lang,no.married,apartment,non.movers
129042,933,a30_34,m,ao_esao_Chinese,official_lang,work.official_lang,no.married,apartment,non.movers
599757,933,a55_59,f,eo_neo,official_lang,work.official_lang,divorced,apartment,non.movers
253168,933,a35_39,f,ao_oesao,official_lang,work.official_lang,married,apartment,non.movers
4068,933,a60_64,f,eo_bio_Scottish,official_lang,work.official_lang,divorced,apartment,non.movers
887529,933,a35_39,f,ao_esao_Chinese,official_lang,work.no.official_lang,married,single.detached.house,non.movers
493799,933,a35_39,f,ao_esao_Chinese,official_lang,work.official_lang,divorced,other.attached,non.movers
416840,933,a40_44,f,ao_esao_Chinese,no.official_lang,work.no.official_lang,married,apartment,non.movers
391427,933,a65_69,f,onao_Canadian,official_lang,work.no.official_lang,divorced,apartment,nonmigrants.movers
629979,933,a40_44,f,eo_obio,official_lang,work.no.official_lang,married,other.attached,non.movers
2215,933,a30_34,m,ao_esao_Chinese,official_lang,work.official_lang,no.married,single.detached.house,non.movers
562755,933,a60_64,f,ao_osao,no.official_lang,work.no.official_lang,married,single.detached.house,non.movers
109214,933,a50_54,f,ao_esao_Chinese,official_lang,work.no.official_lang,married,single.detached.house,non.movers
286644,933,a35_39,f,ao_sao_ei,official_lang,work.official_lang,married,single.detached.house,non.movers
82304,933,a45_49,f,ao_oesao,official_lang,work.official_lang,divorced,apartment,non.movers
759666,933,a40_44,f,ao_esao_Chinese,official_lang,work.official_lang,married,other.attached,non.movers
30757,933,a20_24,f,ao_esao_Chinese,official_lang,work.no.official_lang,no.married,apartment,non.movers
641894,933,a65_69,m,ao_esao_Filipino,official_lang,work.no.official_lang,married,other.attached,other.movers
698257,933,a45_49,m,ao_esao_Chinese,official_lang,work.official_lang,married,apartment,non.movers
32038,933,a65_69,m,onao_Canadian,official_lang,work.no.official_lang,divorced,apartment,non.movers
156967,933,a35_39,f,eo_oeeo,official_lang,work.official_lang,married,apartment,nonmigrants.movers
684022,933,a65_69,f,eo_weo_Dutch,official_lang,work.no.official_lang,married,apartment,non.movers
502288,933,a45_49,f,ao_esao_Chinese,official_lang,work.official_lang,married,apartment,non.movers
508019,933,a20_24,f,ao_esao_Filipino,official_lang,work.no.official_lang,no.married,other.attached,non.movers
78487,933,a50_54,m,ao_oesao,official_lang,work.no.official_lang,married,single.detached.house,non.movers
629778,933,a30_34,f,ao_sao_ei,official_lang,work.no.official_lang,married,single.detached.house,non.movers
709594,933,a65_69,m,eo_bio_English,official_lang,work.official_lang,divorced,apartment,non.movers
167423,933,a20_24,f,ao_esao_Chinese,official_lang,work.no.official_lang,no.married,apartment,non.movers
765116,933,a60_64,f,ao_esao_Chinese,official_lang,work.official_lang,widowed,apartment,other.movers
291906,933,a15_19,m,ao_sao_ei,official_lang,work.official_lang,no.married,single.detached.house,interprovincial.movers
251244,933,a15_19,f,ao_oesao,official_lang,work.no.official_lang,no.married,single.detached.house,non.movers
294921,933,a65_69,f,ao_oesao,no.official_lang,work.no.official_lang,married,single.detached.house,non.movers
695945,933,a25_29,m,eo_oeeo,official_lang,work.official_lang,living.common.law,apartment,non.movers
435774,933,a75_79,f,ao_esao_Chinese,official_lang,work.no.official_lang,married,apartment,non.movers
743168,933,a45_49,f,ao_esao_Chinese,official_lang,work.official_lang,divorced,apartment,non.movers
275258,933,a15_19,f,ao_oesao,official_lang,work.no.official_lang,no.married,apartment,non.movers
907332,933,a70_74,f,eo_neo,official_lang,work.no.official_lang,divorced,apartment,non.movers
586525,933,a60_64,m,eo_bio_Irish,official_lang,work.official_lang,divorced,single.detached.house,non.movers
63600,933,a15_19,m,ao_oesao,official_lang,work.no.official_lang,no.married,apartment,non.movers
387322,933,a70_74,f,ao_sao_ei,no.official_lang,work.no.official_lang,married,apartment,non.movers
323447,933,a15_19,m,ao_osao,official_lang,work.no.official_lang,no.married,apartment,non.movers
563521,933,a0_4,f,eo_oseo,official_lang,work.no.official_lang,no.married,single.detached.house,non.movers
327935,933,a0_4,m,onao_Canadian,official_lang,work.no.official_lang,no.married,single.detached.house,non.movers
283852,933,a55_59,f,ao_sao_ei,official_lang,work.official_lang,married,single.detached.house,non.movers
577997,933,a35_39,f,ao_esao_Chinese,official_lang,work.official_lang,divorced,other.attached,non.movers
646834,933,a50_54,f,ao_esao_Chinese,official_lang,work.official_lang,widowed,single.detached.house,non.movers
457912,933,a25_29,f,ao_esao_Chinese,official_lang,work.official_lang,no.married,apartment,non.movers
443381,933,a25_29,m,ao_esao_Filipino,official_lang,work.official_lang,no.married,apartment,non.movers
192648,933,a60_64,m,ao_wcameo,official_lang,work.official_lang,married,apartment,non.movers
282081,933,a0_4,m,eo_weo_Dutch,official_lang,work.no.official_lang,no.married,single.detached.house,other.movers
132349,933,a60_64,m,ao_esao_Chinese,official_lang,work.official_lang,married,apartment,non.movers
782595,933,a15_19,m,lcsao,official_lang,work.official_lang,no.married,apartment,nonmigrants.movers
225888,933,a15_19,f,ao_esao_Chinese,official_lang,work.no.official_lang,living.common.law,apartment,non.movers
484341,933,a10_14,f,eo_oseo,official_lang,work.no.official_lang,no.married,apartment,non.movers
870012,933,a55_59,m,ao_esao_Chinese,official_lang,work.official_lang,no.married,apartment,non.movers
786496,933,a10_14,m,eo_bio_English,official_lang,work.no.official_lang,no.married,single.detached.house,non.movers
243975,933,a5_9,f,ao_oesao,official_lang,work.no.official_lang,no.married,apartment,non.movers
195779,933,a0_4,m,ao_esao_Chinese,no.official_lang,work.no.official_lang,no.married,single.detached.house,non.movers
803698,933,a0_4,m,ao_esao_Chinese,no.official_lang,work.no.official_lang,no.married,other.attached,external.movers
222329,933,a10_14,m,ao_esao_Filipino,official_lang,work.no.official_lang,no.married,apartment,non.movers
6253,933,a55_59,m,ao_esao_Chinese,no.official_lang,work.no.official_lang,married,other.attached,nonmigrants.movers
506725,933,a40_44,m,eo_bio_English,official_lang,work.official_lang,no.married,single.detached.house,non.movers
700869,933,a40_44,f,eo_neo,official_lang,work.no.official_lang,married,single.detached.house,non.movers
732639,933,a15_19,f,ao_esao_Chinese,official_lang,work.official_lang,no.married,single.detached.house,non.movers
346475,933,a50_54,m,ao_sao_ei,official_lang,work.official_lang,married,apartment,non.movers
91755,933,a45_49,f,ao_esao_Filipino,official_lang,work.official_lang,married,single.detached.house,non.movers
667547,933,a0_4,m,eo_eeo_Ukrainian,no.official_lang,work.no.official_lang,no.married,single.detached.house,other.movers
637610,933,a50_54,f,onao_Canadian,official_lang,work.official_lang,no.married,other.attached,non.movers
478471,933,a45_49,f,eo_obio,official_lang,work.no.official_lang,no.married,apartment,non.movers
922913,933,a55_59,m,ao_esao_Chinese,official_lang,work.no.official_lang,married,single.detached.house,non.movers
272272,933,a30_34,m,eo_bio_Irish,official_lang,work.official_lang,no.married,apartment,non.movers
444993,933,a70_74,m,ao_esao_Chinese,no.official_lang,work.no.official_lang,married,single.detached.house,non.movers
233541,933,a75_79,f,eo_neo,official_lang,work.no.official_lang,living.common.law,single.detached.house,non.movers
627162,933,a40_44,f,ao_esao_Filipino,official_lang,work.official_lang,living.common.law,single.detached.house,non.movers
731878,933,a50_54,f,ao_sao_ei,official_lang,work.official_lang,widowed,single.detached.house,non.movers
309401,933,a0_4,f,ao_esao_Chinese,official_lang,work.no.official_lang,no.married,single.detached.house,other.movers
450913,933,a75_79,f,eo_bio_English,official_lang,work.no.official_lang,married,single.detached.house,non.movers
291676,933,a50_54,m,ao_oesao,official_lang,work.official_lang,married,single.detached.house,nonmigrants.movers
830551,933,a40_44,f,onao_Canadian,official_lang,work.official_lang,married,apartment,non.movers
141571,933,a25_29,m,eo_weo_German,official_lang,work.official_lang,living.common.law,single.detached.house,other.movers
283888,933,a70_74,f,oo,official_lang,work.no.official_lang,widowed,apartment,non.movers
681125,933,a50_54,m,eo_seo_Italian,official_lang,work.official_lang,no.married,apartment,non.movers
321486,933,a0_4,m,ao_oesao,no.official_lang,work.no.official_lang,no.married,apartment,other.movers
657619,933,a25_29,f,ao_sao_ei,official_lang,work.no.official_lang,married,apartment,external.movers
412324,933,a30_34,m,ao_sao_ei,official_lang,work.official_lang,married,apartment,non.movers
333492,933,a50_54,m,eo_seo_Italian,official_lang,work.no.official_lang,married,single.detached.house,non.movers
896295,933,a55_59,f,eo_fo,official_lang,work.official_lang,separated,apartment,nonmigrants.movers
843052,933,a65_69,f,eo_bio_Irish,official_lang,work.no.official_lang,living.common.law,single.detached.house,non.movers
666678,933,a20_24,f,ao_esao_Chinese,official_lang,work.official_lang,no.married,single.detached.house,non.movers
179954,933,a50_54,m,eo_bio_Scottish,official_lang,work.official_lang,married,other.attached,non.movers
682718,933,a5_9,m,ao_esao_Chinese,official_lang,work.no.official_lang,no.married,other.attached,non.movers
38555,933,a25_29,m,ao_esao_Chinese,official_lang,work.official_lang,no.married,other.attached,non.movers
465632,933,a80_84,m,ao_esao_Chinese,official_lang,work.no.official_lang,married,apartment,non.movers
23068,933,a70_74,m,ao_esao_Chinese,no.official_lang,work.no.official_lang,married,apartment,non.movers
669303,933,a70_74,m,eo_eeo_Polish,official_lang,work.no.official_lang,divorced,apartment,non.movers
271147,933,a5_9,f,ao_esao_Filipino,official_lang,work.no.official_lang,no.married,apartment,non.movers
509873,933,a55_59,m,ao_oesao,no.official_lang,work.no.official_lang,separated,apartment,non.movers
888647,933,a65_69,f,onao_Canadian,official_lang,work.no.official_lang,married,single.detached.house,non.movers
277238,933,a70_74,f,eo_bio_English,official_lang,work.no.official_lang,widowed,apartment,non.movers
109366,933,a40_44,m,eo_bio_English,official_lang,work.official_lang,married,apartment,non.movers
509623,933,a35_39,m,ao_esao_Filipino,official_lang,work.official_lang,married,apartment,other.movers
575653,933,a60_64,f,eo_neo,official_lang,work.no.official_lang,widowed,single.detached.house,non.movers
897847,933,a55_59,f,eo_eeo_Polish,official_lang,work.official_lang,married,single.detached.house,non.movers
242686,933,a40_44,m,ao_esao_Chinese,official_lang,work.no.official_lang,no.married,apartment,non.movers
42080,933,a10_14,f,onao_Canadian,official_lang,work.no.official_lang,no.married,single.detached.house,non.movers
455505,933,a50_54,f,eo_bio_English,official_lang,work.no.official_lang,married,single.detached.house,non.movers
559627,933,a60_64,f,ao_esao_Chinese,no.official_lang,work.no.official_lang,married,single.detached.house,nonmigrants.movers
528540,933,a5_9,m,ao_sao_ei,official_lang,work.no.official_lang,no.married,single.detached.house,non.movers
101623,933,a35_39,f,eo_weo_German,official_lang,work.official_lang,married,other.attached,non.movers
28787,933,a15_19,m,ao_esao_Chinese,official_lang,work.no.official_lang,no.married,other.attached,non.movers
5983,933,a45_49,f,ao_sao_ei,official_lang,work.official_lang,married,apartment,non.movers
575006,933,a45_49,f,ao_esao_Chinese,official_lang,work.no.official_lang,married,apartment,non.movers
643215,933,a60_64,f,eo_eeo_Ukrainian,official_lang,work.official_lang,living.common.law,single.detached.house,non.movers
717008,933,a30_34,m,ao_esao_Chinese,official_lang,work.official_lang,living.common.law,other.attached,non.movers
197416,933,a40_44,m,onao_Canadian,official_lang,work.official_lang,married,apartment,non.movers
814304,933,a65_69,m,eo_bio_English,official_lang,work.official_lang,living.common.law,apartment,non.movers
832050,933,a45_49,m,ao_osao,official_lang,work.official_lang,married,apartment,non.movers
112858,933,a20_24,f,onao_Canadian,official_lang,work.official_lang,married,apartment,nonmigrants.movers
14269,933,a50_54,f,ao_oesao,no.official_lang,work.official_lang,married,apartment,non.movers
268827,933,a50_54,f,ao_oesao,official_lang,work.no.official_lang,married,single.detached.house,non.movers
