PPSORT,CMA,AGE,SEX,RACE,KOL,WORKLANG,MARST,DWEL,MOBL
471371,933,a85_,m,eo_bio_English,official_lang,work.no.official_lang,married,other.attached,non.movers
632277,933,a25_29,m,ao_esao_Chinese,official_lang,work.official_lang,no.married,other.attached,non.movers
581683,933,a5_9,f,ao_esao_Filipino,official_lang,work.no.official_lang,no.married,apartment,non.movers
771994,933,a50_54,m,ao_esao_Chinese,no.official_lang,work.no.official_lang,married,single.detached.house,non.movers
900292,933,a30_34,m,eo_oseo,official_lang,work.official_lang,no.married,apartment,nonmigrants.movers
129042,933,a30_34,m,ao_esao_Chinese,official_lang,work.official_lang,no.married,apartment,non.movers
412332,933,a50_54,m,ao_esao_Chinese,no.official_lang,work.no.official_lang,married,single.detached.house,non.movers
110904,933,a45_49,m,ao_oesao,official_lang,work.no.official_lang,married,apartment,non.movers
594885,933,a50_54,m,ao_esao_Chinese,official_lang,work.no.official_lang,married,single.detached.house,external.movers
24870,933,a40_44,f,ao_esao_Chinese,no.official_lang,work.no.official_lang,living.common.law,other.attached,non.movers
836419,933,a25_29,f,ao_esao_Chinese,official_lang,work.official_lang,no.married,apartment,non.movers
20878,933,a60_64,f,ao_esao_Chinese,no.official_lang,work.no.official_lang,married,other.attached,interprovincial.movers
36552,933,a40_44,f,eo_seo_Italian,official_lang,work.no.official_lang,married,single.detached.house,non.movers
175556,933,a5_9,m,ao_esao_Filipino,official_lang,work.no.official_lang,no.married,apartment,non.movers
665373,933,a10_14,f,ao_esao_Chinese,official_lang,work.no.official_lang,no.married,single.detached.house,non.movers
405406,933,a25_29,m,ao_esao_Chinese,official_lang,work.official_lang,married,apartment,non.movers
648141,933,a55_59,m,onao_Canadian,official_lang,work.official_lang,no.married,apartment,non.movers
202458,933,a70_74,f,naao,official_lang,work.no.official_lang,divorced,apartment,nonmigrants.movers
273925,933,a0_4,f,ao_oesao,no.official_lang,work.no.official_lang,no.married,apartment,non.movers
658190,933,a30_34,m,ao_esao_Chinese,official_lang,work.official_lang,no.married,single.detached.house,non.movers
748464,933,a35_39,m,ao_esao_Chinese,no.official_lang,work.no.official_lang,married,apartment,non.movers
407325,933,a45_49,f,ao_esao_Chinese,official_lang,work.no.official_lang,married,single.detached.house,non.movers
300666,933,a50_54,m,onao_Canadian,official_lang,work.official_lang,married,other.attached,non.movers
410017,933,a60_64,f,onao_Canadian,official_lang,work.no.official_lang,no.married,other.attached,non.movers
288838,933,a15_19,m,ao_wcameo,official_lang,work.official_lang,no.married,apartment,nonmigrants.movers
178890,933,a45_49,f,ao_sao_ei,official_lang,work.official_lang,married,single.detached.house,non.movers
154717,933,a60_64,f,eo_bio_Scottish,official_lang,work.official_lang,married,apartment,non.movers
444572,933,a20_24,f,ao_esao_Chinese,official_lang,work.official_lang,no.married,single.detached.house,non.movers
890346,933,a40_44,m,ao_sao_ei,official_lang,work.official_lang,married,single.detached.house,non.movers
618428,933,a25_29,m,eo_seo_Italian,official_lang,work.official_lang,no.married,apartment,non.movers
277181,933,a15_19,f,onao_Canadian,official_lang,work.official_lang,no.married,single.detached.house,non.movers
814923,933,a30_34,f,ao_sao_ei,official_lang,work.official_lang,no.married,apartment,non.movers
526141,933,a45_49,f,ao_esao_Filipino,official_lang,work.official_lang,no.married,apartment,non.movers
919382,933,a5_9,f,onao_Canadian,official_lang,work.no.official_lang,no.married,single.detached.house,non.movers
377437,933,a65_69,f,ao_esao_Chinese,no.official_lang,work.no.official_lang,married,apartment,non.movers
449755,933,a30_34,m,ao_oesao,official_lang,work.official_lang,no.married,apartment,non.movers
457403,933,a55_59,f,ao_sao_ei,official_lang,work.official_lang,married,other.attached,non.movers
580226,933,a25_29,m,eo_oseo,official_lang,work.official_lang,no.married,single.detached.house,non.movers
665939,933,a85_,f,ao_esao_Chinese,no.official_lang,work.no.official_lang,divorced,apartment,non.movers
570361,933,a40_44,f,ao_esao_Chinese,official_lang,work.official_lang,divorced,apartment,non.movers
681145,933,a25_29,m,ao_sao_ei,official_lang,work.official_lang,no.married,single.detached.house,non.movers
117849,933,a70_74,f,ao_esao_Chinese,no.official_lang,work.no.official_lang,married,apartment,non.movers
568334,933,a50_54,m,onao_Canadian,official_lang,work.official_lang,married,single.detached.house,non.movers
175767,933,a15_19,m,ao_esao_Filipino,official_lang,work.no.official_lang,no.married,single.detached.house,non.movers
866600,933,a15_19,f,onao_Canadian,official_lang,work.official_lang,no.married,single.detached.house,non.movers
393073,933,a0_4,m,ao_esao_Chinese,no.official_lang,work.no.official_lang,no.married,single.detached.house,interprovincial.movers
6188,933,a55_59,m,eo_bio_English,official_lang,work.official_lang,no.married,apartment,non.movers
842104,933,a40_44,f,ao_esao_Filipino,official_lang,work.official_lang,no.married,apartment,non.movers
801266,933,a60_64,m,ao_wcameo,official_lang,work.official_lang,married,single.detached.house,non.movers
525311,933,a0_4,m,ao_sao_ei,official_lang,work.no.official_lang,no.married,apartment,non.movers
778248,933,a5_9,f,ao_esao_Chinese,no.official_lang,work.no.official_lang,no.married,single.detached.house,nonmigrants.movers
737469,933,a45_49,f,ao_esao_Chinese,no.official_lang,work.no.official_lang,married,apartment,non.movers
654152,933,a50_54,f,eo_bio_English,official_lang,work.official_lang,living.common.law,single.detached.house,non.movers
515779,933,a35_39,m,ao_esao_Chinese,official_lang,work.official_lang,married,apartment,non.movers
51200,933,a60_64,m,ao_sao_ei,no.official_lang,work.no.official_lang,married,apartment,non.movers
288406,933,a0_4,f,ao_sao_ei,official_lang,work.no.official_lang,no.married,single.detached.house,non.movers
81955,933,a55_59,m,ao_sao_ei,official_lang,work.no.official_lang,married,apartment,non.movers
44542,933,a10_14,m,ao_oesao,official_lang,work.no.official_lang,no.married,single.detached.house,other.movers
538100,933,a10_14,f,ao_sao_ei,official_lang,work.no.official_lang,no.married,apartment,non.movers
158235,933,a45_49,m,eo_eeo_Russian,official_lang,work.official_lang,living.common.law,apartment,nonmigrants.movers
134260,933,a35_39,f,ao,official_lang,work.no.official_lang,married,other.attached,other.movers
613428,933,a5_9,m,eo_oseo,official_lang,work.no.official_lang,no.married,single.detached.house,non.movers
581799,933,a45_49,f,eo_eeo_Ukrainian,official_lang,work.official_lang,married,single.detached.house,non.movers
262057,933,a0_4,f,eo_bio_English,official_lang,work.no.official_lang,no.married,single.detached.house,non.movers
32904,933,a0_4,m,ao_esao_Chinese,official_lang,work.no.official_lang,no.married,other.attached,nonmigrants.movers
54632,933,a5_9,m,eo_weo_Dutch,official_lang,work.no.official_lang,no.married,single.detached.house,non.movers
681272,933,a35_39,m,ao_esao_Chinese,official_lang,work.official_lang,married,single.detached.house,other.movers
89659,933,a40_44,f,ao_sao_ei,official_lang,work.official_lang,married,single.detached.house,non.movers
215608,933,a10_14,m,onao_Canadian,official_lang,work.no.official_lang,no.married,apartment,non.movers
314000,933,a50_54,f,eo_seo_Portuguese,official_lang,work.official_lang,married,apartment,non.movers
506140,933,a50_54,m,eo_bio_Irish,official_lang,work.official_lang,married,single.detached.house,non.movers
747409,933,a45_49,m,ao_oesao,official_lang,work.no.official_lang,married,other.attached,non.movers
270563,933,a70_74,f,eo_fo,official_lang,work.no.official_lang,married,single.detached.house,non.movers
314288,933,a0_4,m,ao_esao_Chinese,no.official_lang,work.no.official_lang,no.married,single.detached.house,other.movers
864916,933,a45_49,m,eo_bio_English,official_lang,work.official_lang,no.married,single.detached.house,non.movers
790125,933,a40_44,m,ao_sao_ei,official_lang,work.official_lang,married,single.detached.house,nonmigrants.movers
114018,933,a15_19,m,ao_esao_Chinese,official_lang,work.no.official_lang,no.married,apartment,non.movers
674383,933,a25_29,m,eo_bio_Irish,official_lang,work.official_lang,no.married,other.attached,non.movers
581179,933,a10_14,f,onao_Canadian,official_lang,work.no.official_lang,no.married,single.detached.house,non.movers
412370,933,a15_19,f,ao_esao_Chinese,official_lang,work.official_lang,no.married,apartment,non.movers
926332,933,a40_44,f,ao_esao_Chinese,official_lang,work.official_lang,no.married,single.detached.house,non.movers
112666,933,a80_84,f,eo_weo_German,official_lang,work.no.official_lang,widowed,other.attached,non.movers
383980,933,a65_69,f,eo_bio_English,official_lang,work.no.official_lang,widowed,other.attached,non.movers
13317,933,a30_34,f,ao_oesao,official_lang,work.official_lang,living.common.law,apartment,other.movers
388271,933,a50_54,m,ao_esao_Chinese,no.official_lang,work.no.official_lang,married,other.attached,non.movers
508941,933,a75_79,m,ao_esao_Chinese,no.official_lang,work.no.official_lang,married,apartment,non.movers
680039,933,a60_64,f,naao,official_lang,work.no.official_lang,divorced,apartment,non.movers
232022,933,a65_69,m,ao_wcameo,official_lang,work.no.official_lang,married,single.detached.house,non.movers
874311,933,a25_29,f,ao_esao_Chinese,official_lang,work.no.official_lang,married,single.detached.house,non.movers
175716,933,a55_59,f,onao_Canadian,official_lang,work.official_lang,married,single.detached.house,non.movers
680830,933,a25_29,m,ao_oesao,official_lang,work.official_lang,no.married,single.detached.house,non.movers
197039,933,a65_69,m,eo_bio_English,official_lang,work.no.official_lang,married,single.detached.house,non.movers
503069,933,a60_64,f,eo_eeo_Russian,official_lang,work.official_lang,married,apartment,non.movers
248457,933,a55_59,m,ao_esao_Chinese,no.official_lang,work.no.official_lang,no.married,apartment,non.movers
256948,933,a50_54,f,ao_esao_Chinese,official_lang,work.no.official_lang,married,other.attached,non.movers
453234,933,a15_19,m,ao_esao_Chinese,official_lang,work.no.official_lang,no.married,single.detached.house,non.movers
551344,933,a0_4,m,ao_esao_Chinese,no.official_lang,work.no.official_lang,no.married,single.detached.house,external.movers
478540,933,a45_49,f,ao_oesao,no.official_lang,work.no.official_lang,married,apartment,nonmigrants.movers
544618,933,a45_49,m,onao_Canadian,official_lang,work.official_lang,married,apartment,non.movers
39719,933,a30_34,m,ao_oesao,official_lang,work.official_lang,married,single.detached.house,nonmigrants.movers
55458,933,a60_64,f,ao_esao_Chinese,no.official_lang,work.no.official_lang,married,single.detached.house,non.movers
518696,933,a55_59,m,ao_esao_Chinese,no.official_lang,work.no.official_lang,married,other.attached,non.movers
548517,933,a40_44,m,ao_esao_Chinese,official_lang,work.official_lang,married,apartment,non.movers
315205,933,a40_44,f,ao_esao_Chinese,official_lang,work.official_lang,no.married,apartment,non.movers
235487,933,a55_59,f,ao_sao_ei,official_lang,work.official_lang,divorced,other.attached,non.movers
771338,933,a50_54,m,ao_sao_ei,official_lang,work.no.official_lang,divorced,single.detached.house,non.movers
795625,933,a60_64,f,ao_sao_ei,no.official_lang,work.no.official_lang,widowed,apartment,non.movers
501927,933,a45_49,m,ao_esao_Chinese,official_lang,work.official_lang,married,other.attached,non.movers
62904,933,a60_64,f,ao_esao_Filipino,official_lang,work.official_lang,no.married,apartment,non.movers
634841,933,a75_79,f,ao_sao_ei,no.official_lang,work.no.official_lang,married,apartment,non.movers
915517,933,a5_9,m,ao_esao_Chinese,official_lang,work.no.official_lang,no.married,single.detached.house,non.movers
801061,933,a25_29,m,ao_sao_ei,official_lang,work.official_lang,no.married,single.detached.house,non.movers
890011,933,a70_74,f,ao_sao_ei,no.official_lang,work.no.official_lang,married,single.detached.house,non.movers
170591,933,a15_19,f,ao_esao_Chinese,official_lang,work.no.official_lang,no.married,apartment,non.movers
797479,933,a45_49,m,ao_esao_Chinese,official_lang,work.official_lang,married,single.detached.house,non.movers
392945,933,a40_44,m,ao_sao_ei,official_lang,work.official_lang,married,single.detached.house,non.movers
652244,933,a50_54,f,ao_oesao,no.official_lang,work.no.official_lang,married,other.attached,non.movers
757062,933,a20_24,f,ao_esao_Chinese,official_lang,work.official_lang,no.married,apartment,nonmigrants.movers
662712,933,a20_24,f,ao_esao_Filipino,official_lang,work.official_lang,no.married,apartment,non.movers
614812,933,a40_44,f,eo_seo_Italian,official_lang,work.official_lang,no.married,apartment,non.movers
434982,933,a0_4,m,ao_esao_Chinese,no.official_lang,work.no.official_lang,no.married,single.detached.house,non.movers
54745,933,a50_54,f,eo_bio_English,official_lang,work.official_lang,married,single.detached.house,non.movers
516533,933,a65_69,m,eo_seo_Portuguese,official_lang,work.official_lang,married,single.detached.house,non.movers
888624,933,a10_14,m,ao_sao_ei,official_lang,work.no.official_lang,no.married,single.detached.house,non.movers
821169,933,a55_59,m,eo_bio_Irish,official_lang,work.official_lang,married,single.detached.house,non.movers
129366,933,a5_9,f,ao_esao_Chinese,official_lang,work.no.official_lang,no.married,apartment,non.movers
278327,933,a70_74,f,ao_esao_Chinese,no.official_lang,work.no.official_lang,married,other.attached,external.movers
863717,933,a50_54,f,onao_Canadian,official_lang,work.official_lang,living.common.law,other.attached,non.movers
734564,933,a30_34,m,ao_oesao,official_lang,work.no.official_lang,no.married,apartment,non.movers
466634,933,a15_19,f,ao_esao_Chinese,official_lang,work.no.official_lang,no.married,single.detached.house,external.movers
727593,933,a55_59,f,oco,official_lang,work.official_lang,no.married,apartment,non.movers
176343,933,a5_9,f,ao_osao,official_lang,work.no.official_lang,no.married,apartment,non.movers
358909,933,a40_44,f,ao_esao_Chinese,no.official_lang,work.no.official_lang,married,apartment,non.movers
135261,933,a50_54,f,ao_esao_Chinese,official_lang,work.official_lang,married,single.detached.house,non.movers
496461,933,a20_24,m,ao_esao_Chinese,official_lang,work.official_lang,no.married,single.detached.house,non.movers
732623,933,a0_4,m,onao_Canadian,official_lang,work.no.official_lang,no.married,apartment,other.movers
455763,933,a20_24,m,eo_bio_Irish,official_lang,work.no.official_lang,no.married,other.attached,non.movers
111243,933,a15_19,m,ao_esao_Chinese,official_lang,work.no.official_lang,no.married,single.detached.house,interprovincial.movers
110376,933,a50_54,m,eo_bio_English,official_lang,work.official_lang,married,apartment,non.movers
57425,933,a10_14,f,ao_esao_Filipino,official_lang,work.no.official_lang,no.married,single.detached.house,nonmigrants.movers
337692,933,a20_24,m,ao_esao_Chinese,official_lang,work.no.official_lang,no.married,single.detached.house,non.movers
214591,933,a65_69,m,onao_Canadian,official_lang,work.official_lang,no.married,apartment,non.movers
83888,933,a55_59,m,ao_esao_Chinese,official_lang,work.official_lang,married,single.detached.house,other.movers
738644,933,a60_64,f,ao_esao_Chinese,official_lang,work.official_lang,married,other.attached,non.movers
546061,933,a25_29,f,eo_bio_English,official_lang,work.official_lang,living.common.law,apartment,other.movers
508941,933,a75_79,m,ao_esao_Chinese,no.official_lang,work.no.official_lang,married,apartment,non.movers
205766,933,a5_9,m,ao_esao_Filipino,official_lang,work.no.official_lang,no.married,apartment,non.movers
515779,933,a35_39,m,ao_esao_Chinese,official_lang,work.official_lang,married,apartment,non.movers
656389,933,a10_14,m,ao_oesao,official_lang,work.no.official_lang,no.married,apartment,non.movers
814528,933,a45_49,m,eo_bio_English,official_lang,work.official_lang,married,apartment,non.movers
687521,933,a35_39,m,ao_esao_Chinese,official_lang,work.official_lang,married,apartment,non.movers
125494,933,a65_69,f,ao_osao,official_lang,work.no.official_lang,widowed,apartment,non.movers
300627,933,a55_59,f,ao_esao_Chinese,no.official_lang,work.no.official_lang,married,single.detached.house,non.movers
591619,933,a35_39,f,oo,official_lang,work.official_lang,no.married,apartment,nonmigrants.movers
568568,933,a30_34,m,eo_fo,official_lang,work.official_lang,married,apartment,non.movers
588583,933,a45_49,m,ao_esao_Chinese,official_lang,work.no.official_lang,married,single.detached.house,non.movers
615238,933,a0_4,f,ao_sao_ei,official_lang,work.no.official_lang,no.married,single.detached.house,non.movers
820579,933,a60_64,m,eo_bio_English,official_lang,work.no.official_lang,no.married,apartment,nonmigrants.movers
78083,933,a0_4,f,eo_bio_Irish,official_lang,work.no.official_lang,no.married,apartment,non.movers
663758,933,a65_69,f,ao_esao_Chinese,official_lang,work.official_lang,divorced,single.detached.house,non.movers
336280,933,a60_64,m,ao_sao_ei,official_lang,work.official_lang,married,apartment,non.movers
41199,933,a15_19,m,ao_esao_Chinese,official_lang,work.no.official_lang,no.married,other.attached,non.movers
467222,933,a75_79,f,eo_weo_German,official_lang,work.official_lang,married,single.detached.house,non.movers
267267,933,a50_54,f,ao_sao_ei,official_lang,work.official_lang,married,apartment,non.movers
567902,933,a20_24,m,ao_sao_ei,official_lang,work.official_lang,no.married,single.detached.house,nonmigrants.movers
206291,933,a15_19,f,ao_esao_Filipino,official_lang,work.official_lang,no.married,apartment,external.movers
724213,933,a20_24,m,ao_sao_ei,official_lang,work.official_lang,no.married,apartment,other.movers
844271,933,a15_19,m,onao_Canadian,official_lang,work.official_lang,no.married,other.attached,non.movers
548552,933,a0_4,f,onao_Canadian,official_lang,work.no.official_lang,no.married,other.attached,other.movers
99720,933,a50_54,f,naao,official_lang,work.official_lang,divorced,single.detached.house,non.movers
317721,933,a35_39,m,eo_seo_Italian,official_lang,work.official_lang,married,other.attached,non.movers
149408,933,a15_19,f,ao_sao_ei,official_lang,work.official_lang,no.married,apartment,non.movers
94149,933,a20_24,f,ao_sao_ei,official_lang,work.official_lang,no.married,apartment,nonmigrants.movers
834858,933,a30_34,m,eo_bio_English,official_lang,work.official_lang,no.married,apartment,nonmigrants.movers
670960,933,a20_24,m,ao_wcameo,official_lang,work.no.official_lang,no.married,apartment,non.movers
282243,933,a50_54,m,ao_osao,official_lang,work.no.official_lang,married,apartment,non.movers
636301,933,a45_49,f,ao_oesao,official_lang,work.no.official_lang,married,other.attached,non.movers
470814,933,a45_49,m,onao_Canadian,official_lang,work.official_lang,married,other.attached,non.movers
73550,933,a30_34,f,naao,official_lang,work.no.official_lang,living.common.law,other.attached,non.movers
321150,933,a50_54,m,ao_esao_Chinese,official_lang,work.official_lang,married,single.detached.house,non.movers
377458,933,a35_39,m,ao_sao_ei,official_lang,work.official_lang,married,apartment,non.movers
458941,933,a45_49,f,ao_esao_Chinese,official_lang,work.official_lang,married,apartment,non.movers
719208,933,a25_29,m,ao_sao_ei,official_lang,work.official_lang,no.married,single.detached.house,non.movers
233957,933,a25_29,m,eo_oseo,official_lang,work.official_lang,no.married,apartment,non.movers
457627,933,a80_84,m,ao_esao_Chinese,official_lang,work.official_lang,married,single.detached.house,non.movers
194514,933,a50_54,m,eo_bio_English,official_lang,work.official_lang,married,apartment,non.movers
234964,933,a55_59,m,eo_eeo_Polish,official_lang,work.official_lang,married,single.detached.house,non.movers
612723,933,a5_9,f,eo_oeeo,official_lang,work.no.official_lang,no.married,other.attached,non.movers
523501,933,a50_54,f,ao_esao_Chinese,no.official_lang,work.no.official_lang,married,apartment,non.movers
554132,933,a15_19,f,ao_sao_ei,official_lang,work.no.official_lang,no.married,apartment,non.movers
523972,933,a40_44,f,eo_seo_Spanish,official_lang,work.official_lang,married,other.attached,non.movers
137835,933,a45_49,m,ao_esao_Chinese,no.official_lang,work.official_lang,married,apartment,non.movers
899261,933,a60_64,m,eo_bio_English,official_lang,work.official_lang,married,apartment,non.movers
714172,933,a20_24,f,eo_weo_Dutch,official_lang,work.official_lang,married,other.attached,non.movers
854722,933,a30_34,f,ao,official_lang,work.official_lang,married,single.detached.house,other.movers
147679,933,a60_64,m,ao_esao_Chinese,official_lang,work.no.official_lang,married,single.detached.house,non.movers
861779,933,a50_54,f,eo_bio_English,official_lang,work.official_lang,married,apartment,non.movers
715826,933,a45_49,f,eo_weo_German,official_lang,work.official_lang,married,apartment,non.movers
11850,933,a0_4,f,ao,official_lang,work.no.official_lang,no.married,other.attached,non.movers
257895,933,a20_24,f,ao_osao,official_lang,work.official_lang,no.married,apartment,non.movers
885364,933,a35_39,m,ao_esao_Filipino,official_lang,work.official_lang,married,single.detached.house,nonmigrants.movers
888647,933,a65_69,f,onao_Canadian,official_lang,work.no.official_lang,married,single.detached.house,non.movers
632092,933,a70_74,m,ao_esao_Chinese,official_lang,work.no.official_lang,married,single.detached.house,non.movers
441507,933,a15_19,m,ao_sao_ei,official_lang,work.official_lang,no.married,single.detached.house,non.movers
353694,933,a25_29,m,ao_esao_Chinese,official_lang,work.official_lang,married,apartment,non.movers
546931,933,a50_54,m,ao_esao_Chinese,official_lang,work.official_lang,married,apartment,non.movers
424712,933,a65_69,f,eo_seo_Italian,official_lang,work.no.official_lang,married,other.attached,non.movers
697991,933,a80_84,f,ao_esao_Filipino,no.official_lang,work.no.official_lang,widowed,apartment,non.movers
183746,933,a30_34,f,ao_esao_Chinese,official_lang,work.official_lang,married,single.detached.house,non.movers
643971,933,a50_54,m,ao_esao_Chinese,official_lang,work.official_lang,married,other.attached,non.movers
405377,933,a70_74,m,ao_sao_ei,no.official_lang,work.no.official_lang,married,apartment,non.movers
294991,933,a0_4,m,ao_esao_Chinese,official_lang,work.no.official_lang,no.married,single.detached.house,non.movers
186326,933,a60_64,f,ao_esao_Chinese,no.official_lang,work.no.official_lang,no.married,apartment,nonmigrants.movers
301218,933,a45_49,f,ao_osao,official_lang,work.official_lang,married,other.attached,non.movers
20179,933,a55_59,f,ao_sao_ei,official_lang,work.official_lang,married,apartment,non.movers
34412,933,a0_4,m,ao_sao_ei,official_lang,work.no.official_lang,no.married,apartment,non.movers
775528,933,a0_4,m,ao_sao_ei,official_lang,work.no.official_lang,no.married,apartment,non.movers
321065,933,a30_34,f,ao_osao,official_lang,work.no.official_lang,married,single.detached.house,non.movers
290806,933,a70_74,f,ao_oesao,official_lang,work.no.official_lang,married,single.detached.house,non.movers
818753,933,a55_59,f,ao_esao_Chinese,no.official_lang,work.no.official_lang,married,apartment,non.movers
129242,933,a45_49,f,ao_wcameo,official_lang,work.official_lang,married,apartment,non.movers
863565,933,a20_24,f,ao_esao_Chinese,official_lang,work.official_lang,no.married,apartment,non.movers
44043,933,a45_49,f,eo_bio_English,official_lang,work.official_lang,divorced,single.detached.house,non.movers
759254,933,a55_59,f,ao_esao_Filipino,official_lang,work.official_lang,married,apartment,non.movers
342905,933,a25_29,m,ao_oesao,official_lang,work.official_lang,no.married,apartment,non.movers
475600,933,a55_59,f,ao_esao_Chinese,no.official_lang,work.official_lang,married,apartment,non.movers
479970,933,a15_19,f,ao_esao_Chinese,official_lang,work.no.official_lang,no.married,apartment,nonmigrants.movers
441828,933,a35_39,m,ao_esao_Chinese,official_lang,work.official_lang,married,apartment,non.movers
86996,933,a65_69,f,eo_bio_Irish,official_lang,work.official_lang,divorced,apartment,non.movers
508187,933,a65_69,m,ao_sao_ei,official_lang,work.official_lang,married,single.detached.house,non.movers
86996,933,a65_69,f,eo_bio_Irish,official_lang,work.official_lang,divorced,apartment,non.movers
309218,933,a65_69,f,ao_esao_Chinese,official_lang,work.no.official_lang,married,single.detached.house,non.movers
495196,933,a20_24,f,onao_Canadian,official_lang,work.official_lang,no.married,apartment,non.movers
232303,933,a55_59,m,ao_esao_Chinese,official_lang,work.official_lang,divorced,apartment,non.movers
891215,933,a35_39,m,ao_oesao,no.official_lang,work.official_lang,separated,apartment,nonmigrants.movers
606733,933,a50_54,m,onao_Canadian,official_lang,work.official_lang,married,apartment,non.movers
718193,933,a65_69,f,eo_bio_Irish,official_lang,work.no.official_lang,married,single.detached.house,non.movers
817089,933,a25_29,f,onao_Canadian,official_lang,work.official_lang,no.married,other.attached,non.movers
444916,933,a10_14,f,ao_sao_ei,official_lang,work.no.official_lang,no.married,apartment,non.movers
155018,933,a10_14,m,eo_eeo_Polish,official_lang,work.no.official_lang,no.married,other.attached,non.movers
893584,933,a20_24,m,ao_esao_Filipino,official_lang,work.official_lang,no.married,apartment,non.movers
72097,933,a0_4,f,ao_esao_Filipino,official_lang,work.no.official_lang,no.married,apartment,non.movers
243120,933,a20_24,f,eo_eeo_Russian,official_lang,work.official_lang,no.married,apartment,non.movers
713262,933,a15_19,f,ao_osao,official_lang,work.official_lang,no.married,apartment,non.movers
434480,933,a55_59,f,ao_esao_Chinese,official_lang,work.official_lang,no.married,single.detached.house,non.movers
830012,933,a50_54,f,eo_weo_Dutch,official_lang,work.official_lang,no.married,apartment,non.movers
458941,933,a45_49,f,ao_esao_Chinese,official_lang,work.official_lang,married,apartment,non.movers
182754,933,a20_24,m,ao_esao_Chinese,official_lang,work.no.official_lang,no.married,single.detached.house,nonmigrants.movers
642715,933,a10_14,m,ao_esao_Chinese,official_lang,work.no.official_lang,no.married,single.detached.house,non.movers
569558,933,a50_54,f,ao_esao_Chinese,no.official_lang,work.no.official_lang,married,apartment,non.movers
401505,933,a30_34,m,eo_bio_Scottish,official_lang,work.official_lang,living.common.law,apartment,nonmigrants.movers
260470,933,a45_49,m,ao_esao_Filipino,official_lang,work.official_lang,no.married,apartment,non.movers
763621,933,a0_4,f,ao_oesao,official_lang,work.no.official_lang,no.married,other.attached,non.movers
470017,933,a65_69,f,eo_obio,official_lang,work.no.official_lang,married,single.detached.house,non.movers
172268,933,a65_69,m,ao_oesao,official_lang,work.official_lang,married,other.attached,non.movers
689046,933,a50_54,m,eo_bio_English,official_lang,work.official_lang,married,single.detached.house,non.movers
573406,933,a10_14,m,eo_oseo,official_lang,work.no.official_lang,no.married,single.detached.house,other.movers
828632,933,a65_69,m,eo_eeo_Ukrainian,official_lang,work.no.official_lang,married,single.detached.house,non.movers
37997,933,a5_9,f,onao_Canadian,official_lang,work.no.official_lang,no.married,apartment,nonmigrants.movers
628977,933,a85_,f,ao_esao_Chinese,official_lang,work.no.official_lang,married,apartment,non.movers
231715,933,a10_14,m,ao_esao_Filipino,official_lang,work.no.official_lang,no.married,apartment,non.movers
408050,933,a45_49,m,ao_wcameo,official_lang,work.official_lang,married,single.detached.house,non.movers
403573,933,a30_34,m,eo_eeo_Polish,official_lang,work.official_lang,no.married,apartment,non.movers
687142,933,a75_79,f,eo_eeo_Hungarian,official_lang,work.no.official_lang,widowed,single.detached.house,non.movers
628350,933,a60_64,f,oo,official_lang,work.official_lang,married,apartment,non.movers
103420,933,a20_24,m,ao_esao_Chinese,official_lang,work.official_lang,no.married,apartment,non.movers
467900,933,a45_49,m,ao_esao_Filipino,official_lang,work.official_lang,married,single.detached.house,non.movers
724894,933,a30_34,f,eo_bio_Scottish,official_lang,work.official_lang,no.married,apartment,non.movers
419007,933,a75_79,f,ao_esao_Chinese,official_lang,work.no.official_lang,no.married,apartment,non.movers
232418,933,a75_79,m,ao_oesao,official_lang,work.no.official_lang,married,apartment,non.movers
22736,933,a35_39,f,ao_osao,official_lang,work.official_lang,married,apartment,non.movers
653910,933,a50_54,f,ao_esao_Chinese,official_lang,work.no.official_lang,no.married,apartment,non.movers
169803,933,a5_9,f,ao_esao_Chinese,official_lang,work.no.official_lang,no.married,apartment,non.movers
632698,933,a10_14,m,ao_esao_Chinese,official_lang,work.no.official_lang,no.married,single.detached.house,interprovincial.movers
242731,933,a45_49,f,ao_esao_Chinese,official_lang,work.no.official_lang,married,single.detached.house,non.movers
415078,933,a15_19,m,ao_esao_Filipino,official_lang,work.no.official_lang,no.married,apartment,external.movers
720737,933,a50_54,f,eo_bio_English,official_lang,work.official_lang,married,single.detached.house,non.movers
275611,933,a65_69,f,ao_esao_Chinese,official_lang,work.official_lang,married,single.detached.house,non.movers
874808,933,a60_64,m,ao_esao_Chinese,official_lang,work.official_lang,married,single.detached.house,non.movers
280600,933,a35_39,f,ao_sao_ei,official_lang,work.no.official_lang,married,apartment,non.movers
108192,933,a70_74,m,eo_bio_Scottish,official_lang,work.official_lang,married,single.detached.house,non.movers
855701,933,a20_24,f,ao_esao_Chinese,official_lang,work.no.official_lang,living.common.law,apartment,non.movers
582225,933,a30_34,f,eo_seo_Portuguese,official_lang,work.no.official_lang,married,single.detached.house,non.movers
644466,933,a60_64,m,ao_wcameo,no.official_lang,work.no.official_lang,divorced,single.detached.house,other.movers
795792,933,a45_49,m,eo_bio_English,official_lang,work.official_lang,married,single.detached.house,non.movers
689205,933,a50_54,f,ao_esao_Chinese,official_lang,work.no.official_lang,married,apartment,non.movers
588025,933,a25_29,m,ao_sao_ei,official_lang,work.official_lang,no.married,apartment,external.movers
856360,933,a30_34,m,onao_Canadian,official_lang,work.official_lang,no.married,apartment,non.movers
547795,933,a20_24,f,ao_esao_Filipino,official_lang,work.official_lang,no.married,other.attached,non.movers
727533,933,a35_39,m,eo_bio_English,official_lang,work.official_lang,married,apartment,non.movers
927611,933,a30_34,m,ao_wcameo,official_lang,work.official_lang,married,single.detached.house,non.movers
620237,933,a10_14,f,eo_bio_Scottish,official_lang,work.no.official_lang,no.married,single.detached.house,non.movers
637303,933,a75_79,f,ao_sao_ei,official_lang,work.no.official_lang,married,single.detached.house,non.movers
33757,933,a50_54,m,oo,official_lang,work.official_lang,married,apartment,non.movers
927893,933,a55_59,m,ao_esao_Chinese,no.official_lang,work.no.official_lang,married,single.detached.house,non.movers
804092,933,a15_19,f,ao_esao_Filipino,official_lang,work.no.official_lang,no.married,apartment,non.movers
505823,933,a15_19,m,ao_sao_ei,official_lang,work.no.official_lang,no.married,apartment,non.movers
330257,933,a65_69,m,ao_esao_Chinese,official_lang,work.official_lang,married,other.attached,non.movers
348590,933,a0_4,m,ao_sao_ei,official_lang,work.no.official_lang,no.married,apartment,other.movers
454403,933,a0_4,f,ao_esao_Chinese,no.official_lang,work.no.official_lang,no.married,other.attached,other.movers
591076,933,a25_29,f,lcsao,official_lang,work.official_lang,no.married,apartment,nonmigrants.movers
355398,933,a5_9,m,ao_esao_Chinese,official_lang,work.no.official_lang,no.married,single.detached.house,non.movers
171901,933,a40_44,m,onao,official_lang,work.official_lang,married,other.attached,non.movers
285364,933,a60_64,m,onao_Canadian,official_lang,work.no.official_lang,married,single.detached.house,non.movers
197306,933,a35_39,f,ao_sao_ei,official_lang,work.official_lang,separated,apartment,non.movers
391316,933,a45_49,m,ao_esao_Chinese,official_lang,work.no.official_lang,separated,apartment,non.movers
332910,933,a50_54,f,ao_esao_Chinese,no.official_lang,work.no.official_lang,married,apartment,non.movers
691479,933,a0_4,f,ao_esao_Filipino,official_lang,work.no.official_lang,no.married,apartment,other.movers
721481,933,a15_19,f,onao_Canadian,official_lang,work.official_lang,no.married,single.detached.house,non.movers
559403,933,a30_34,f,ao_wcameo,official_lang,work.official_lang,married,apartment,non.movers
289758,933,a65_69,m,ao_esao_Chinese,official_lang,work.official_lang,married,apartment,non.movers
881376,933,a35_39,f,ao_esao_Chinese,no.official_lang,work.no.official_lang,married,single.detached.house,non.movers
681561,933,a55_59,m,ao_wcameo,no.official_lang,work.no.official_lang,married,apartment,non.movers
552205,933,a65_69,f,eo_eeo_Polish,official_lang,work.official_lang,divorced,apartment,non.movers
538763,933,a55_59,m,ao_esao_Chinese,official_lang,work.no.official_lang,married,single.detached.house,non.movers
267,933,a50_54,m,ao_esao_Filipino,official_lang,work.official_lang,married,apartment,non.movers
599109,933,a55_59,m,ao_wcameo,official_lang,work.official_lang,married,other.attached,non.movers
857973,933,a35_39,m,eo_neo,official_lang,work.no.official_lang,living.common.law,apartment,non.movers
588532,933,a50_54,f,ao_esao_Chinese,official_lang,work.no.official_lang,married,apartment,non.movers
690630,933,a15_19,f,ao_esao_Filipino,official_lang,work.no.official_lang,no.married,apartment,non.movers
394790,933,a50_54,m,eo_weo_Dutch,official_lang,work.official_lang,married,other.attached,non.movers
75712,933,a40_44,f,ao_esao_Chinese,official_lang,work.no.official_lang,married,single.detached.house,non.movers
309951,933,a40_44,m,ao_esao_Chinese,official_lang,work.official_lang,married,apartment,non.movers
270487,933,a75_79,f,ao_sao_ei,no.official_lang,work.no.official_lang,married,apartment,non.movers
401986,933,a15_19,f,ao_wcameo,official_lang,work.official_lang,no.married,single.detached.house,non.movers
715253,933,a15_19,m,ao_oesao,official_lang,work.no.official_lang,no.married,single.detached.house,non.movers
880789,933,a25_29,m,eo_bio_English,official_lang,work.official_lang,living.common.law,apartment,external.movers
159336,933,a40_44,m,ao_esao_Chinese,official_lang,work.no.official_lang,married,apartment,non.movers
749582,933,a15_19,f,ao_esao_Chinese,official_lang,work.no.official_lang,no.married,apartment,non.movers
563644,933,a25_29,m,ao_wcameo,official_lang,work.official_lang,no.married,apartment,non.movers
734089,933,a85_,f,eo_bio_Irish,official_lang,work.no.official_lang,widowed,apartment,non.movers
753768,933,a60_64,f,eo_eeo_Ukrainian,official_lang,work.no.official_lang,married,apartment,non.movers
51473,933,a70_74,f,eo_bio_Irish,official_lang,work.no.official_lang,married,apartment,non.movers
676981,933,a40_44,f,ao_esao_Filipino,official_lang,work.no.official_lang,married,apartment,non.movers
461019,933,a10_14,m,ao_sao_ei,official_lang,work.no.official_lang,no.married,apartment,non.movers
44534,933,a55_59,f,ao_esao_Chinese,official_lang,work.official_lang,married,apartment,non.movers
353962,933,a30_34,m,onao_Canadian,official_lang,work.official_lang,no.married,other.attached,non.movers
82670,933,a60_64,m,ao_esao_Chinese,no.official_lang,work.no.official_lang,married,apartment,non.movers
224575,933,a20_24,f,eo_seo_Spanish,official_lang,work.official_lang,no.married,apartment,nonmigrants.movers
117027,933,a45_49,m,onao_Canadian,official_lang,work.official_lang,living.common.law,single.detached.house,non.movers
398445,933,a60_64,f,eo_bio_English,official_lang,work.no.official_lang,married,other.attached,non.movers
300328,933,a35_39,f,lcsao,official_lang,work.official_lang,married,apartment,non.movers
384624,933,a0_4,m,ao_esao_Filipino,official_lang,work.no.official_lang,no.married,other.attached,non.movers
364781,933,a50_54,f,ao_esao_Chinese,official_lang,work.official_lang,widowed,apartment,non.movers
124221,933,a50_54,m,eo_weo_German,official_lang,work.official_lang,married,single.detached.house,non.movers
27454,933,a40_44,m,ao_esao_Chinese,no.official_lang,work.no.official_lang,married,apartment,non.movers
248777,933,a35_39,f,ao_oesao,official_lang,work.official_lang,no.married,apartment,non.movers
283725,933,a50_54,f,ao_esao_Chinese,official_lang,work.official_lang,married,apartment,non.movers
707426,933,a20_24,f,onao_Canadian,official_lang,work.no.official_lang,no.married,apartment,non.movers
854619,933,a55_59,m,eo_weo_German,official_lang,work.official_lang,married,other.attached,non.movers
785076,933,a45_49,f,ao_esao_Chinese,official_lang,work.no.official_lang,living.common.law,apartment,non.movers
598984,933,a10_14,f,ao,official_lang,work.no.official_lang,no.married,apartment,non.movers
18303,933,a70_74,m,eo_bio_English,official_lang,work.no.official_lang,divorced,apartment,non.movers
758435,933,a80_84,m,eo_weo_Dutch,official_lang,work.no.official_lang,married,single.detached.house,non.movers
99751,933,a25_29,m,ao_esao_Filipino,official_lang,work.no.official_lang,no.married,apartment,nonmigrants.movers
146688,933,a50_54,m,ao_esao_Chinese,no.official_lang,work.no.official_lang,married,single.detached.house,external.movers
275318,933,a75_79,m,eo_bio_Scottish,official_lang,work.no.official_lang,married,single.detached.house,non.movers
276344,933,a35_39,f,ao_esao_Chinese,official_lang,work.official_lang,married,single.detached.house,non.movers
5933,933,a30_34,f,ao_sao_ei,official_lang,work.official_lang,married,other.attached,interprovincial.movers
913772,933,a5_9,f,onao_Canadian,official_lang,work.no.official_lang,no.married,apartment,non.movers
513034,933,a15_19,m,eo_bio_English,official_lang,work.official_lang,no.married,single.detached.house,non.movers
494328,933,a55_59,f,onao_Canadian,official_lang,work.official_lang,married,single.detached.house,non.movers
740565,933,a40_44,m,ao_wcameo,official_lang,work.official_lang,living.common.law,apartment,non.movers
626038,933,a5_9,f,onao_Canadian,official_lang,work.no.official_lang,no.married,apartment,non.movers
49429,933,a50_54,m,eo_obio,official_lang,work.official_lang,married,other.attached,non.movers
453889,933,a75_79,f,ao_esao_Filipino,official_lang,work.no.official_lang,widowed,apartment,non.movers
398845,933,a10_14,f,onao_Canadian,official_lang,work.no.official_lang,no.married,single.detached.house,non.movers
15345,933,a15_19,f,eo_oeo,official_lang,work.no.official_lang,no.married,single.detached.house,nonmigrants.movers
670862,933,a30_34,f,ao_esao_Chinese,official_lang,work.official_lang,living.common.law,apartment,non.movers
186574,933,a0_4,m,ao_esao_Filipino,official_lang,work.no.official_lang,no.married,other.attached,non.movers
228362,933,a50_54,m,ao,official_lang,work.official_lang,married,apartment,non.movers
681272,933,a35_39,m,ao_esao_Chinese,official_lang,work.official_lang,married,single.detached.house,other.movers
467379,933,a10_14,m,lcsao,official_lang,work.no.official_lang,no.married,other.attached,nonmigrants.movers
459152,933,a60_64,f,ao_esao_Chinese,official_lang,work.no.official_lang,married,single.detached.house,non.movers
653910,933,a50_54,f,ao_esao_Chinese,official_lang,work.no.official_lang,no.married,apartment,non.movers
258174,933,a60_64,m,ao_esao_Chinese,official_lang,work.official_lang,married,single.detached.house,non.movers
579669,933,a60_64,m,ao_esao_Chinese,official_lang,work.official_lang,married,other.attached,non.movers
659979,933,a25_29,f,onao_Canadian,official_lang,work.official_lang,married,apartment,non.movers
836735,933,a10_14,f,eo_eeo_Russian,official_lang,work.no.official_lang,no.married,other.attached,non.movers
332656,933,a75_79,m,ao_esao_Chinese,official_lang,work.no.official_lang,married,single.detached.house,non.movers
110760,933,a85_,f,eo_bio_English,official_lang,work.no.official_lang,widowed,other.attached,non.movers
56834,933,a40_44,f,ao,official_lang,work.official_lang,no.married,other.attached,non.movers
450920,933,a40_44,f,ao_sao_ei,no.official_lang,work.no.official_lang,divorced,apartment,non.movers
133949,933,a50_54,f,ao_oesao,no.official_lang,work.no.official_lang,no.married,single.detached.house,non.movers
107025,933,a70_74,m,ao_esao_Filipino,official_lang,work.official_lang,married,apartment,non.movers
682592,933,a55_59,m,eo_bio_Scottish,official_lang,work.official_lang,living.common.law,other.attached,non.movers
145035,933,a30_34,m,ao_esao_Chinese,official_lang,work.official_lang,no.married,apartment,external.movers
853350,933,a50_54,m,ao_esao_Filipino,official_lang,work.official_lang,married,other.attached,non.movers
431768,933,a45_49,m,onao_Canadian,official_lang,work.official_lang,living.common.law,single.detached.house,non.movers
196211,933,a20_24,f,ao_oesao,official_lang,work.no.official_lang,no.married,apartment,external.movers
612419,933,a10_14,f,ao_wcameo,official_lang,work.no.official_lang,no.married,apartment,non.movers
666049,933,a80_84,f,eo_fo,official_lang,work.no.official_lang,married,single.detached.house,non.movers
378309,933,a60_64,f,eo_bio_English,official_lang,work.official_lang,married,apartment,non.movers
847220,933,a15_19,m,eo_oeeo,official_lang,work.no.official_lang,no.married,apartment,non.movers
929787,933,a15_19,f,ao_sao_ei,official_lang,work.no.official_lang,no.married,single.detached.house,non.movers
241442,933,a65_69,f,eo_bio_English,official_lang,work.official_lang,divorced,single.detached.house,non.movers
731873,933,a40_44,f,ao_esao_Chinese,official_lang,work.no.official_lang,married,single.detached.house,non.movers
100580,933,a35_39,f,ao_osao,official_lang,work.no.official_lang,married,apartment,non.movers
235516,933,a45_49,f,ao_esao_Chinese,official_lang,work.official_lang,divorced,other.attached,non.movers
278162,933,a70_74,m,ao_wcameo,official_lang,work.no.official_lang,married,apartment,non.movers
390147,933,a10_14,m,ao,official_lang,work.no.official_lang,no.married,apartment,non.movers
319816,933,a65_69,m,ao_oesao,official_lang,work.no.official_lang,no.married,single.detached.house,non.movers
925300,933,a10_14,m,eo_oeo,official_lang,work.no.official_lang,no.married,apartment,external.movers
290106,933,a15_19,m,ao_sao_ei,official_lang,work.official_lang,no.married,apartment,non.movers
687087,933,a55_59,m,ao_esao_Chinese,official_lang,work.official_lang,married,other.attached,non.movers
820445,933,a20_24,m,ao_sao_ei,official_lang,work.official_lang,no.married,apartment,nonmigrants.movers
571619,933,a15_19,m,eo_eeo_Ukrainian,official_lang,work.official_lang,no.married,single.detached.house,non.movers
261734,933,a35_39,f,ao_esao_Filipino,official_lang,work.official_lang,no.married,apartment,non.movers
434102,933,a20_24,m,ao_wcameo,official_lang,work.official_lang,no.married,apartment,non.movers
179593,933,a5_9,m,ao_osao,official_lang,work.no.official_lang,no.married,apartment,external.movers
497301,933,a65_69,m,ao_esao_Chinese,official_lang,work.no.official_lang,married,apartment,non.movers
331799,933,a30_34,f,ao_esao_Chinese,official_lang,work.official_lang,married,other.attached,non.movers
166042,933,a25_29,m,ao_esao_Chinese,official_lang,work.official_lang,married,apartment,non.movers
162362,933,a15_19,m,ao_esao_Chinese,official_lang,work.no.official_lang,no.married,single.detached.house,other.movers
315523,933,a20_24,f,ao_esao_Chinese,official_lang,work.no.official_lang,no.married,apartment,nonmigrants.movers
661543,933,a20_24,m,ao_esao_Chinese,official_lang,work.official_lang,no.married,other.attached,non.movers
479598,933,a35_39,f,ao_oesao,official_lang,work.no.official_lang,married,other.attached,non.movers
514148,933,a5_9,m,ao_esao_Filipino,official_lang,work.no.official_lang,no.married,other.attached,non.movers
662225,933,a35_39,f,ao_sao_ei,official_lang,work.no.official_lang,married,apartment,non.movers
580105,933,a20_24,f,ao_esao_Chinese,official_lang,work.official_lang,no.married,apartment,non.movers
925724,933,a35_39,f,ao_sao_ei,official_lang,work.no.official_lang,married,single.detached.house,non.movers
613377,933,a75_79,f,ao_esao_Chinese,no.official_lang,work.no.official_lang,married,apartment,non.movers
590596,933,a45_49,m,eo_seo_Italian,official_lang,work.official_lang,no.married,apartment,non.movers
823560,933,a40_44,f,ao_oesao,official_lang,work.official_lang,married,apartment,non.movers
636384,933,a30_34,m,oo,official_lang,work.official_lang,living.common.law,apartment,other.movers
815433,933,a30_34,f,ao_sao_ei,official_lang,work.official_lang,married,single.detached.house,nonmigrants.movers
464506,933,a60_64,m,eo_eeo_Polish,official_lang,work.official_lang,married,other.attached,non.movers
376978,933,a40_44,f,naao,official_lang,work.official_lang,no.married,apartment,non.movers
156173,933,a50_54,m,ao_esao_Chinese,official_lang,work.official_lang,married,single.detached.house,nonmigrants.movers
584736,933,a40_44,f,ao_esao_Chinese,no.official_lang,work.no.official_lang,married,single.detached.house,non.movers
289572,933,a85_,f,eo_bio_English,official_lang,work.no.official_lang,widowed,single.detached.house,non.movers
90711,933,a20_24,f,ao_oesao,official_lang,work.official_lang,living.common.law,apartment,non.movers
578599,933,a60_64,m,ao_oesao,official_lang,work.no.official_lang,married,apartment,non.movers
840533,933,a15_19,m,ao_esao_Filipino,official_lang,work.no.official_lang,no.married,apartment,non.movers
837644,933,a25_29,m,ao_esao_Chinese,official_lang,work.official_lang,no.married,single.detached.house,non.movers
279210,933,a5_9,m,eo_seo_Italian,official_lang,work.no.official_lang,no.married,single.detached.house,non.movers
505193,933,a80_84,f,ao_esao_Chinese,no.official_lang,work.no.official_lang,widowed,single.detached.house,non.movers
924030,933,a60_64,f,eo_fo,official_lang,work.no.official_lang,married,other.attached,non.movers
220052,933,a5_9,m,lcsao,official_lang,work.no.official_lang,no.married,apartment,non.movers
492767,933,a20_24,f,ao_sao_ei,official_lang,work.official_lang,no.married,apartment,non.movers
824015,933,a30_34,f,ao_esao_Chinese,official_lang,work.official_lang,no.married,other.attached,non.movers
598600,933,a25_29,m,eo_neo,official_lang,work.official_lang,living.common.law,apartment,nonmigrants.movers
642193,933,a70_74,f,eo_seo_Italian,official_lang,work.no.official_lang,married,other.attached,non.movers
414750,933,a10_14,f,ao_sao_ei,official_lang,work.no.official_lang,no.married,single.detached.house,non.movers
451878,933,a30_34,f,ao_sao_ei,official_lang,work.official_lang,married,apartment,non.movers
916310,933,a45_49,f,ao_sao_ei,official_lang,work.official_lang,married,apartment,non.movers
363260,933,a20_24,f,ao_sao_ei,official_lang,work.official_lang,no.married,apartment,non.movers
572502,933,a65_69,f,eo_bio_Irish,official_lang,work.no.official_lang,no.married,apartment,non.movers
503331,933,a65_69,m,ao_sao_ei,official_lang,work.no.official_lang,married,single.detached.house,non.movers
812312,933,a50_54,m,eo_bio_English,official_lang,work.no.official_lang,no.married,apartment,non.movers
851606,933,a45_49,f,eo_weo_German,official_lang,work.official_lang,no.married,apartment,non.movers
402506,933,a0_4,f,ao_esao_Chinese,no.official_lang,work.no.official_lang,no.married,single.detached.house,non.movers
758435,933,a80_84,m,eo_weo_Dutch,official_lang,work.no.official_lang,married,single.detached.house,non.movers
458792,933,a0_4,f,ao_esao_Chinese,official_lang,work.no.official_lang,no.married,single.detached.house,non.movers
341333,933,a40_44,f,ao_oesao,official_lang,work.official_lang,married,apartment,other.movers
176925,933,a35_39,f,eo_oeeo,official_lang,work.official_lang,no.married,apartment,non.movers
577905,933,a70_74,m,eo_weo_Dutch,official_lang,work.no.official_lang,divorced,apartment,non.movers
138707,933,a0_4,m,ao_esao_Filipino,official_lang,work.no.official_lang,no.married,single.detached.house,non.movers
754874,933,a0_4,f,ao_esao_Chinese,official_lang,work.no.official_lang,no.married,apartment,non.movers
570406,933,a65_69,f,ao_esao_Chinese,official_lang,work.no.official_lang,married,apartment,non.movers
680996,933,a50_54,f,ao_esao_Filipino,official_lang,work.official_lang,separated,other.attached,non.movers
855137,933,a20_24,m,ao_esao_Chinese,official_lang,work.no.official_lang,no.married,apartment,non.movers
64492,933,a30_34,f,ao_esao_Chinese,official_lang,work.no.official_lang,married,single.detached.house,non.movers
239240,933,a65_69,m,ao_esao_Chinese,official_lang,work.no.official_lang,married,apartment,non.movers
190783,933,a15_19,f,ao_osao,official_lang,work.official_lang,no.married,apartment,non.movers
739091,933,a50_54,m,onao_Canadian,official_lang,work.official_lang,married,single.detached.house,non.movers
801400,933,a40_44,f,onao_Canadian,official_lang,work.official_lang,separated,single.detached.house,non.movers
794977,933,a25_29,f,ao_esao_Chinese,official_lang,work.official_lang,living.common.law,apartment,non.movers
118538,933,a55_59,m,ao_esao_Filipino,official_lang,work.official_lang,married,apartment,non.movers
915781,933,a50_54,m,eo_seo_Portuguese,official_lang,work.official_lang,married,apartment,non.movers
681941,933,a10_14,f,onao_Canadian,official_lang,work.no.official_lang,no.married,single.detached.house,non.movers
893217,933,a0_4,m,onao_Canadian,official_lang,work.no.official_lang,no.married,single.detached.house,non.movers
930244,933,a35_39,m,ao_esao_Chinese,official_lang,work.official_lang,no.married,apartment,non.movers
579282,933,a60_64,f,ao_esao_Chinese,no.official_lang,work.no.official_lang,married,single.detached.house,non.movers
821763,933,a55_59,f,eo_eeo_Hungarian,official_lang,work.no.official_lang,divorced,apartment,non.movers
587255,933,a5_9,m,onao_Canadian,official_lang,work.no.official_lang,no.married,single.detached.house,non.movers
635577,933,a25_29,m,ao_sao_ei,official_lang,work.official_lang,no.married,apartment,non.movers
744362,933,a45_49,m,ao_wcameo,official_lang,work.no.official_lang,no.married,other.attached,non.movers
462475,933,a30_34,f,ao_esao_Chinese,official_lang,work.official_lang,married,apartment,nonmigrants.movers
453703,933,a40_44,m,eo_fo,official_lang,work.official_lang,living.common.law,apartment,non.movers
