PPSORT,CMA,AGE,SEX,RACE,KOL,WORKLANG,MARST,DWEL,MOBL
149209,933,a20_24,f,ao_esao_Chinese,official_lang,work.official_lang,no.married,single.detached.house,non.movers
878315,933,a60_64,m,ao_oesao,official_lang,work.no.official_lang,widowed,apartment,non.movers
779928,933,a50_54,m,eo_weo_German,official_lang,work.official_lang,living.common.law,apartment,non.movers
196257,933,a50_54,f,ao_esao_Chinese,no.official_lang,work.no.official_lang,married,single.detached.house,non.movers
128237,933,a60_64,f,ao_esao_Chinese,official_lang,work.official_lang,married,single.detached.house,non.movers
894180,933,a45_49,f,ao_oesao,official_lang,work.official_lang,married,single.detached.house,nonmigrants.movers
212416,933,a30_34,m,ao_wcameo,official_lang,work.official_lang,married,apartment,non.movers
755224,933,a55_59,f,eo_fo,official_lang,work.official_lang,married,apartment,non.movers
589429,933,a80_84,f,eo_seo_Greek,official_lang,work.no.official_lang,married,single.detached.house,non.movers
134268,933,a5_9,f,ao_esao_Chinese,official_lang,work.no.official_lang,no.married,apartment,non.movers
275619,933,a10_14,f,onao_Canadian,official_lang,work.no.official_lang,no.married,single.detached.house,non.movers
601772,933,a50_54,f,eo_bio_English,official_lang,work.official_lang,married,single.detached.house,non.movers
37478,933,a55_59,m,eo_neo,official_lang,work.official_lang,married,apartment,other.movers
382133,933,a65_69,f,eo_bio_Irish,official_lang,work.official_lang,married,apartment,non.movers
459281,933,a55_59,m,ao_esao_Chinese,official_lang,work.no.official_lang,married,single.detached.house,non.movers
898688,933,a40_44,m,ao_sao_ei,official_lang,work.official_lang,married,single.detached.house,nonmigrants.movers
157379,933,a55_59,m,eo_seo_Italian,official_lang,work.official_lang,married,single.detached.house,other.movers
90775,933,a65_69,f,ao_sao_ei,official_lang,work.no.official_lang,married,single.detached.house,non.movers
574534,933,a50_54,m,ao_sao_ei,official_lang,work.official_lang,married,apartment,non.movers
10103,933,a5_9,m,ao_sao_ei,official_lang,work.no.official_lang,no.married,apartment,non.movers
502608,933,a60_64,m,eo_bio_English,official_lang,work.official_lang,married,single.detached.house,non.movers
56221,933,a45_49,m,ao_sao_ei,official_lang,work.no.official_lang,living.common.law,apartment,non.movers
568891,933,a10_14,m,ao_wcameo,official_lang,work.no.official_lang,no.married,other.attached,non.movers
191390,933,a55_59,m,eo_neo,official_lang,work.official_lang,married,apartment,non.movers
50548,933,a45_49,m,eo_seo_Italian,official_lang,work.official_lang,married,apartment,non.movers
627047,933,a80_84,f,eo_seo_Portuguese,official_lang,work.no.official_lang,married,apartment,non.movers
742421,933,a35_39,f,ao_esao_Chinese,official_lang,work.official_lang,no.married,apartment,non.movers
173133,933,a10_14,f,ao_esao_Chinese,official_lang,work.no.official_lang,no.married,single.detached.house,external.movers
656474,933,a40_44,f,ao_esao_Chinese,official_lang,work.no.official_lang,married,apartment,non.movers
363728,933,a55_59,m,eo_seo_Italian,official_lang,work.official_lang,married,single.detached.house,non.movers
219910,933,a20_24,m,ao_sao_ei,official_lang,work.official_lang,no.married,apartment,interprovincial.movers
542092,933,a0_4,f,onao_Canadian,official_lang,work.no.official_lang,no.married,single.detached.house,non.movers
842321,933,a10_14,m,eo_eeo_Ukrainian,official_lang,work.no.official_lang,no.married,single.detached.house,non.movers
53769,933,a20_24,m,eo_oseo,official_lang,work.official_lang,no.married,single.detached.house,non.movers
235383,933,a55_59,f,ao_sao_ei,official_lang,work.official_lang,married,single.detached.house,non.movers
231821,933,a35_39,f,eo_neo,official_lang,work.official_lang,married,single.detached.house,nonmigrants.movers
105089,933,a20_24,f,ao,official_lang,work.official_lang,no.married,apartment,non.movers
176380,933,a20_24,m,eo_eeo_Russian,official_lang,work.official_lang,no.married,single.detached.house,non.movers
635164,933,a25_29,m,ao_esao_Chinese,official_lang,work.official_lang,no.married,other.attached,other.movers
870351,933,a60_64,f,eo_seo_Italian,official_lang,work.official_lang,divorced,apartment,nonmigrants.movers
493923,933,a0_4,m,ao_sao_ei,official_lang,work.no.official_lang,no.married,apartment,non.movers
892422,933,a20_24,f,ao_esao_Chinese,official_lang,work.no.official_lang,no.married,single.detached.house,nonmigrants.movers
804538,933,a20_24,m,ao_oesao,official_lang,work.official_lang,no.married,apartment,nonmigrants.movers
929257,933,a5_9,f,ao_esao_Chinese,official_lang,work.no.official_lang,no.married,apartment,non.movers
554704,933,a75_79,f,ao_sao_ei,no.official_lang,work.no.official_lang,married,single.detached.house,non.movers
798218,933,a10_14,f,ao_esao_Chinese,official_lang,work.no.official_lang,no.married,single.detached.house,non.movers
847030,933,a5_9,m,ao_oesao,official_lang,work.no.official_lang,no.married,apartment,external.movers
905895,933,a60_64,f,eo_bio_Scottish,official_lang,work.official_lang,married,single.detached.house,non.movers
735464,933,a60_64,f,ao_esao_Chinese,no.official_lang,work.official_lang,married,single.detached.house,non.movers
192534,933,a20_24,m,onao_Canadian,official_lang,work.no.official_lang,no.married,single.detached.house,non.movers
674040,933,a0_4,m,eo_neo,official_lang,work.no.official_lang,no.married,apartment,non.movers
786844,933,a0_4,f,ao_esao_Chinese,official_lang,work.no.official_lang,no.married,apartment,other.movers
759320,933,a45_49,m,ao_sao_ei,official_lang,work.official_lang,married,apartment,non.movers
320275,933,a45_49,f,ao_oesao,no.official_lang,work.no.official_lang,married,single.detached.house,non.movers
168242,933,a65_69,m,ao_esao_Chinese,official_lang,work.no.official_lang,married,apartment,non.movers
767688,933,a65_69,f,eo_seo_Italian,official_lang,work.official_lang,married,apartment,non.movers
911670,933,a25_29,m,ao_oesao,official_lang,work.official_lang,no.married,apartment,external.movers
915173,933,a0_4,f,ao_sao_ei,no.official_lang,work.no.official_lang,no.married,single.detached.house,non.movers
24348,933,a35_39,m,ao_esao_Chinese,official_lang,work.official_lang,no.married,apartment,non.movers
565237,933,a65_69,m,eo_eeo_Polish,official_lang,work.no.official_lang,no.married,apartment,nonmigrants.movers
498061,933,a30_34,f,ao_osao,official_lang,work.official_lang,married,single.detached.house,non.movers
610146,933,a55_59,m,eo_eeo_Hungarian,official_lang,work.no.official_lang,married,single.detached.house,non.movers
39805,933,a60_64,m,ao_oesao,official_lang,work.no.official_lang,divorced,apartment,non.movers
503213,933,a35_39,m,ao_sao_ei,official_lang,work.official_lang,married,single.detached.house,non.movers
866554,933,a45_49,f,ao_esao_Chinese,official_lang,work.official_lang,married,other.attached,non.movers
72169,933,a25_29,m,ao_sao_ei,official_lang,work.official_lang,no.married,other.attached,other.movers
401968,933,a45_49,f,eo_oeeo,official_lang,work.official_lang,married,apartment,non.movers
310380,933,a55_59,f,ao_oesao,no.official_lang,work.no.official_lang,living.common.law,other.attached,non.movers
310055,933,a20_24,f,naao,official_lang,work.no.official_lang,living.common.law,other.attached,non.movers
3492,933,a70_74,f,ao_sao_ei,no.official_lang,work.no.official_lang,married,apartment,non.movers
283937,933,a35_39,m,ao_oesao,official_lang,work.official_lang,married,single.detached.house,non.movers
99545,933,a5_9,f,ao_sao_ei,official_lang,work.no.official_lang,no.married,apartment,non.movers
551065,933,a40_44,f,ao_sao_ei,official_lang,work.official_lang,married,single.detached.house,non.movers
149606,933,a5_9,m,onao_Canadian,official_lang,work.no.official_lang,no.married,single.detached.house,non.movers
872854,933,a35_39,m,ao_esao_Chinese,official_lang,work.official_lang,no.married,apartment,non.movers
877516,933,a5_9,m,onao_Canadian,official_lang,work.no.official_lang,no.married,single.detached.house,non.movers
196500,933,a25_29,m,onao_Canadian,official_lang,work.official_lang,no.married,single.detached.house,nonmigrants.movers
907656,933,a65_69,m,ao_esao_Chinese,no.official_lang,work.no.official_lang,divorced,apartment,non.movers
797535,933,a35_39,f,ao_esao_Chinese,official_lang,work.official_lang,married,apartment,non.movers
805729,933,a25_29,f,onao_Canadian,official_lang,work.official_lang,living.common.law,apartment,nonmigrants.movers
165567,933,a60_64,f,onao_Canadian,official_lang,work.no.official_lang,married,single.detached.house,non.movers
424776,933,a50_54,m,ao_esao_Chinese,no.official_lang,work.no.official_lang,married,apartment,non.movers
909531,933,a55_59,m,ao_wcameo,official_lang,work.no.official_lang,married,apartment,interprovincial.movers
401424,933,a45_49,f,lcsao,official_lang,work.official_lang,married,other.attached,non.movers
516004,933,a5_9,f,ao_sao_ei,official_lang,work.no.official_lang,no.married,apartment,non.movers
774447,933,a5_9,f,ao_sao_ei,official_lang,work.no.official_lang,no.married,other.attached,nonmigrants.movers
527849,933,a30_34,m,ao_esao_Chinese,official_lang,work.official_lang,no.married,apartment,interprovincial.movers
781925,933,a30_34,f,onao_Canadian,official_lang,work.official_lang,married,single.detached.house,non.movers
287459,933,a20_24,f,ao_oesao,official_lang,work.official_lang,no.married,apartment,other.movers
229222,933,a40_44,m,ao_esao_Filipino,official_lang,work.official_lang,married,apartment,non.movers
773088,933,a10_14,f,ao_sao_ei,official_lang,work.no.official_lang,no.married,apartment,non.movers
708539,933,a50_54,f,ao_esao_Chinese,official_lang,work.official_lang,widowed,single.detached.house,non.movers
488395,933,a20_24,f,eo_weo_German,official_lang,work.official_lang,no.married,apartment,other.movers
99501,933,a55_59,m,eo_eeo_Russian,official_lang,work.official_lang,married,single.detached.house,non.movers
200658,933,a75_79,m,ao_oesao,official_lang,work.no.official_lang,married,apartment,non.movers
913597,933,a35_39,m,ao_sao_ei,official_lang,work.official_lang,married,single.detached.house,non.movers
469634,933,a15_19,m,ao_esao_Chinese,official_lang,work.no.official_lang,no.married,single.detached.house,non.movers
233051,933,a55_59,f,naao,official_lang,work.no.official_lang,married,single.detached.house,non.movers
501042,933,a55_59,f,eo_fo,official_lang,work.no.official_lang,no.married,apartment,nonmigrants.movers
552243,933,a50_54,m,eo_weo_Dutch,official_lang,work.official_lang,married,single.detached.house,non.movers
293124,933,a35_39,m,ao_wcameo,official_lang,work.official_lang,married,apartment,non.movers
882318,933,a10_14,m,ao_osao,official_lang,work.no.official_lang,no.married,single.detached.house,nonmigrants.movers
242257,933,a10_14,f,ao_esao_Chinese,official_lang,work.no.official_lang,no.married,single.detached.house,non.movers
564750,933,a50_54,m,eo_seo_Italian,official_lang,work.official_lang,married,single.detached.house,non.movers
416007,933,a5_9,m,onao_Canadian,official_lang,work.no.official_lang,no.married,apartment,non.movers
903098,933,a65_69,f,oo,no.official_lang,work.no.official_lang,widowed,single.detached.house,non.movers
442153,933,a60_64,f,ao_sao_ei,no.official_lang,work.no.official_lang,widowed,apartment,non.movers
730857,933,a40_44,f,ao_esao_Chinese,official_lang,work.official_lang,divorced,apartment,non.movers
399777,933,a25_29,m,ao_wcameo,official_lang,work.official_lang,no.married,apartment,non.movers
715601,933,a30_34,m,ao_esao_Chinese,official_lang,work.official_lang,married,apartment,non.movers
363928,933,a50_54,m,onao_Canadian,official_lang,work.official_lang,living.common.law,apartment,non.movers
466116,933,a10_14,m,ao_esao_Filipino,official_lang,work.no.official_lang,no.married,apartment,nonmigrants.movers
769709,933,a55_59,m,eo_weo_German,official_lang,work.official_lang,married,other.attached,non.movers
509021,933,a15_19,f,ao_sao_ei,official_lang,work.no.official_lang,no.married,apartment,non.movers
347337,933,a60_64,m,ao_oesao,official_lang,work.official_lang,married,apartment,non.movers
6730,933,a10_14,m,ao_esao_Chinese,official_lang,work.no.official_lang,no.married,single.detached.house,non.movers
921186,933,a25_29,m,eo_bio_English,official_lang,work.official_lang,living.common.law,apartment,non.movers
724373,933,a85_,m,eo_bio_Scottish,official_lang,work.no.official_lang,married,single.detached.house,non.movers
757630,933,a35_39,f,lcsao,official_lang,work.official_lang,divorced,apartment,other.movers
402417,933,a35_39,f,ao_sao_ei,official_lang,work.official_lang,married,apartment,non.movers
645652,933,a60_64,m,eo_bio_English,official_lang,work.no.official_lang,divorced,single.detached.house,non.movers
746866,933,a50_54,m,ao_esao_Chinese,official_lang,work.official_lang,married,other.attached,non.movers
378324,933,a65_69,f,ao_esao_Chinese,official_lang,work.no.official_lang,married,single.detached.house,non.movers
581526,933,a60_64,m,ao_esao_Chinese,no.official_lang,work.no.official_lang,no.married,apartment,non.movers
497294,933,a45_49,f,ao_esao_Chinese,official_lang,work.no.official_lang,married,single.detached.house,non.movers
186840,933,a5_9,m,onao_Canadian,official_lang,work.no.official_lang,no.married,apartment,non.movers
87671,933,a80_84,f,eo_bio_Scottish,official_lang,work.no.official_lang,married,single.detached.house,non.movers
233366,933,a85_,f,ao_sao_ei,no.official_lang,work.no.official_lang,separated,single.detached.house,other.movers
295935,933,a10_14,f,ao_sao_ei,official_lang,work.no.official_lang,no.married,apartment,non.movers
735555,933,a40_44,f,ao_esao_Chinese,official_lang,work.official_lang,married,other.attached,non.movers
460495,933,a60_64,f,ao_esao_Chinese,official_lang,work.official_lang,no.married,apartment,non.movers
156006,933,a85_,f,ao_sao_ei,official_lang,work.no.official_lang,widowed,apartment,non.movers
803970,933,a20_24,m,ao_esao_Chinese,official_lang,work.official_lang,no.married,apartment,non.movers
178062,933,a40_44,m,ao_sao_ei,official_lang,work.official_lang,divorced,apartment,non.movers
818070,933,a50_54,f,onao_Canadian,official_lang,work.official_lang,married,single.detached.house,non.movers
318842,933,a55_59,f,eo_bio_English,official_lang,work.official_lang,married,apartment,non.movers
451507,933,a15_19,m,ao_esao_Filipino,official_lang,work.no.official_lang,no.married,other.attached,non.movers
132850,933,a85_,m,ao_esao_Chinese,official_lang,work.no.official_lang,widowed,apartment,non.movers
867218,933,a60_64,f,ao_esao_Chinese,official_lang,work.no.official_lang,divorced,single.detached.house,non.movers
162162,933,a15_19,f,ao_esao_Filipino,official_lang,work.official_lang,no.married,other.attached,non.movers
613440,933,a40_44,m,ao_esao_Chinese,official_lang,work.official_lang,married,single.detached.house,non.movers
170897,933,a60_64,m,onao_Canadian,official_lang,work.no.official_lang,no.married,apartment,non.movers
861605,933,a15_19,f,eo_bio_English,official_lang,work.official_lang,no.married,single.detached.house,non.movers
264640,933,a0_4,m,onao_Canadian,official_lang,work.no.official_lang,no.married,single.detached.house,non.movers
461392,933,a5_9,f,onao_Canadian,no.official_lang,work.no.official_lang,no.married,single.detached.house,non.movers
264282,933,a75_79,m,ao_sao_ei,official_lang,work.no.official_lang,married,single.detached.house,non.movers
10363,933,a40_44,m,eo_weo_German,official_lang,work.official_lang,married,single.detached.house,non.movers
221007,933,a0_4,m,ao_esao_Filipino,official_lang,work.no.official_lang,no.married,other.attached,non.movers
821763,933,a55_59,f,eo_eeo_Hungarian,official_lang,work.no.official_lang,divorced,apartment,non.movers
31809,933,a50_54,f,ao_esao_Chinese,official_lang,work.no.official_lang,married,apartment,external.movers
419806,933,a30_34,f,ao_wcameo,official_lang,work.no.official_lang,married,apartment,external.movers
290857,933,a55_59,f,ao_sao_ei,no.official_lang,work.no.official_lang,widowed,other.attached,nonmigrants.movers
909310,933,a35_39,f,ao_sao_ei,official_lang,work.official_lang,married,apartment,non.movers
222826,933,a30_34,f,ao_oesao,official_lang,work.official_lang,married,apartment,non.movers
821784,933,a40_44,m,eo_bio_English,official_lang,work.official_lang,no.married,apartment,non.movers
863717,933,a50_54,f,onao_Canadian,official_lang,work.official_lang,living.common.law,other.attached,non.movers
817489,933,a15_19,f,ao_esao_Filipino,official_lang,work.no.official_lang,no.married,apartment,non.movers
185241,933,a45_49,m,onao_Canadian,official_lang,work.official_lang,living.common.law,single.detached.house,non.movers
503198,933,a10_14,m,ao_oesao,official_lang,work.no.official_lang,no.married,apartment,nonmigrants.movers
554653,933,a10_14,f,ao_esao_Filipino,official_lang,work.no.official_lang,no.married,apartment,non.movers
154816,933,a20_24,m,eo_bio_English,official_lang,work.no.official_lang,no.married,single.detached.house,external.movers
28896,933,a30_34,f,ao_sao_ei,official_lang,work.official_lang,married,apartment,non.movers
360595,933,a40_44,m,ao_esao_Chinese,no.official_lang,work.no.official_lang,married,apartment,non.movers
768622,933,a85_,f,eo_seo_Italian,official_lang,work.no.official_lang,no.married,single.detached.house,non.movers
333213,933,a5_9,m,ao_esao_Chinese,official_lang,work.no.official_lang,no.married,apartment,non.movers
569301,933,a10_14,m,ao_sao_ei,official_lang,work.no.official_lang,no.married,single.detached.house,nonmigrants.movers
500211,933,a15_19,m,ao_oesao,official_lang,work.no.official_lang,no.married,apartment,non.movers
841504,933,a10_14,f,ao_osao,official_lang,work.no.official_lang,no.married,apartment,non.movers
277206,933,a5_9,f,ao_sao_ei,official_lang,work.no.official_lang,no.married,single.detached.house,non.movers
235487,933,a55_59,f,ao_sao_ei,official_lang,work.official_lang,divorced,other.attached,non.movers
537090,933,a65_69,f,ao_sao_ei,official_lang,work.no.official_lang,no.married,apartment,non.movers
851250,933,a5_9,m,eo_eeo_Russian,official_lang,work.no.official_lang,no.married,other.attached,non.movers
196030,933,a40_44,f,eo_fo,official_lang,work.official_lang,married,single.detached.house,non.movers
20882,933,a5_9,f,eo_oseo,official_lang,work.no.official_lang,no.married,apartment,non.movers
39007,933,a65_69,m,ao_sao_ei,official_lang,work.official_lang,married,apartment,non.movers
479624,933,a40_44,m,ao_esao_Chinese,official_lang,work.official_lang,no.married,apartment,non.movers
182463,933,a40_44,m,ao_esao_Filipino,official_lang,work.official_lang,married,other.attached,non.movers
906023,933,a30_34,m,ao_esao_Chinese,official_lang,work.official_lang,no.married,other.attached,non.movers
159492,933,a70_74,f,lcsao,official_lang,work.no.official_lang,married,other.attached,non.movers
159466,933,a60_64,m,ao_wcameo,official_lang,work.official_lang,married,apartment,non.movers
241706,933,a60_64,m,eo_neo,official_lang,work.official_lang,divorced,apartment,non.movers
200651,933,a60_64,f,ao_esao_Chinese,no.official_lang,work.no.official_lang,married,single.detached.house,external.movers
689839,933,a70_74,m,eo_bio_Irish,official_lang,work.no.official_lang,married,single.detached.house,non.movers
469483,933,a40_44,f,ao,official_lang,work.official_lang,married,apartment,non.movers
757892,933,a30_34,m,eo_obio,official_lang,work.official_lang,living.common.law,apartment,non.movers
296553,933,a50_54,f,ao_oesao,official_lang,work.no.official_lang,married,apartment,non.movers
31758,933,a45_49,f,eo_weo_German,official_lang,work.no.official_lang,married,single.detached.house,non.movers
764366,933,a60_64,f,ao_esao_Chinese,official_lang,work.no.official_lang,married,apartment,non.movers
812365,933,a5_9,m,ao_esao_Filipino,official_lang,work.no.official_lang,no.married,apartment,non.movers
871718,933,a60_64,f,eo_seo_Greek,official_lang,work.no.official_lang,widowed,other.attached,non.movers
592413,933,a65_69,m,ao_esao_Chinese,official_lang,work.no.official_lang,married,other.attached,non.movers
273215,933,a65_69,m,eo_eeo_Hungarian,official_lang,work.no.official_lang,no.married,apartment,non.movers
927161,933,a80_84,f,ao_esao_Chinese,no.official_lang,work.no.official_lang,married,apartment,non.movers
401117,933,a20_24,f,ao_esao_Chinese,official_lang,work.no.official_lang,no.married,single.detached.house,non.movers
309274,933,a15_19,m,ao_sao_ei,official_lang,work.no.official_lang,no.married,apartment,non.movers
661145,933,a55_59,m,eo_weo_German,official_lang,work.official_lang,separated,single.detached.house,non.movers
279870,933,a80_84,m,eo_seo_Italian,official_lang,work.no.official_lang,married,single.detached.house,non.movers
745343,933,a25_29,m,ao_esao_Chinese,official_lang,work.official_lang,no.married,other.attached,non.movers
389809,933,a20_24,m,ao_esao_Chinese,official_lang,work.official_lang,no.married,apartment,non.movers
726539,933,a5_9,m,eo_bio_English,official_lang,work.no.official_lang,no.married,single.detached.house,non.movers
147211,933,a50_54,m,ao_sao_ei,official_lang,work.official_lang,married,apartment,non.movers
340282,933,a65_69,f,ao_esao_Filipino,official_lang,work.no.official_lang,widowed,apartment,non.movers
151347,933,a25_29,m,ao_esao_Chinese,official_lang,work.official_lang,no.married,single.detached.house,non.movers
156108,933,a45_49,m,eo_neo,official_lang,work.official_lang,living.common.law,single.detached.house,nonmigrants.movers
663378,933,a40_44,m,eo_bio_Scottish,official_lang,work.official_lang,married,single.detached.house,non.movers
468092,933,a60_64,f,onao_Canadian,official_lang,work.no.official_lang,divorced,apartment,non.movers
706906,933,a40_44,m,eo_bio_Scottish,official_lang,work.official_lang,married,single.detached.house,non.movers
540705,933,a45_49,f,ao_esao_Chinese,official_lang,work.official_lang,married,apartment,non.movers
818688,933,a15_19,f,ao_esao_Chinese,official_lang,work.no.official_lang,no.married,single.detached.house,non.movers
395792,933,a35_39,m,ao_esao_Chinese,official_lang,work.official_lang,no.married,apartment,non.movers
168676,933,a55_59,f,eo_eeo_Hungarian,official_lang,work.no.official_lang,married,single.detached.house,nonmigrants.movers
714974,933,a35_39,m,ao_wcameo,no.official_lang,work.no.official_lang,no.married,single.detached.house,nonmigrants.movers
677301,933,a0_4,m,onao_Canadian,official_lang,work.no.official_lang,no.married,apartment,non.movers
152351,933,a15_19,f,onao_Canadian,official_lang,work.no.official_lang,no.married,apartment,non.movers
812099,933,a25_29,f,ao_esao_Chinese,official_lang,work.official_lang,married,apartment,non.movers
95132,933,a10_14,m,ao_osao,official_lang,work.no.official_lang,no.married,apartment,non.movers
765792,933,a40_44,m,ao_esao_Filipino,official_lang,work.official_lang,married,other.attached,non.movers
726437,933,a35_39,f,ao_sao_ei,official_lang,work.official_lang,divorced,apartment,non.movers
43517,933,a45_49,f,ao_oesao,official_lang,work.no.official_lang,married,apartment,non.movers
20716,933,a45_49,f,ao_sao_ei,official_lang,work.official_lang,married,other.attached,non.movers
654122,933,a25_29,f,eo_weo_Dutch,official_lang,work.no.official_lang,married,single.detached.house,nonmigrants.movers
314353,933,a25_29,m,ao_esao_Chinese,official_lang,work.official_lang,no.married,single.detached.house,non.movers
860954,933,a30_34,m,ao_esao_Chinese,official_lang,work.official_lang,married,single.detached.house,non.movers
237119,933,a75_79,m,eo_neo,official_lang,work.no.official_lang,married,single.detached.house,non.movers
914713,933,a35_39,m,ao_esao_Chinese,no.official_lang,work.official_lang,married,single.detached.house,non.movers
177124,933,a50_54,f,ao_oesao,no.official_lang,work.no.official_lang,married,single.detached.house,non.movers
16612,933,a30_34,m,eo_fo,official_lang,work.official_lang,no.married,apartment,non.movers
318172,933,a40_44,f,ao_esao_Chinese,official_lang,work.no.official_lang,no.married,single.detached.house,non.movers
12324,933,a45_49,m,ao_esao_Chinese,official_lang,work.official_lang,married,other.attached,non.movers
192014,933,a35_39,m,onao_Canadian,official_lang,work.official_lang,living.common.law,apartment,non.movers
734640,933,a30_34,f,eo_weo_German,official_lang,work.official_lang,living.common.law,apartment,non.movers
158983,933,a65_69,f,eo_bio_English,official_lang,work.no.official_lang,married,single.detached.house,non.movers
421142,933,a50_54,m,ao,official_lang,work.official_lang,married,other.attached,nonmigrants.movers
592091,933,a15_19,m,ao_oesao,official_lang,work.official_lang,no.married,single.detached.house,non.movers
431831,933,a20_24,f,ao_sao_ei,official_lang,work.official_lang,no.married,apartment,non.movers
641487,933,a45_49,m,ao_esao_Chinese,official_lang,work.official_lang,married,single.detached.house,non.movers
178044,933,a25_29,f,ao_esao_Chinese,official_lang,work.official_lang,no.married,apartment,external.movers
292303,933,a75_79,m,eo_bio_Irish,official_lang,work.official_lang,married,single.detached.house,non.movers
20716,933,a45_49,f,ao_sao_ei,official_lang,work.official_lang,married,other.attached,non.movers
905393,933,a40_44,f,ao_esao_Chinese,official_lang,work.official_lang,married,single.detached.house,non.movers
477033,933,a65_69,m,ao_esao_Filipino,official_lang,work.no.official_lang,married,apartment,other.movers
526859,933,a20_24,m,ao_esao_Chinese,official_lang,work.no.official_lang,no.married,single.detached.house,non.movers
195525,933,a55_59,f,eo_eeo_Russian,official_lang,work.no.official_lang,married,other.attached,non.movers
866726,933,a35_39,m,ao,official_lang,work.official_lang,married,apartment,non.movers
200651,933,a60_64,f,ao_esao_Chinese,no.official_lang,work.no.official_lang,married,single.detached.house,external.movers
154027,933,a50_54,f,ao_esao_Chinese,official_lang,work.official_lang,married,apartment,non.movers
627502,933,a50_54,m,eo_bio_English,official_lang,work.official_lang,married,other.attached,non.movers
592246,933,a15_19,m,ao_esao_Chinese,official_lang,work.official_lang,no.married,apartment,non.movers
837402,933,a65_69,f,eo_seo_Italian,official_lang,work.no.official_lang,married,apartment,non.movers
18665,933,a65_69,f,eo_weo_German,official_lang,work.no.official_lang,married,apartment,non.movers
271279,933,a10_14,f,onao_Canadian,official_lang,work.no.official_lang,no.married,single.detached.house,non.movers
49686,933,a60_64,f,ao_sao_ei,no.official_lang,work.official_lang,widowed,other.attached,nonmigrants.movers
326489,933,a25_29,f,ao_esao_Chinese,official_lang,work.no.official_lang,no.married,apartment,non.movers
37087,933,a50_54,f,ao_esao_Chinese,official_lang,work.no.official_lang,married,other.attached,non.movers
361757,933,a70_74,m,ao_esao_Chinese,official_lang,work.official_lang,married,apartment,nonmigrants.movers
465356,933,a50_54,m,ao_esao_Chinese,no.official_lang,work.no.official_lang,married,single.detached.house,non.movers
5353,933,a35_39,m,ao_sao_ei,official_lang,work.no.official_lang,married,apartment,non.movers
41288,933,a30_34,m,ao_osao,official_lang,work.no.official_lang,no.married,apartment,non.movers
879988,933,a25_29,f,ao_sao_ei,official_lang,work.official_lang,married,apartment,non.movers
126291,933,a25_29,f,ao_esao_Chinese,official_lang,work.official_lang,no.married,single.detached.house,non.movers
233957,933,a25_29,m,eo_oseo,official_lang,work.official_lang,no.married,apartment,non.movers
661576,933,a45_49,m,ao_sao_ei,official_lang,work.official_lang,married,apartment,non.movers
455110,933,a45_49,f,ao_esao_Chinese,official_lang,work.official_lang,married,apartment,non.movers
535892,933,a15_19,m,ao_esao_Chinese,official_lang,work.no.official_lang,no.married,other.attached,non.movers
440363,933,a80_84,f,eo_bio_English,official_lang,work.official_lang,divorced,other.attached,non.movers
694835,933,a50_54,f,ao_esao_Chinese,no.official_lang,work.no.official_lang,married,apartment,non.movers
153949,933,a40_44,f,onao_Canadian,official_lang,work.no.official_lang,married,apartment,non.movers
638122,933,a20_24,f,ao_oesao,official_lang,work.official_lang,no.married,apartment,nonmigrants.movers
232958,933,a35_39,f,onao_Canadian,official_lang,work.official_lang,married,apartment,non.movers
738035,933,a55_59,f,ao_esao_Chinese,official_lang,work.no.official_lang,divorced,apartment,non.movers
19439,933,a50_54,f,ao_esao_Chinese,official_lang,work.official_lang,divorced,apartment,non.movers
670794,933,a40_44,f,ao_esao_Chinese,official_lang,work.official_lang,living.common.law,apartment,nonmigrants.movers
395817,933,a55_59,f,ao_esao_Chinese,official_lang,work.no.official_lang,married,other.attached,non.movers
851019,933,a75_79,f,eo_bio_English,official_lang,work.no.official_lang,married,single.detached.house,non.movers
175653,933,a65_69,f,eo_bio_English,official_lang,work.official_lang,divorced,single.detached.house,non.movers
443031,933,a60_64,f,ao_esao_Chinese,no.official_lang,work.no.official_lang,widowed,apartment,non.movers
520731,933,a5_9,f,onao_Canadian,official_lang,work.no.official_lang,no.married,apartment,non.movers
903098,933,a65_69,f,oo,no.official_lang,work.no.official_lang,widowed,single.detached.house,non.movers
327237,933,a25_29,f,ao_oesao,official_lang,work.official_lang,married,apartment,nonmigrants.movers
683102,933,a65_69,f,ao_esao_Chinese,official_lang,work.no.official_lang,married,apartment,non.movers
543820,933,a25_29,f,ao_esao_Filipino,official_lang,work.official_lang,married,apartment,non.movers
879625,933,a50_54,f,naao,official_lang,work.official_lang,divorced,other.attached,other.movers
117302,933,a35_39,m,ao,official_lang,work.official_lang,no.married,apartment,non.movers
737646,933,a10_14,f,ao_esao_Filipino,official_lang,work.no.official_lang,no.married,apartment,non.movers
592603,933,a50_54,f,eo_neo,official_lang,work.official_lang,married,single.detached.house,non.movers
246800,933,a60_64,m,ao_oesao,official_lang,work.official_lang,divorced,apartment,non.movers
713202,933,a20_24,f,ao_esao_Chinese,official_lang,work.official_lang,no.married,single.detached.house,non.movers
102903,933,a40_44,f,eo_oeeo,official_lang,work.official_lang,married,single.detached.house,non.movers
579643,933,a0_4,m,ao_esao_Filipino,official_lang,work.no.official_lang,no.married,single.detached.house,non.movers
302249,933,a55_59,f,eo_bio_English,official_lang,work.official_lang,married,single.detached.house,non.movers
313555,933,a10_14,f,ao_oesao,official_lang,work.no.official_lang,no.married,other.attached,non.movers
586211,933,a20_24,m,ao_esao_Filipino,official_lang,work.official_lang,no.married,other.attached,non.movers
294985,933,a75_79,f,onao_Canadian,official_lang,work.no.official_lang,married,single.detached.house,non.movers
447027,933,a15_19,f,ao_sao_ei,official_lang,work.official_lang,no.married,apartment,non.movers
375770,933,a50_54,m,ao_sao_ei,official_lang,work.official_lang,married,apartment,non.movers
921611,933,a35_39,m,ao_esao_Chinese,official_lang,work.official_lang,no.married,apartment,non.movers
609221,933,a30_34,f,ao_esao_Chinese,official_lang,work.official_lang,no.married,apartment,non.movers
213090,933,a50_54,m,ao_esao_Filipino,official_lang,work.official_lang,married,apartment,non.movers
484111,933,a45_49,f,ao,official_lang,work.official_lang,married,apartment,non.movers
914946,933,a45_49,f,eo_seo_Italian,official_lang,work.official_lang,married,single.detached.house,non.movers
151734,933,a55_59,f,ao_esao_Filipino,official_lang,work.official_lang,married,apartment,non.movers
289239,933,a80_84,f,eo_seo_Italian,official_lang,work.no.official_lang,married,single.detached.house,non.movers
613477,933,a30_34,m,ao_esao_Filipino,official_lang,work.official_lang,married,apartment,non.movers
481561,933,a55_59,m,onao_Canadian,official_lang,work.no.official_lang,married,single.detached.house,other.movers
242639,933,a70_74,f,ao,official_lang,work.no.official_lang,married,single.detached.house,non.movers
811170,933,a40_44,m,ao_esao_Chinese,official_lang,work.official_lang,married,apartment,non.movers
389609,933,a55_59,m,eo_bio_English,official_lang,work.official_lang,living.common.law,apartment,non.movers
463339,933,a20_24,m,ao_esao_Chinese,official_lang,work.official_lang,no.married,apartment,non.movers
333353,933,a20_24,m,ao_esao_Chinese,official_lang,work.official_lang,no.married,apartment,non.movers
461458,933,a85_,f,eo_neo,official_lang,work.no.official_lang,widowed,apartment,non.movers
677258,933,a50_54,f,ao_osao,no.official_lang,work.no.official_lang,married,apartment,non.movers
743226,933,a40_44,f,eo_neo,official_lang,work.official_lang,no.married,apartment,non.movers
386646,933,a50_54,m,ao_esao_Chinese,no.official_lang,work.no.official_lang,married,single.detached.house,non.movers
781429,933,a50_54,m,ao_wcameo,official_lang,work.official_lang,married,apartment,non.movers
561483,933,a40_44,m,ao_sao_ei,official_lang,work.official_lang,married,apartment,non.movers
892985,933,a20_24,f,ao_esao_Chinese,official_lang,work.official_lang,no.married,apartment,non.movers
7193,933,a40_44,f,ao_sao_ei,official_lang,work.official_lang,married,apartment,non.movers
118557,933,a45_49,f,ao_esao_Chinese,official_lang,work.no.official_lang,married,single.detached.house,non.movers
158072,933,a20_24,f,ao_oesao,official_lang,work.official_lang,no.married,single.detached.house,non.movers
96991,933,a65_69,f,lcsao,no.official_lang,work.no.official_lang,no.married,single.detached.house,non.movers
842948,933,a50_54,m,eo_eeo_Ukrainian,official_lang,work.official_lang,no.married,apartment,non.movers
237494,933,a15_19,m,ao_esao_Chinese,no.official_lang,work.no.official_lang,no.married,single.detached.house,external.movers
180636,933,a60_64,f,eo_weo_German,official_lang,work.no.official_lang,married,apartment,non.movers
73254,933,a15_19,m,ao_esao_Filipino,official_lang,work.no.official_lang,no.married,single.detached.house,non.movers
871075,933,a80_84,m,eo_eeo_Ukrainian,official_lang,work.no.official_lang,married,other.attached,non.movers
671420,933,a60_64,f,ao_wcameo,official_lang,work.no.official_lang,separated,apartment,non.movers
409469,933,a55_59,f,ao_oesao,official_lang,work.no.official_lang,separated,apartment,non.movers
833443,933,a40_44,m,ao_oesao,official_lang,work.official_lang,married,single.detached.house,non.movers
654170,933,a45_49,m,ao_sao_ei,official_lang,work.official_lang,married,apartment,non.movers
832496,933,a65_69,f,onao_Canadian,official_lang,work.no.official_lang,married,other.attached,non.movers
562486,933,a20_24,f,ao_esao_Filipino,official_lang,work.official_lang,living.common.law,apartment,nonmigrants.movers
497064,933,a60_64,f,naao,official_lang,work.no.official_lang,no.married,apartment,non.movers
728305,933,a60_64,f,ao_sao_ei,no.official_lang,work.no.official_lang,married,apartment,non.movers
229844,933,a25_29,f,ao_esao_Chinese,official_lang,work.no.official_lang,married,other.attached,nonmigrants.movers
194514,933,a50_54,m,eo_bio_English,official_lang,work.official_lang,married,apartment,non.movers
907555,933,a55_59,m,onao_Canadian,official_lang,work.official_lang,married,single.detached.house,non.movers
8830,933,a40_44,m,ao_esao_Filipino,official_lang,work.official_lang,married,apartment,non.movers
71790,933,a70_74,m,ao_sao_ei,official_lang,work.no.official_lang,married,apartment,non.movers
73485,933,a45_49,f,ao_esao_Chinese,official_lang,work.official_lang,divorced,apartment,non.movers
188305,933,a20_24,m,eo_oeeo,official_lang,work.official_lang,no.married,single.detached.house,nonmigrants.movers
858114,933,a5_9,f,ao_esao_Chinese,official_lang,work.no.official_lang,no.married,single.detached.house,non.movers
297772,933,a70_74,m,eo_seo_Italian,official_lang,work.no.official_lang,married,single.detached.house,non.movers
215030,933,a45_49,f,eo_weo_Dutch,official_lang,work.official_lang,married,apartment,nonmigrants.movers
888202,933,a45_49,m,eo_bio_English,official_lang,work.official_lang,no.married,apartment,non.movers
710531,933,a25_29,f,ao_esao_Chinese,official_lang,work.official_lang,no.married,apartment,nonmigrants.movers
204640,933,a35_39,m,ao_sao_ei,official_lang,work.official_lang,married,apartment,non.movers
201753,933,a40_44,f,ao_esao_Chinese,official_lang,work.official_lang,married,single.detached.house,non.movers
397653,933,a30_34,f,ao_sao_ei,official_lang,work.official_lang,married,apartment,non.movers
706161,933,a0_4,f,eo_weo_Dutch,official_lang,work.no.official_lang,no.married,single.detached.house,other.movers
303355,933,a60_64,f,onao_Canadian,official_lang,work.official_lang,no.married,apartment,non.movers
285765,933,a30_34,f,ao_sao_ei,official_lang,work.official_lang,separated,apartment,non.movers
277451,933,a50_54,m,ao_esao_Chinese,official_lang,work.official_lang,married,single.detached.house,non.movers
249170,933,a60_64,f,eo_oeeo,official_lang,work.no.official_lang,divorced,apartment,non.movers
771135,933,a30_34,m,ao_esao_Filipino,official_lang,work.official_lang,no.married,apartment,non.movers
485082,933,a15_19,m,ao_esao_Chinese,official_lang,work.no.official_lang,no.married,other.attached,non.movers
694675,933,a5_9,m,eo_oeeo,official_lang,work.no.official_lang,no.married,apartment,non.movers
12869,933,a5_9,m,ao_sao_ei,official_lang,work.no.official_lang,no.married,single.detached.house,nonmigrants.movers
719496,933,a0_4,m,onao_Canadian,official_lang,work.no.official_lang,no.married,single.detached.house,non.movers
870560,933,a55_59,f,ao_wcameo,official_lang,work.official_lang,married,single.detached.house,non.movers
441828,933,a35_39,m,ao_esao_Chinese,official_lang,work.official_lang,married,apartment,non.movers
251691,933,a15_19,m,ao_sao_ei,official_lang,work.official_lang,no.married,apartment,non.movers
136842,933,a45_49,f,eo_obio,official_lang,work.official_lang,married,other.attached,non.movers
756517,933,a50_54,f,ao_esao_Chinese,official_lang,work.no.official_lang,married,apartment,non.movers
540457,933,a70_74,f,ao_esao_Chinese,official_lang,work.official_lang,married,single.detached.house,non.movers
404188,933,a0_4,f,ao_esao_Chinese,official_lang,work.no.official_lang,no.married,other.attached,non.movers
24185,933,a55_59,m,eo_oweo,official_lang,work.no.official_lang,married,apartment,non.movers
427218,933,a75_79,m,ao_sao_ei,official_lang,work.no.official_lang,married,apartment,non.movers
586517,933,a70_74,m,ao_sao_ei,no.official_lang,work.no.official_lang,married,single.detached.house,non.movers
534241,933,a70_74,f,eo_bio_English,official_lang,work.no.official_lang,married,other.attached,non.movers
818753,933,a55_59,f,ao_esao_Chinese,no.official_lang,work.no.official_lang,married,apartment,non.movers
556653,933,a50_54,m,ao_esao_Filipino,official_lang,work.official_lang,married,apartment,non.movers
100839,933,a60_64,f,eo_bio_Scottish,official_lang,work.official_lang,married,single.detached.house,non.movers
406981,933,a10_14,f,ao_esao_Chinese,official_lang,work.no.official_lang,no.married,single.detached.house,non.movers
55616,933,a35_39,f,ao_sao_ei,official_lang,work.official_lang,no.married,apartment,non.movers
68271,933,a50_54,m,ao_esao_Chinese,official_lang,work.no.official_lang,married,apartment,external.movers
299881,933,a10_14,f,ao_esao_Chinese,official_lang,work.no.official_lang,no.married,single.detached.house,non.movers
284475,933,a70_74,f,ao_sao_ei,official_lang,work.official_lang,married,apartment,non.movers
64205,933,a40_44,f,ao_wcameo,official_lang,work.no.official_lang,married,apartment,nonmigrants.movers
410777,933,a70_74,f,ao_esao_Filipino,official_lang,work.no.official_lang,married,single.detached.house,non.movers
183179,933,a20_24,f,naao,official_lang,work.no.official_lang,living.common.law,apartment,non.movers
612412,933,a50_54,m,ao_esao_Chinese,official_lang,work.official_lang,no.married,apartment,nonmigrants.movers
370727,933,a35_39,f,ao_esao_Filipino,official_lang,work.official_lang,married,apartment,non.movers
238301,933,a15_19,m,ao_esao_Chinese,official_lang,work.official_lang,no.married,other.attached,other.movers
774836,933,a75_79,f,ao_sao_ei,no.official_lang,work.no.official_lang,married,apartment,non.movers
511464,933,a0_4,f,onao_Canadian,official_lang,work.no.official_lang,no.married,apartment,other.movers
98267,933,a25_29,f,lcsao,official_lang,work.official_lang,married,single.detached.house,non.movers
247836,933,a55_59,m,ao_sao_ei,official_lang,work.official_lang,married,single.detached.house,non.movers
207435,933,a50_54,m,ao_esao_Chinese,official_lang,work.official_lang,married,apartment,non.movers
310055,933,a20_24,f,naao,official_lang,work.no.official_lang,living.common.law,other.attached,non.movers
734564,933,a30_34,m,ao_oesao,official_lang,work.no.official_lang,no.married,apartment,non.movers
349812,933,a65_69,f,ao_sao_ei,official_lang,work.no.official_lang,married,single.detached.house,non.movers
886499,933,a25_29,f,ao_wcameo,official_lang,work.no.official_lang,no.married,other.attached,nonmigrants.movers
777238,933,a30_34,f,ao_esao_Chinese,official_lang,work.official_lang,living.common.law,single.detached.house,nonmigrants.movers
422483,933,a10_14,f,ao_esao_Chinese,official_lang,work.no.official_lang,no.married,apartment,non.movers
42234,933,a45_49,f,ao_esao_Filipino,official_lang,work.official_lang,married,other.attached,non.movers
772940,933,a0_4,f,ao_esao_Chinese,official_lang,work.no.official_lang,no.married,single.detached.house,interprovincial.movers
187525,933,a10_14,f,ao_oesao,official_lang,work.no.official_lang,no.married,other.attached,non.movers
607751,933,a15_19,f,ao,official_lang,work.no.official_lang,no.married,single.detached.house,non.movers
567071,933,a40_44,f,ao_esao_Filipino,official_lang,work.official_lang,married,apartment,non.movers
847778,933,a45_49,m,ao_esao_Chinese,official_lang,work.official_lang,married,single.detached.house,non.movers
381095,933,a10_14,f,ao_sao_ei,official_lang,work.no.official_lang,no.married,apartment,non.movers
467864,933,a45_49,f,ao_sao_ei,official_lang,work.official_lang,married,apartment,non.movers
923957,933,a20_24,f,eo_bio_English,official_lang,work.no.official_lang,no.married,single.detached.house,nonmigrants.movers
774892,933,a30_34,f,ao_esao_Filipino,official_lang,work.official_lang,married,apartment,non.movers
892945,933,a60_64,m,ao_esao_Chinese,official_lang,work.no.official_lang,married,single.detached.house,non.movers
665373,933,a10_14,f,ao_esao_Chinese,official_lang,work.no.official_lang,no.married,single.detached.house,non.movers
881296,933,a75_79,m,ao_sao_ei,official_lang,work.no.official_lang,married,apartment,non.movers
93612,933,a35_39,f,ao_esao_Filipino,official_lang,work.official_lang,married,other.attached,non.movers
836122,933,a50_54,f,eo_oeeo,official_lang,work.official_lang,married,apartment,non.movers
396114,933,a45_49,f,ao_esao_Chinese,official_lang,work.official_lang,no.married,apartment,non.movers
214289,933,a5_9,f,ao_oesao,official_lang,work.no.official_lang,no.married,apartment,non.movers
439128,933,a25_29,f,eo_bio_English,official_lang,work.official_lang,no.married,single.detached.house,non.movers
872253,933,a20_24,m,ao_esao_Filipino,official_lang,work.official_lang,no.married,apartment,non.movers
234641,933,a20_24,f,onao_Canadian,official_lang,work.official_lang,no.married,single.detached.house,non.movers
411205,933,a40_44,m,ao_esao_Filipino,official_lang,work.official_lang,married,apartment,non.movers
916021,933,a75_79,f,ao_esao_Chinese,official_lang,work.no.official_lang,divorced,apartment,non.movers
615270,933,a75_79,m,eo_eeo_Ukrainian,official_lang,work.no.official_lang,living.common.law,other.attached,non.movers
846123,933,a50_54,f,ao_esao_Chinese,no.official_lang,work.no.official_lang,married,apartment,non.movers
645014,933,a10_14,f,eo_weo_German,official_lang,work.no.official_lang,no.married,single.detached.house,non.movers
840203,933,a40_44,m,eo_bio_Scottish,official_lang,work.official_lang,married,other.attached,non.movers
167325,933,a55_59,m,ao_esao_Chinese,official_lang,work.official_lang,married,single.detached.house,non.movers
892286,933,a0_4,m,ao_sao_ei,official_lang,work.no.official_lang,no.married,apartment,non.movers
417478,933,a45_49,f,ao_esao_Chinese,official_lang,work.official_lang,living.common.law,apartment,non.movers
914669,933,a10_14,m,ao_oesao,official_lang,work.no.official_lang,no.married,apartment,non.movers
450831,933,a25_29,m,ao_esao_Chinese,official_lang,work.official_lang,no.married,apartment,non.movers
833640,933,a15_19,m,ao_esao_Chinese,official_lang,work.no.official_lang,no.married,other.attached,non.movers
438430,933,a35_39,m,ao_esao_Chinese,official_lang,work.official_lang,married,apartment,non.movers
800407,933,a70_74,m,eo_bio_Irish,official_lang,work.no.official_lang,married,single.detached.house,non.movers
698042,933,a20_24,f,eo_eeo_Russian,official_lang,work.official_lang,no.married,apartment,non.movers
241701,933,a25_29,f,ao_wcameo,official_lang,work.official_lang,married,apartment,non.movers
861314,933,a30_34,m,ao_oesao,official_lang,work.official_lang,no.married,single.detached.house,non.movers
517597,933,a30_34,f,ao_sao_ei,official_lang,work.official_lang,married,apartment,non.movers
19456,933,a30_34,m,onao_Canadian,official_lang,work.official_lang,no.married,apartment,non.movers
618004,933,a50_54,f,ao_oesao,official_lang,work.official_lang,divorced,other.attached,non.movers
730224,933,a70_74,f,ao_esao_Filipino,official_lang,work.no.official_lang,no.married,apartment,non.movers
190054,933,a30_34,m,eo_neo,official_lang,work.official_lang,living.common.law,apartment,nonmigrants.movers
836270,933,a5_9,m,onao_Canadian,official_lang,work.no.official_lang,no.married,single.detached.house,non.movers
224830,933,a20_24,f,ao_sao_ei,official_lang,work.official_lang,no.married,apartment,non.movers
899609,933,a65_69,m,ao_sao_ei,official_lang,work.official_lang,married,apartment,non.movers
161962,933,a20_24,f,ao_wcameo,official_lang,work.official_lang,no.married,single.detached.house,non.movers
446711,933,a65_69,f,eo_weo_German,official_lang,work.no.official_lang,married,single.detached.house,non.movers
180437,933,a35_39,f,eo_bio_English,official_lang,work.official_lang,married,other.attached,nonmigrants.movers
284242,933,a75_79,f,ao_oesao,official_lang,work.no.official_lang,widowed,apartment,non.movers
381513,933,a70_74,f,ao_esao_Chinese,no.official_lang,work.no.official_lang,widowed,single.detached.house,non.movers
330133,933,a45_49,m,eo_eeo_Russian,official_lang,work.official_lang,married,single.detached.house,non.movers
671964,933,a40_44,f,ao_esao_Chinese,official_lang,work.official_lang,no.married,single.detached.house,non.movers
529089,933,a35_39,f,ao_esao_Chinese,official_lang,work.official_lang,married,apartment,nonmigrants.movers
165167,933,a60_64,m,onao_Canadian,official_lang,work.official_lang,married,single.detached.house,non.movers
551696,933,a65_69,f,ao_sao_ei,no.official_lang,work.no.official_lang,widowed,apartment,non.movers
829973,933,a80_84,f,ao_esao_Chinese,no.official_lang,work.no.official_lang,widowed,other.attached,non.movers
806630,933,a50_54,f,ao_esao_Filipino,official_lang,work.official_lang,married,apartment,non.movers
714657,933,a45_49,m,ao_sao_ei,official_lang,work.official_lang,married,apartment,non.movers
89801,933,a15_19,m,ao_esao_Filipino,official_lang,work.official_lang,no.married,apartment,non.movers
524656,933,a65_69,m,ao_osao,official_lang,work.no.official_lang,married,apartment,non.movers
386540,933,a55_59,f,ao_esao_Chinese,official_lang,work.no.official_lang,married,apartment,non.movers
449037,933,a40_44,m,ao_esao_Chinese,official_lang,work.no.official_lang,married,apartment,non.movers
433706,933,a60_64,f,ao_esao_Chinese,official_lang,work.no.official_lang,married,apartment,non.movers
690919,933,a20_24,m,oo,official_lang,work.official_lang,no.married,other.attached,non.movers
637284,933,a25_29,m,eo_fo,official_lang,work.official_lang,no.married,apartment,non.movers
40720,933,a50_54,m,ao_esao_Chinese,official_lang,work.no.official_lang,married,single.detached.house,non.movers
619896,933,a55_59,m,eo_eeo_Ukrainian,official_lang,work.no.official_lang,no.married,apartment,non.movers
695584,933,a10_14,m,naao,official_lang,work.no.official_lang,no.married,single.detached.house,non.movers
894733,933,a70_74,m,ao_esao_Chinese,official_lang,work.no.official_lang,married,other.attached,non.movers
279542,933,a35_39,f,eo_bio_Scottish,official_lang,work.official_lang,married,other.attached,other.movers
41199,933,a15_19,m,ao_esao_Chinese,official_lang,work.no.official_lang,no.married,other.attached,non.movers
164204,933,a65_69,f,onao_Canadian,official_lang,work.no.official_lang,married,apartment,non.movers
250926,933,a35_39,f,naao,official_lang,work.official_lang,no.married,single.detached.house,non.movers
492692,933,a30_34,m,eo_obio,official_lang,work.official_lang,no.married,single.detached.house,non.movers
331558,933,a10_14,m,eo_bio_English,official_lang,work.no.official_lang,no.married,single.detached.house,non.movers
824927,933,a80_84,m,ao_esao_Chinese,official_lang,work.no.official_lang,widowed,single.detached.house,non.movers
696448,933,a85_,f,ao_esao_Chinese,no.official_lang,work.no.official_lang,widowed,single.detached.house,non.movers
324789,933,a35_39,m,ao_esao_Filipino,official_lang,work.official_lang,married,single.detached.house,non.movers
223883,933,a0_4,f,ao_osao,official_lang,work.no.official_lang,no.married,single.detached.house,non.movers
345015,933,a55_59,m,ao_wcameo,official_lang,work.official_lang,divorced,apartment,non.movers
144899,933,a10_14,f,ao_esao_Chinese,official_lang,work.no.official_lang,no.married,single.detached.house,non.movers
83533,933,a25_29,f,ao_esao_Chinese,official_lang,work.official_lang,no.married,apartment,other.movers
39155,933,a40_44,m,ao_esao_Chinese,official_lang,work.no.official_lang,married,apartment,non.movers
364366,933,a65_69,f,eo_weo_Dutch,official_lang,work.official_lang,married,apartment,non.movers
719037,933,a45_49,f,ao_oesao,official_lang,work.no.official_lang,married,other.attached,interprovincial.movers
576725,933,a55_59,f,eo_bio_Scottish,official_lang,work.official_lang,divorced,apartment,non.movers
153921,933,a60_64,f,eo_bio_Scottish,official_lang,work.official_lang,married,single.detached.house,nonmigrants.movers
580241,933,a15_19,m,ao_esao_Chinese,official_lang,work.no.official_lang,no.married,apartment,non.movers
866618,933,a65_69,m,eo_oweo,official_lang,work.no.official_lang,married,single.detached.house,non.movers
220001,933,a35_39,m,eo_bio_English,official_lang,work.official_lang,no.married,apartment,non.movers
536367,933,a15_19,f,eo_oeeo,official_lang,work.no.official_lang,no.married,single.detached.house,non.movers
673257,933,a75_79,f,onao_Canadian,official_lang,work.no.official_lang,married,single.detached.house,non.movers
859027,933,a35_39,f,lcsao,official_lang,work.official_lang,married,apartment,non.movers
745377,933,a75_79,m,lcsao,official_lang,work.official_lang,divorced,apartment,non.movers
502322,933,a15_19,f,ao_esao_Chinese,official_lang,work.no.official_lang,no.married,other.attached,non.movers
104494,933,a20_24,f,eo_eeo_Polish,official_lang,work.official_lang,no.married,other.attached,non.movers
85155,933,a25_29,f,onao_Canadian,official_lang,work.official_lang,no.married,single.detached.house,nonmigrants.movers
856771,933,a25_29,f,eo_bio_Scottish,official_lang,work.official_lang,no.married,apartment,nonmigrants.movers
316465,933,a35_39,m,ao_esao_Chinese,official_lang,work.official_lang,no.married,apartment,non.movers
549692,933,a40_44,f,ao_oesao,official_lang,work.official_lang,married,single.detached.house,non.movers
24348,933,a35_39,m,ao_esao_Chinese,official_lang,work.official_lang,no.married,apartment,non.movers
472237,933,a5_9,f,ao_esao_Chinese,official_lang,work.no.official_lang,no.married,apartment,nonmigrants.movers
155784,933,a25_29,f,eo_fo,official_lang,work.official_lang,no.married,apartment,non.movers
309861,933,a25_29,m,ao_oesao,official_lang,work.official_lang,no.married,single.detached.house,non.movers
444572,933,a20_24,f,ao_esao_Chinese,official_lang,work.official_lang,no.married,single.detached.house,non.movers
873575,933,a20_24,f,ao_esao_Chinese,official_lang,work.official_lang,no.married,single.detached.house,non.movers
528107,933,a15_19,f,ao_esao_Chinese,official_lang,work.official_lang,no.married,apartment,non.movers
183040,933,a40_44,f,ao_sao_ei,official_lang,work.official_lang,married,single.detached.house,non.movers
43946,933,a20_24,m,ao_esao_Chinese,official_lang,work.official_lang,no.married,other.attached,nonmigrants.movers
242871,933,a0_4,f,ao_esao_Filipino,official_lang,work.no.official_lang,no.married,apartment,non.movers
511724,933,a20_24,m,onao_Canadian,official_lang,work.official_lang,no.married,single.detached.house,non.movers
184435,933,a10_14,m,ao_sao_ei,official_lang,work.no.official_lang,no.married,single.detached.house,non.movers
400369,933,a65_69,f,eo_oeeo,official_lang,work.no.official_lang,married,apartment,non.movers
699023,933,a5_9,m,ao_oesao,official_lang,work.no.official_lang,no.married,other.attached,non.movers
160170,933,a50_54,f,ao_esao_Filipino,official_lang,work.official_lang,divorced,apartment,nonmigrants.movers
526250,933,a60_64,f,ao_esao_Chinese,official_lang,work.official_lang,married,single.detached.house,non.movers
183249,933,a40_44,m,eo_neo,official_lang,work.no.official_lang,married,single.detached.house,non.movers
226739,933,a50_54,m,eo_bio_Irish,official_lang,work.official_lang,married,single.detached.house,non.movers
682056,933,a60_64,f,eo_bio_English,official_lang,work.official_lang,married,single.detached.house,non.movers
154204,933,a15_19,m,ao_sao_ei,official_lang,work.no.official_lang,no.married,apartment,external.movers
94149,933,a20_24,f,ao_sao_ei,official_lang,work.official_lang,no.married,apartment,nonmigrants.movers
177902,933,a25_29,f,ao_esao_Filipino,official_lang,work.official_lang,married,apartment,non.movers
485704,933,a45_49,f,ao_esao_Chinese,official_lang,work.no.official_lang,married,single.detached.house,non.movers
435590,933,a30_34,f,lcsao,official_lang,work.official_lang,married,apartment,non.movers
347859,933,a0_4,f,ao_osao,official_lang,work.no.official_lang,no.married,single.detached.house,non.movers
904723,933,a15_19,f,ao_oesao,official_lang,work.official_lang,no.married,single.detached.house,non.movers
784024,933,a60_64,f,onao_Canadian,official_lang,work.no.official_lang,married,single.detached.house,non.movers
388117,933,a5_9,f,ao_esao_Filipino,official_lang,work.no.official_lang,no.married,other.attached,non.movers
318475,933,a40_44,m,eo_bio_English,official_lang,work.official_lang,divorced,other.attached,other.movers
276338,933,a10_14,f,ao_sao_ei,official_lang,work.no.official_lang,no.married,single.detached.house,non.movers
900557,933,a15_19,m,ao_esao_Chinese,official_lang,work.no.official_lang,no.married,apartment,external.movers
104064,933,a45_49,f,ao_esao_Chinese,official_lang,work.official_lang,divorced,apartment,non.movers
418792,933,a70_74,f,eo_eeo_Polish,official_lang,work.official_lang,widowed,other.attached,other.movers
658161,933,a30_34,m,ao_esao_Chinese,official_lang,work.official_lang,no.married,other.attached,non.movers
528566,933,a60_64,m,eo_oseo,official_lang,work.official_lang,married,apartment,non.movers
533045,933,a35_39,f,onao_Canadian,official_lang,work.official_lang,married,single.detached.house,non.movers
656854,933,a20_24,m,eo_oeeo,official_lang,work.official_lang,no.married,apartment,non.movers
561113,933,a50_54,f,ao_esao_Chinese,no.official_lang,work.no.official_lang,separated,apartment,non.movers
909537,933,a45_49,m,ao_wcameo,no.official_lang,work.no.official_lang,married,other.attached,non.movers
170526,933,a45_49,m,eo_oeo,official_lang,work.official_lang,married,other.attached,non.movers
523099,933,a65_69,m,ao_esao_Chinese,official_lang,work.no.official_lang,married,single.detached.house,nonmigrants.movers
618132,933,a75_79,m,ao_sao_ei,no.official_lang,work.no.official_lang,married,apartment,non.movers
893990,933,a60_64,f,ao_sao_ei,official_lang,work.official_lang,divorced,other.attached,non.movers
800981,933,a25_29,f,ao_esao_Chinese,official_lang,work.official_lang,married,apartment,non.movers
67212,933,a15_19,m,ao_sao_ei,official_lang,work.official_lang,no.married,single.detached.house,non.movers
27611,933,a20_24,f,ao_esao_Chinese,official_lang,work.no.official_lang,no.married,apartment,non.movers
400775,933,a45_49,m,ao_esao_Chinese,official_lang,work.official_lang,married,single.detached.house,non.movers
337952,933,a5_9,f,ao_esao_Filipino,official_lang,work.no.official_lang,no.married,apartment,non.movers
317254,933,a30_34,f,ao_esao_Chinese,official_lang,work.official_lang,no.married,apartment,non.movers
798152,933,a40_44,f,ao_esao_Filipino,official_lang,work.official_lang,separated,apartment,nonmigrants.movers
234260,933,a25_29,f,ao_esao_Chinese,official_lang,work.official_lang,no.married,other.attached,non.movers
781884,933,a50_54,f,ao_esao_Filipino,official_lang,work.official_lang,no.married,single.detached.house,interprovincial.movers
431876,933,a50_54,m,ao_esao_Filipino,official_lang,work.official_lang,married,apartment,non.movers
754249,933,a10_14,m,ao_sao_ei,official_lang,work.no.official_lang,no.married,apartment,other.movers
916953,933,a50_54,m,onao_Canadian,official_lang,work.no.official_lang,married,single.detached.house,non.movers
912294,933,a45_49,f,eo_oseo,official_lang,work.official_lang,married,other.attached,non.movers
601589,933,a30_34,m,eo_weo_German,official_lang,work.official_lang,married,apartment,non.movers
740260,933,a55_59,m,ao_esao_Chinese,official_lang,work.no.official_lang,married,apartment,non.movers
851836,933,a30_34,f,ao_esao_Chinese,official_lang,work.official_lang,no.married,apartment,non.movers
854619,933,a55_59,m,eo_weo_German,official_lang,work.official_lang,married,other.attached,non.movers
498119,933,a25_29,f,ao_esao_Chinese,official_lang,work.official_lang,living.common.law,apartment,non.movers
81636,933,a65_69,f,ao_sao_ei,no.official_lang,work.no.official_lang,married,other.attached,nonmigrants.movers
739417,933,a70_74,f,ao_esao_Chinese,official_lang,work.no.official_lang,married,apartment,non.movers
836475,933,a85_,f,ao_esao_Filipino,official_lang,work.no.official_lang,widowed,apartment,non.movers
878779,933,a10_14,f,ao_sao_ei,official_lang,work.no.official_lang,no.married,apartment,non.movers
501883,933,a50_54,m,eo_oeeo,official_lang,work.official_lang,married,apartment,non.movers
246288,933,a25_29,m,eo_oseo,official_lang,work.official_lang,married,single.detached.house,other.movers
383282,933,a40_44,m,ao_wcameo,official_lang,work.official_lang,no.married,single.detached.house,non.movers
235286,933,a25_29,m,eo_seo_Italian,official_lang,work.no.official_lang,no.married,apartment,non.movers
738278,933,a20_24,f,ao_esao_Chinese,official_lang,work.official_lang,no.married,single.detached.house,non.movers
481670,933,a50_54,m,eo_bio_Scottish,official_lang,work.official_lang,married,single.detached.house,non.movers
514916,933,a40_44,f,ao_esao_Chinese,official_lang,work.no.official_lang,divorced,apartment,non.movers
799348,933,a0_4,m,ao_esao_Filipino,official_lang,work.no.official_lang,no.married,single.detached.house,other.movers
541106,933,a40_44,m,ao_esao_Chinese,official_lang,work.official_lang,no.married,apartment,non.movers
649712,933,a5_9,f,ao_sao_ei,official_lang,work.no.official_lang,no.married,single.detached.house,non.movers
463492,933,a15_19,f,oo,official_lang,work.no.official_lang,no.married,other.attached,non.movers
628346,933,a25_29,m,ao_esao_Chinese,official_lang,work.official_lang,no.married,apartment,non.movers
232949,933,a0_4,f,ao_esao_Chinese,official_lang,work.no.official_lang,no.married,apartment,non.movers
642817,933,a25_29,m,ao_esao_Chinese,official_lang,work.official_lang,married,apartment,nonmigrants.movers
653813,933,a15_19,f,ao_esao_Filipino,official_lang,work.official_lang,no.married,apartment,other.movers
234533,933,a75_79,f,eo_weo_German,official_lang,work.no.official_lang,widowed,single.detached.house,non.movers
116181,933,a5_9,f,eo_oeo,official_lang,work.no.official_lang,no.married,single.detached.house,non.movers
495590,933,a0_4,m,ao_sao_ei,official_lang,work.no.official_lang,no.married,apartment,non.movers
779844,933,a40_44,m,eo_oseo,official_lang,work.no.official_lang,no.married,apartment,non.movers
894580,933,a40_44,m,ao_esao_Chinese,official_lang,work.no.official_lang,married,single.detached.house,external.movers
902476,933,a55_59,m,ao_sao_ei,official_lang,work.official_lang,married,single.detached.house,non.movers
79248,933,a0_4,m,ao_sao_ei,no.official_lang,work.no.official_lang,no.married,apartment,other.movers
900365,933,a65_69,f,ao_sao_ei,official_lang,work.no.official_lang,widowed,other.attached,non.movers
361113,933,a50_54,m,eo_seo_Italian,official_lang,work.official_lang,divorced,single.detached.house,non.movers
724467,933,a65_69,m,ao_esao_Chinese,official_lang,work.official_lang,married,apartment,non.movers
878702,933,a55_59,m,ao_esao_Chinese,official_lang,work.official_lang,married,single.detached.house,non.movers
589381,933,a40_44,f,eo_eeo_Ukrainian,official_lang,work.official_lang,no.married,apartment,non.movers
229436,933,a15_19,f,eo_seo_Italian,official_lang,work.official_lang,no.married,single.detached.house,non.movers
388289,933,a25_29,f,ao_esao_Chinese,official_lang,work.official_lang,married,single.detached.house,non.movers
654781,933,a40_44,m,ao_oesao,official_lang,work.official_lang,married,apartment,non.movers
862816,933,a25_29,m,ao_esao_Chinese,official_lang,work.official_lang,no.married,apartment,non.movers
592283,933,a45_49,m,ao_esao_Filipino,official_lang,work.official_lang,married,apartment,non.movers
704904,933,a75_79,f,eo_bio_English,official_lang,work.no.official_lang,married,single.detached.house,non.movers
398718,933,a10_14,f,onao_Canadian,official_lang,work.no.official_lang,no.married,single.detached.house,non.movers
396467,933,a0_4,m,ao_esao_Chinese,official_lang,work.no.official_lang,no.married,single.detached.house,non.movers
506024,933,a75_79,m,eo_weo_German,official_lang,work.no.official_lang,married,other.attached,non.movers
107003,933,a15_19,m,ao_esao_Chinese,official_lang,work.no.official_lang,no.married,single.detached.house,non.movers
69439,933,a50_54,m,ao_esao_Chinese,official_lang,work.official_lang,married,apartment,non.movers
757967,933,a65_69,f,eo_oeeo,official_lang,work.official_lang,married,single.detached.house,non.movers
710202,933,a25_29,m,ao_sao_ei,official_lang,work.official_lang,no.married,apartment,other.movers
201362,933,a25_29,m,ao_esao_Filipino,official_lang,work.official_lang,married,other.attached,nonmigrants.movers
276411,933,a5_9,m,ao_esao_Chinese,official_lang,work.no.official_lang,no.married,apartment,non.movers
744792,933,a10_14,f,ao_oesao,official_lang,work.no.official_lang,no.married,apartment,non.movers
510743,933,a35_39,f,eo_bio_Scottish,official_lang,work.official_lang,no.married,apartment,non.movers
479322,933,a20_24,f,ao_wcameo,official_lang,work.official_lang,no.married,apartment,non.movers
95533,933,a25_29,f,ao_esao_Chinese,official_lang,work.official_lang,married,single.detached.house,non.movers
567805,933,a35_39,f,ao_esao_Chinese,official_lang,work.official_lang,no.married,single.detached.house,nonmigrants.movers
77918,933,a70_74,m,ao_sao_ei,no.official_lang,work.no.official_lang,married,apartment,non.movers
313562,933,a40_44,m,eo_seo_Portuguese,official_lang,work.official_lang,married,single.detached.house,non.movers
417504,933,a45_49,f,onao_Canadian,official_lang,work.no.official_lang,no.married,apartment,non.movers
580497,933,a20_24,m,ao_esao_Filipino,official_lang,work.official_lang,no.married,apartment,non.movers
58174,933,a0_4,m,eo_weo_German,official_lang,work.no.official_lang,no.married,apartment,non.movers
729481,933,a15_19,f,ao_esao_Filipino,official_lang,work.no.official_lang,no.married,apartment,non.movers
777700,933,a50_54,m,ao_esao_Chinese,official_lang,work.official_lang,married,other.attached,non.movers
323843,933,a70_74,m,ao_esao_Chinese,no.official_lang,work.no.official_lang,married,apartment,non.movers
823518,933,a35_39,m,ao_sao_ei,official_lang,work.official_lang,married,other.attached,non.movers
375202,933,a45_49,m,ao_sao_ei,official_lang,work.official_lang,married,apartment,non.movers
274123,933,a50_54,f,ao_sao_ei,official_lang,work.official_lang,married,apartment,non.movers
571186,933,a75_79,f,ao_esao_Chinese,no.official_lang,work.no.official_lang,married,apartment,non.movers
610423,933,a45_49,m,ao_esao_Chinese,official_lang,work.official_lang,no.married,apartment,non.movers
382125,933,a40_44,f,ao_esao_Filipino,official_lang,work.official_lang,married,other.attached,non.movers
506905,933,a50_54,m,ao_wcameo,official_lang,work.official_lang,married,single.detached.house,non.movers
768263,933,a25_29,f,onao_Canadian,official_lang,work.official_lang,no.married,single.detached.house,nonmigrants.movers
456731,933,a50_54,m,ao_esao_Chinese,official_lang,work.official_lang,divorced,apartment,non.movers
875199,933,a20_24,f,ao_wcameo,official_lang,work.official_lang,no.married,apartment,non.movers
385710,933,a55_59,f,ao_esao_Chinese,official_lang,work.official_lang,married,single.detached.house,non.movers
144868,933,a85_,f,ao_esao_Chinese,no.official_lang,work.no.official_lang,widowed,apartment,non.movers
602967,933,a70_74,m,eo_weo_German,official_lang,work.no.official_lang,married,single.detached.house,non.movers
91573,933,a50_54,m,ao_oesao,official_lang,work.official_lang,married,single.detached.house,non.movers
280960,933,a50_54,m,ao_esao_Chinese,no.official_lang,work.no.official_lang,married,single.detached.house,non.movers
48520,933,a35_39,f,ao_sao_ei,official_lang,work.official_lang,no.married,apartment,non.movers
713079,933,a30_34,f,onao_Canadian,official_lang,work.official_lang,living.common.law,apartment,other.movers
642972,933,a15_19,m,onao_Canadian,official_lang,work.official_lang,no.married,other.attached,non.movers
750709,933,a45_49,f,ao_sao_ei,official_lang,work.official_lang,married,single.detached.house,non.movers
768622,933,a85_,f,eo_seo_Italian,official_lang,work.no.official_lang,no.married,single.detached.house,non.movers
259665,933,a50_54,f,ao_esao_Chinese,official_lang,work.no.official_lang,married,single.detached.house,non.movers
397857,933,a80_84,f,eo_bio_Scottish,official_lang,work.no.official_lang,divorced,apartment,non.movers
601927,933,a55_59,m,eo_bio_English,official_lang,work.no.official_lang,married,single.detached.house,non.movers
516892,933,a55_59,m,onao_Canadian,official_lang,work.no.official_lang,divorced,apartment,non.movers
392002,933,a30_34,m,ao_oesao,official_lang,work.official_lang,married,single.detached.house,other.movers
785690,933,a0_4,f,ao_sao_ei,official_lang,work.no.official_lang,no.married,apartment,non.movers
616380,933,a60_64,m,eo_fo,official_lang,work.no.official_lang,divorced,apartment,non.movers
622203,933,a40_44,f,eo_weo_German,official_lang,work.official_lang,divorced,single.detached.house,non.movers
253832,933,a35_39,m,oco,official_lang,work.official_lang,separated,apartment,non.movers
367253,933,a75_79,m,ao_esao_Chinese,no.official_lang,work.no.official_lang,widowed,apartment,non.movers
64951,933,a20_24,f,eo_bio_English,official_lang,work.official_lang,living.common.law,apartment,nonmigrants.movers
261770,933,a35_39,f,eo_seo_Italian,official_lang,work.official_lang,married,apartment,non.movers
831106,933,a15_19,m,ao_esao_Chinese,official_lang,work.no.official_lang,no.married,single.detached.house,non.movers
761007,933,a20_24,m,ao_sao_ei,official_lang,work.official_lang,no.married,apartment,interprovincial.movers
337057,933,a0_4,f,ao_esao_Chinese,official_lang,work.no.official_lang,no.married,other.attached,non.movers
459988,933,a10_14,f,ao_esao_Chinese,official_lang,work.no.official_lang,no.married,apartment,non.movers
437224,933,a60_64,f,ao_esao_Chinese,official_lang,work.no.official_lang,widowed,single.detached.house,non.movers
781792,933,a0_4,m,ao_sao_ei,official_lang,work.no.official_lang,no.married,apartment,nonmigrants.movers
286644,933,a35_39,f,ao_sao_ei,official_lang,work.official_lang,married,single.detached.house,non.movers
349762,933,a80_84,m,ao_esao_Chinese,official_lang,work.no.official_lang,widowed,single.detached.house,non.movers
645287,933,a20_24,f,ao_esao_Chinese,official_lang,work.official_lang,no.married,single.detached.house,non.movers
198469,933,a40_44,f,ao_oesao,official_lang,work.no.official_lang,married,single.detached.house,non.movers
373349,933,a40_44,f,eo_obio,official_lang,work.official_lang,living.common.law,apartment,non.movers
547534,933,a50_54,f,ao_oesao,official_lang,work.no.official_lang,married,apartment,other.movers
753681,933,a35_39,m,ao_sao_ei,official_lang,work.official_lang,married,single.detached.house,non.movers
613190,933,a10_14,f,eo_weo_German,official_lang,work.no.official_lang,no.married,apartment,non.movers
153747,933,a45_49,f,ao_esao_Chinese,official_lang,work.no.official_lang,married,single.detached.house,non.movers
564236,933,a50_54,m,ao_esao_Chinese,official_lang,work.official_lang,married,single.detached.house,non.movers
730401,933,a10_14,f,ao_esao_Chinese,official_lang,work.no.official_lang,no.married,apartment,non.movers
701387,933,a30_34,f,ao_esao_Chinese,official_lang,work.official_lang,no.married,apartment,non.movers
91635,933,a30_34,m,ao_sao_ei,official_lang,work.official_lang,no.married,single.detached.house,non.movers
151687,933,a65_69,m,eo_bio_Scottish,official_lang,work.no.official_lang,married,single.detached.house,non.movers
675065,933,a85_,f,eo_oeeo,official_lang,work.no.official_lang,widowed,apartment,non.movers
73754,933,a15_19,f,ao_sao_ei,official_lang,work.official_lang,no.married,other.attached,non.movers
710042,933,a55_59,f,eo_bio_English,official_lang,work.official_lang,married,single.detached.house,non.movers
119179,933,a35_39,m,ao_sao_ei,official_lang,work.official_lang,no.married,apartment,non.movers
198720,933,a10_14,m,eo_bio_English,official_lang,work.no.official_lang,no.married,single.detached.house,non.movers
174490,933,a10_14,m,onao_Canadian,official_lang,work.no.official_lang,no.married,single.detached.house,non.movers
260215,933,a5_9,m,naao,official_lang,work.no.official_lang,no.married,other.attached,non.movers
143893,933,a55_59,m,ao_esao_Filipino,official_lang,work.official_lang,married,single.detached.house,non.movers
491158,933,a75_79,m,eo_bio_Scottish,official_lang,work.official_lang,married,single.detached.house,non.movers
73721,933,a75_79,m,ao_esao_Chinese,no.official_lang,work.no.official_lang,married,single.detached.house,non.movers
893929,933,a20_24,f,ao_esao_Chinese,official_lang,work.no.official_lang,no.married,other.attached,non.movers
776271,933,a60_64,m,eo_oseo,official_lang,work.no.official_lang,married,apartment,non.movers
38555,933,a25_29,m,ao_esao_Chinese,official_lang,work.official_lang,no.married,other.attached,non.movers
839238,933,a15_19,f,eo_seo_Portuguese,official_lang,work.no.official_lang,no.married,apartment,nonmigrants.movers
614898,933,a40_44,m,onao_Canadian,official_lang,work.no.official_lang,no.married,single.detached.house,non.movers
139923,933,a0_4,m,ao_wcameo,official_lang,work.no.official_lang,no.married,apartment,other.movers
663394,933,a70_74,f,ao_oesao,official_lang,work.no.official_lang,married,apartment,non.movers
520907,933,a70_74,m,eo_seo_Italian,official_lang,work.no.official_lang,no.married,apartment,non.movers
537382,933,a0_4,m,ao_esao_Filipino,official_lang,work.no.official_lang,no.married,apartment,non.movers
809209,933,a45_49,m,ao_esao_Chinese,official_lang,work.official_lang,married,single.detached.house,non.movers
650529,933,a60_64,m,ao_esao_Filipino,official_lang,work.official_lang,divorced,other.attached,non.movers
134069,933,a50_54,f,ao_esao_Filipino,official_lang,work.official_lang,married,apartment,non.movers
8926,933,a30_34,f,ao_osao,official_lang,work.official_lang,married,apartment,non.movers
160535,933,a60_64,m,ao_sao_ei,no.official_lang,work.no.official_lang,married,apartment,non.movers
749017,933,a5_9,f,ao_esao_Chinese,official_lang,work.no.official_lang,no.married,apartment,non.movers
343130,933,a10_14,m,onao_Canadian,official_lang,work.no.official_lang,no.married,apartment,interprovincial.movers
136827,933,a60_64,m,onao,official_lang,work.official_lang,married,single.detached.house,non.movers
282494,933,a25_29,f,ao_osao,official_lang,work.official_lang,no.married,other.attached,non.movers
570473,933,a20_24,m,ao_sao_ei,official_lang,work.official_lang,no.married,apartment,nonmigrants.movers
634919,933,a65_69,f,ao_esao_Chinese,no.official_lang,work.no.official_lang,divorced,apartment,nonmigrants.movers
185260,933,a20_24,f,ao_osao,official_lang,work.no.official_lang,married,apartment,non.movers
452456,933,a60_64,m,ao_esao_Chinese,official_lang,work.no.official_lang,married,single.detached.house,non.movers
827639,933,a35_39,m,ao_esao_Chinese,official_lang,work.no.official_lang,married,other.attached,non.movers
636802,933,a25_29,m,ao_sao_ei,official_lang,work.official_lang,married,apartment,non.movers
115933,933,a5_9,f,ao_sao_ei,official_lang,work.no.official_lang,no.married,apartment,non.movers
713251,933,a40_44,f,ao_oesao,official_lang,work.no.official_lang,separated,other.attached,external.movers
246004,933,a80_84,m,ao_esao_Chinese,no.official_lang,work.no.official_lang,married,apartment,nonmigrants.movers
412345,933,a70_74,f,ao_esao_Filipino,official_lang,work.no.official_lang,married,apartment,non.movers
261061,933,a65_69,f,eo_bio_English,official_lang,work.no.official_lang,married,apartment,non.movers
437674,933,a30_34,m,ao_esao_Chinese,official_lang,work.no.official_lang,no.married,apartment,non.movers
910028,933,a65_69,m,ao_sao_ei,no.official_lang,work.no.official_lang,married,apartment,non.movers
252000,933,a20_24,m,ao_esao_Chinese,official_lang,work.official_lang,no.married,apartment,non.movers
410168,933,a75_79,f,ao_esao_Chinese,official_lang,work.no.official_lang,widowed,apartment,non.movers
529958,933,a60_64,m,ao_oesao,no.official_lang,work.no.official_lang,separated,apartment,non.movers
925152,933,a35_39,m,naao,official_lang,work.official_lang,living.common.law,apartment,non.movers
84430,933,a60_64,m,ao_esao_Chinese,official_lang,work.official_lang,married,other.attached,non.movers
395002,933,a20_24,f,ao_sao_ei,official_lang,work.no.official_lang,no.married,apartment,nonmigrants.movers
262526,933,a35_39,f,ao_oesao,official_lang,work.official_lang,no.married,single.detached.house,non.movers
486230,933,a45_49,f,ao_esao_Chinese,official_lang,work.no.official_lang,married,other.attached,non.movers
525296,933,a65_69,f,eo_bio_English,official_lang,work.no.official_lang,married,apartment,nonmigrants.movers
28666,933,a70_74,f,naao,official_lang,work.official_lang,divorced,apartment,non.movers
497064,933,a60_64,f,naao,official_lang,work.no.official_lang,no.married,apartment,non.movers
217099,933,a45_49,m,eo_bio_English,official_lang,work.official_lang,married,single.detached.house,non.movers
407973,933,a20_24,f,ao_oesao,official_lang,work.official_lang,no.married,apartment,non.movers
737266,933,a50_54,f,ao_esao_Chinese,official_lang,work.no.official_lang,no.married,single.detached.house,external.movers
30401,933,a25_29,f,eo_bio_English,official_lang,work.official_lang,living.common.law,apartment,nonmigrants.movers
839809,933,a25_29,f,eo_eeo_Ukrainian,official_lang,work.official_lang,married,single.detached.house,nonmigrants.movers
815163,933,a30_34,f,ao_sao_ei,official_lang,work.official_lang,living.common.law,apartment,nonmigrants.movers
92973,933,a45_49,m,ao_esao_Chinese,no.official_lang,work.no.official_lang,married,apartment,non.movers
387976,933,a35_39,f,ao_esao_Chinese,official_lang,work.no.official_lang,married,other.attached,non.movers
104718,933,a25_29,m,ao_wcameo,official_lang,work.official_lang,no.married,apartment,non.movers
603658,933,a35_39,f,ao_wcameo,official_lang,work.official_lang,married,apartment,nonmigrants.movers
280789,933,a65_69,m,eo_obio,official_lang,work.no.official_lang,married,single.detached.house,non.movers
291890,933,a5_9,m,ao_sao_ei,official_lang,work.no.official_lang,no.married,apartment,non.movers
315989,933,a45_49,m,ao_esao_Filipino,official_lang,work.official_lang,married,apartment,non.movers
584765,933,a40_44,f,ao_sao_ei,official_lang,work.no.official_lang,married,apartment,external.movers
868382,933,a15_19,f,ao_osao,official_lang,work.no.official_lang,no.married,apartment,non.movers
913956,933,a70_74,f,eo_weo_German,official_lang,work.official_lang,widowed,apartment,non.movers
79801,933,a0_4,m,onao_Canadian,no.official_lang,work.no.official_lang,no.married,apartment,non.movers
249562,933,a50_54,f,eo_eeo_Polish,official_lang,work.official_lang,living.common.law,apartment,non.movers
833088,933,a60_64,f,ao_esao_Filipino,official_lang,work.no.official_lang,married,apartment,nonmigrants.movers
431932,933,a45_49,f,ao_esao_Chinese,official_lang,work.official_lang,no.married,apartment,non.movers
824120,933,a45_49,m,onao_Canadian,official_lang,work.official_lang,married,apartment,non.movers
785438,933,a75_79,f,ao_sao_ei,no.official_lang,work.no.official_lang,widowed,apartment,non.movers
25325,933,a45_49,f,ao_oesao,official_lang,work.no.official_lang,married,single.detached.house,other.movers
463285,933,a30_34,f,ao_esao_Chinese,official_lang,work.official_lang,married,other.attached,nonmigrants.movers
436758,933,a50_54,m,eo_weo_German,official_lang,work.official_lang,married,single.detached.house,non.movers
913517,933,a35_39,f,ao_sao_ei,official_lang,work.no.official_lang,no.married,other.attached,non.movers
474017,933,a85_,m,eo_eeo_Russian,official_lang,work.no.official_lang,widowed,single.detached.house,non.movers
711894,933,a75_79,f,eo_weo_German,official_lang,work.no.official_lang,married,apartment,non.movers
823474,933,a55_59,m,ao_esao_Chinese,official_lang,work.official_lang,married,single.detached.house,non.movers
395799,933,a10_14,m,ao_esao_Chinese,official_lang,work.no.official_lang,no.married,apartment,non.movers
453388,933,a75_79,f,ao_esao_Filipino,no.official_lang,work.no.official_lang,no.married,apartment,non.movers
822089,933,a30_34,f,ao_esao_Chinese,official_lang,work.official_lang,no.married,apartment,non.movers
862467,933,a80_84,m,ao_esao_Chinese,no.official_lang,work.no.official_lang,married,other.attached,external.movers
724760,933,a40_44,f,ao_osao,official_lang,work.official_lang,married,apartment,non.movers
226853,933,a70_74,m,ao_esao_Chinese,no.official_lang,work.no.official_lang,married,apartment,non.movers
352793,933,a35_39,f,ao_esao_Chinese,official_lang,work.official_lang,married,apartment,non.movers
680208,933,a65_69,f,ao_esao_Chinese,no.official_lang,work.no.official_lang,married,single.detached.house,non.movers
510276,933,a0_4,f,ao_esao_Chinese,official_lang,work.no.official_lang,no.married,apartment,interprovincial.movers
98004,933,a15_19,f,eo_oeeo,official_lang,work.official_lang,no.married,other.attached,non.movers
389609,933,a55_59,m,eo_bio_English,official_lang,work.official_lang,living.common.law,apartment,non.movers
503104,933,a25_29,m,naao,official_lang,work.official_lang,living.common.law,apartment,non.movers
602619,933,a50_54,m,ao_esao_Filipino,official_lang,work.official_lang,no.married,apartment,non.movers
81052,933,a0_4,m,ao_sao_ei,official_lang,work.no.official_lang,no.married,apartment,non.movers
667792,933,a60_64,f,eo_fo,official_lang,work.no.official_lang,divorced,apartment,non.movers
818638,933,a30_34,f,ao_wcameo,official_lang,work.no.official_lang,married,apartment,external.movers
323843,933,a70_74,m,ao_esao_Chinese,no.official_lang,work.no.official_lang,married,apartment,non.movers
3424,933,a50_54,f,ao_esao_Filipino,official_lang,work.official_lang,married,single.detached.house,non.movers
572376,933,a70_74,f,ao_esao_Chinese,official_lang,work.no.official_lang,married,apartment,non.movers
667862,933,a65_69,m,ao_esao_Chinese,no.official_lang,work.no.official_lang,married,other.attached,non.movers
193675,933,a20_24,m,ao_sao_ei,official_lang,work.official_lang,married,apartment,non.movers
755795,933,a65_69,f,eo_bio_English,official_lang,work.no.official_lang,married,single.detached.house,non.movers
111029,933,a45_49,f,ao_esao_Filipino,official_lang,work.official_lang,no.married,apartment,non.movers
406951,933,a15_19,m,ao_oesao,official_lang,work.no.official_lang,no.married,single.detached.house,non.movers
748757,933,a70_74,f,ao_sao_ei,official_lang,work.no.official_lang,married,single.detached.house,non.movers
265380,933,a80_84,m,eo_bio_English,official_lang,work.no.official_lang,married,apartment,non.movers
904906,933,a30_34,f,ao_esao_Chinese,official_lang,work.official_lang,married,apartment,other.movers
410989,933,a50_54,m,ao_oesao,official_lang,work.official_lang,married,apartment,non.movers
486743,933,a60_64,f,ao_esao_Chinese,no.official_lang,work.no.official_lang,married,apartment,non.movers
588204,933,a30_34,f,ao_esao_Chinese,official_lang,work.no.official_lang,no.married,apartment,nonmigrants.movers
59080,933,a50_54,m,eo_weo_German,official_lang,work.official_lang,no.married,apartment,non.movers
746863,933,a70_74,m,eo_weo_German,official_lang,work.official_lang,divorced,apartment,non.movers
460391,933,a40_44,f,lcsao,official_lang,work.official_lang,married,apartment,non.movers
782994,933,a20_24,f,ao_esao_Chinese,official_lang,work.no.official_lang,no.married,other.attached,non.movers
410029,933,a35_39,m,eo_seo_Portuguese,official_lang,work.official_lang,no.married,single.detached.house,non.movers
198112,933,a80_84,m,eo_eeo_Ukrainian,official_lang,work.no.official_lang,married,single.detached.house,non.movers
716093,933,a85_,f,ao_sao_ei,no.official_lang,work.no.official_lang,married,apartment,non.movers
396921,933,a45_49,f,eo_bio_English,official_lang,work.official_lang,separated,apartment,non.movers
210590,933,a70_74,m,eo_bio_English,official_lang,work.no.official_lang,married,single.detached.house,non.movers
830291,933,a20_24,m,ao_esao_Chinese,official_lang,work.official_lang,no.married,apartment,non.movers
591618,933,a85_,m,eo_eeo_Ukrainian,official_lang,work.no.official_lang,married,single.detached.house,non.movers
342466,933,a40_44,m,ao_esao_Filipino,official_lang,work.official_lang,married,other.attached,non.movers
632334,933,a45_49,f,ao_esao_Chinese,official_lang,work.official_lang,living.common.law,apartment,non.movers
913384,933,a45_49,f,ao_esao_Chinese,official_lang,work.official_lang,no.married,apartment,non.movers
674393,933,a60_64,m,onao_Canadian,official_lang,work.official_lang,divorced,other.attached,non.movers
501830,933,a80_84,m,ao_esao_Chinese,no.official_lang,work.no.official_lang,married,single.detached.house,non.movers
459710,933,a40_44,m,ao_esao_Chinese,official_lang,work.official_lang,no.married,apartment,non.movers
27026,933,a55_59,f,ao_esao_Chinese,official_lang,work.official_lang,married,single.detached.house,non.movers
256452,933,a85_,f,eo_bio_English,official_lang,work.no.official_lang,widowed,single.detached.house,non.movers
732114,933,a15_19,f,onao_Canadian,official_lang,work.no.official_lang,no.married,single.detached.house,non.movers
900235,933,a25_29,f,ao_esao_Chinese,official_lang,work.official_lang,no.married,single.detached.house,non.movers
217765,933,a45_49,m,ao_sao_ei,no.official_lang,work.no.official_lang,married,single.detached.house,external.movers
405326,933,a15_19,m,ao_esao_Chinese,official_lang,work.official_lang,no.married,single.detached.house,nonmigrants.movers
760808,933,a10_14,m,lcsao,official_lang,work.no.official_lang,no.married,apartment,non.movers
283588,933,a45_49,m,eo_seo_Spanish,official_lang,work.no.official_lang,no.married,apartment,non.movers
397104,933,a35_39,m,onao_Canadian,official_lang,work.official_lang,living.common.law,single.detached.house,non.movers
745250,933,a50_54,f,eo_bio_English,official_lang,work.official_lang,married,single.detached.house,non.movers
599895,933,a15_19,m,ao_esao_Chinese,official_lang,work.no.official_lang,no.married,other.attached,external.movers
40131,933,a15_19,f,ao_esao_Filipino,official_lang,work.official_lang,no.married,apartment,non.movers
506611,933,a55_59,f,ao_esao_Chinese,official_lang,work.official_lang,married,apartment,non.movers
330510,933,a60_64,f,eo_bio_English,official_lang,work.official_lang,no.married,apartment,non.movers
362081,933,a50_54,f,ao_esao_Chinese,official_lang,work.official_lang,married,apartment,non.movers
784228,933,a0_4,m,ao_esao_Filipino,official_lang,work.no.official_lang,no.married,apartment,non.movers
473742,933,a20_24,m,ao_sao_ei,official_lang,work.official_lang,no.married,apartment,nonmigrants.movers
465116,933,a55_59,f,ao_sao_ei,no.official_lang,work.official_lang,married,single.detached.house,non.movers
848099,933,a85_,f,ao_sao_ei,no.official_lang,work.no.official_lang,widowed,apartment,non.movers
150775,933,a80_84,m,ao_esao_Chinese,no.official_lang,work.no.official_lang,widowed,apartment,non.movers
267677,933,a30_34,m,ao_esao_Filipino,official_lang,work.official_lang,living.common.law,apartment,non.movers
375012,933,a35_39,f,ao_esao_Chinese,official_lang,work.official_lang,no.married,apartment,non.movers
669774,933,a45_49,m,eo_fo,official_lang,work.official_lang,living.common.law,apartment,non.movers
364425,933,a40_44,m,onao_Canadian,official_lang,work.official_lang,married,apartment,non.movers
465632,933,a80_84,m,ao_esao_Chinese,official_lang,work.no.official_lang,married,apartment,non.movers
223909,933,a40_44,m,ao_esao_Filipino,official_lang,work.official_lang,married,apartment,external.movers
713092,933,a20_24,m,ao_sao_ei,official_lang,work.official_lang,no.married,apartment,non.movers
522661,933,a35_39,m,onao_Canadian,official_lang,work.official_lang,living.common.law,apartment,non.movers
207825,933,a20_24,m,ao_oesao,official_lang,work.official_lang,no.married,other.attached,non.movers
656681,933,a75_79,m,eo_bio_Scottish,official_lang,work.no.official_lang,married,apartment,non.movers
405251,933,a75_79,f,ao_esao_Chinese,no.official_lang,work.no.official_lang,married,apartment,non.movers
676082,933,a25_29,f,ao_esao_Chinese,official_lang,work.official_lang,living.common.law,other.attached,other.movers
496491,933,a70_74,f,ao_esao_Chinese,no.official_lang,work.no.official_lang,married,other.attached,external.movers
918186,933,a50_54,f,ao_esao_Chinese,official_lang,work.official_lang,no.married,apartment,non.movers
160999,933,a0_4,m,ao_osao,official_lang,work.no.official_lang,no.married,apartment,non.movers
182694,933,a30_34,f,ao_esao_Chinese,official_lang,work.no.official_lang,no.married,single.detached.house,non.movers
768004,933,a50_54,f,ao_esao_Filipino,official_lang,work.official_lang,married,apartment,non.movers
538344,933,a20_24,m,ao_esao_Chinese,official_lang,work.official_lang,no.married,single.detached.house,non.movers
856252,933,a75_79,m,eo_bio_English,official_lang,work.no.official_lang,living.common.law,single.detached.house,non.movers
657322,933,a85_,m,eo_seo_Italian,official_lang,work.no.official_lang,married,single.detached.house,non.movers
698932,933,a60_64,m,onao_Canadian,official_lang,work.no.official_lang,no.married,single.detached.house,non.movers
818676,933,a20_24,m,eo_weo_German,official_lang,work.official_lang,no.married,apartment,non.movers
393993,933,a40_44,f,eo_bio_English,official_lang,work.official_lang,married,apartment,non.movers
428406,933,a0_4,f,ao_oesao,official_lang,work.no.official_lang,no.married,apartment,non.movers
609987,933,a10_14,f,ao,official_lang,work.no.official_lang,no.married,other.attached,non.movers
93888,933,a40_44,m,ao_sao_ei,no.official_lang,work.no.official_lang,married,apartment,non.movers
646932,933,a40_44,f,eo_oweo,official_lang,work.official_lang,married,single.detached.house,non.movers
908405,933,a25_29,m,ao_sao_ei,official_lang,work.official_lang,no.married,single.detached.house,non.movers
203015,933,a60_64,f,eo_bio_English,official_lang,work.no.official_lang,married,single.detached.house,non.movers
223970,933,a5_9,m,ao_esao_Chinese,official_lang,work.no.official_lang,no.married,single.detached.house,nonmigrants.movers
94736,933,a25_29,f,ao_oesao,official_lang,work.official_lang,no.married,single.detached.house,non.movers
573717,933,a30_34,f,ao_esao_Filipino,official_lang,work.official_lang,no.married,other.attached,non.movers
910666,933,a45_49,m,ao_sao_ei,official_lang,work.official_lang,married,apartment,non.movers
305455,933,a25_29,f,ao_esao_Chinese,official_lang,work.official_lang,no.married,single.detached.house,non.movers
194858,933,a35_39,f,ao_esao_Chinese,official_lang,work.official_lang,married,apartment,non.movers
527468,933,a50_54,f,ao_osao,official_lang,work.no.official_lang,married,apartment,non.movers
518748,933,a35_39,f,eo_oeeo,official_lang,work.official_lang,married,apartment,non.movers
771654,933,a10_14,f,eo_bio_English,official_lang,work.no.official_lang,no.married,single.detached.house,non.movers
803279,933,a20_24,m,ao_esao_Chinese,official_lang,work.official_lang,no.married,other.attached,non.movers
318566,933,a45_49,m,ao_esao_Chinese,official_lang,work.official_lang,married,single.detached.house,non.movers
419662,933,a80_84,f,eo_bio_Irish,official_lang,work.no.official_lang,divorced,apartment,non.movers
506057,933,a50_54,f,eo_fo,official_lang,work.official_lang,married,single.detached.house,non.movers
612423,933,a40_44,m,onao_Canadian,official_lang,work.official_lang,no.married,single.detached.house,non.movers
114813,933,a30_34,m,eo_bio_English,official_lang,work.official_lang,no.married,single.detached.house,non.movers
714750,933,a35_39,f,ao_sao_ei,official_lang,work.official_lang,married,apartment,non.movers
517420,933,a25_29,m,ao_oesao,official_lang,work.no.official_lang,married,apartment,non.movers
283266,933,a15_19,f,eo_weo_German,official_lang,work.official_lang,no.married,single.detached.house,non.movers
414858,933,a35_39,m,ao_oesao,official_lang,work.official_lang,separated,apartment,non.movers
849037,933,a35_39,m,ao_oesao,official_lang,work.official_lang,married,other.attached,external.movers
811794,933,a55_59,m,ao_esao_Chinese,official_lang,work.official_lang,married,single.detached.house,non.movers
655935,933,a30_34,f,ao_wcameo,official_lang,work.no.official_lang,married,apartment,non.movers
250848,933,a25_29,m,eo_weo_German,official_lang,work.official_lang,no.married,apartment,nonmigrants.movers
634414,933,a35_39,f,onao_Canadian,official_lang,work.official_lang,married,single.detached.house,non.movers
128037,933,a0_4,f,ao_sao_ei,official_lang,work.no.official_lang,no.married,apartment,other.movers
684847,933,a20_24,m,ao_wcameo,official_lang,work.official_lang,no.married,apartment,nonmigrants.movers
389212,933,a65_69,m,eo_obio,official_lang,work.official_lang,married,single.detached.house,non.movers
440486,933,a35_39,m,eo_bio_Irish,official_lang,work.official_lang,no.married,apartment,non.movers
195407,933,a45_49,f,ao_esao_Chinese,no.official_lang,work.no.official_lang,married,apartment,non.movers
93338,933,a70_74,f,ao_esao_Filipino,official_lang,work.official_lang,widowed,apartment,external.movers
111626,933,a20_24,f,ao_esao_Filipino,official_lang,work.no.official_lang,no.married,apartment,non.movers
898962,933,a20_24,m,ao_sao_ei,official_lang,work.official_lang,no.married,apartment,non.movers
275241,933,a30_34,f,ao_oesao,official_lang,work.official_lang,married,apartment,nonmigrants.movers
399982,933,a20_24,f,onao_Canadian,official_lang,work.official_lang,no.married,apartment,other.movers
777565,933,a35_39,m,ao_osao,official_lang,work.no.official_lang,married,single.detached.house,non.movers
747247,933,a65_69,f,eo_weo_Dutch,official_lang,work.no.official_lang,married,single.detached.house,non.movers
699524,933,a55_59,f,eo_oeeo,official_lang,work.official_lang,married,single.detached.house,non.movers
14065,933,a15_19,m,ao_esao_Chinese,no.official_lang,work.no.official_lang,no.married,apartment,external.movers
456852,933,a40_44,f,eo_weo_German,official_lang,work.official_lang,no.married,other.attached,non.movers
204434,933,a50_54,m,ao_esao_Chinese,official_lang,work.official_lang,married,apartment,non.movers
466713,933,a35_39,f,ao_oesao,official_lang,work.official_lang,no.married,apartment,nonmigrants.movers
80779,933,a50_54,m,ao_esao_Chinese,official_lang,work.official_lang,married,apartment,non.movers
569060,933,a20_24,f,ao_sao_ei,official_lang,work.official_lang,no.married,apartment,non.movers
672566,933,a35_39,f,ao_esao_Chinese,official_lang,work.official_lang,married,apartment,non.movers
833463,933,a45_49,m,ao_esao_Chinese,no.official_lang,work.no.official_lang,married,apartment,non.movers
158329,933,a55_59,m,ao_esao_Chinese,no.official_lang,work.no.official_lang,married,apartment,non.movers
682913,933,a65_69,f,ao_esao_Filipino,official_lang,work.official_lang,widowed,apartment,non.movers
142423,933,a10_14,m,ao_wcameo,official_lang,work.no.official_lang,no.married,apartment,non.movers
400120,933,a60_64,m,ao_sao_ei,no.official_lang,work.no.official_lang,married,single.detached.house,non.movers
814304,933,a65_69,m,eo_bio_English,official_lang,work.official_lang,living.common.law,apartment,non.movers
546232,933,a80_84,m,eo_eeo_Ukrainian,official_lang,work.no.official_lang,divorced,apartment,non.movers
137346,933,a25_29,f,ao_sao_ei,official_lang,work.official_lang,married,single.detached.house,non.movers
914097,933,a40_44,f,ao_esao_Chinese,no.official_lang,work.no.official_lang,divorced,apartment,non.movers
841863,933,a75_79,f,eo_weo_German,official_lang,work.no.official_lang,married,apartment,non.movers
226463,933,a55_59,f,ao_esao_Chinese,official_lang,work.official_lang,married,single.detached.house,non.movers
449600,933,a70_74,m,ao_esao_Chinese,official_lang,work.no.official_lang,married,other.attached,non.movers
12054,933,a55_59,f,ao_esao_Chinese,official_lang,work.no.official_lang,no.married,apartment,non.movers
578014,933,a45_49,f,ao_esao_Chinese,official_lang,work.no.official_lang,married,other.attached,non.movers
404158,933,a20_24,f,ao_esao_Chinese,official_lang,work.official_lang,no.married,other.attached,non.movers
889510,933,a35_39,f,ao_esao_Chinese,official_lang,work.no.official_lang,married,apartment,non.movers
427769,933,a50_54,f,ao_esao_Filipino,official_lang,work.official_lang,living.common.law,apartment,non.movers
533516,933,a60_64,f,ao_sao_ei,no.official_lang,work.no.official_lang,widowed,apartment,non.movers
479155,933,a60_64,m,ao_esao_Chinese,official_lang,work.no.official_lang,married,apartment,non.movers
331830,933,a70_74,f,ao_esao_Chinese,official_lang,work.no.official_lang,married,other.attached,non.movers
787202,933,a25_29,f,ao_esao_Filipino,official_lang,work.official_lang,married,apartment,non.movers
721428,933,a45_49,f,ao_esao_Chinese,official_lang,work.no.official_lang,married,single.detached.house,external.movers
594271,933,a25_29,m,onao_Canadian,official_lang,work.official_lang,no.married,apartment,other.movers
709640,933,a55_59,m,onao_Canadian,official_lang,work.no.official_lang,no.married,apartment,non.movers
181459,933,a30_34,f,ao_sao_ei,official_lang,work.official_lang,married,single.detached.house,non.movers
209431,933,a15_19,m,ao_esao_Filipino,official_lang,work.no.official_lang,no.married,apartment,non.movers
792004,933,a60_64,m,ao_esao_Chinese,official_lang,work.no.official_lang,no.married,apartment,non.movers
778000,933,a30_34,f,ao_esao_Chinese,official_lang,work.official_lang,married,apartment,nonmigrants.movers
822306,933,a85_,f,ao_esao_Chinese,no.official_lang,work.no.official_lang,widowed,apartment,non.movers
537108,933,a25_29,f,eo_eeo_Ukrainian,official_lang,work.official_lang,no.married,apartment,non.movers
878049,933,a70_74,f,eo_oseo,official_lang,work.no.official_lang,living.common.law,apartment,non.movers
374812,933,a55_59,f,eo_seo_Italian,official_lang,work.no.official_lang,married,single.detached.house,non.movers
412959,933,a15_19,m,ao_esao_Chinese,official_lang,work.no.official_lang,no.married,single.detached.house,non.movers
632507,933,a60_64,f,ao_sao_ei,official_lang,work.no.official_lang,married,apartment,non.movers
464990,933,a85_,f,ao_esao_Chinese,no.official_lang,work.no.official_lang,widowed,other.attached,non.movers
579282,933,a60_64,f,ao_esao_Chinese,no.official_lang,work.no.official_lang,married,single.detached.house,non.movers
572990,933,a65_69,f,ao_esao_Chinese,official_lang,work.official_lang,married,apartment,non.movers
607038,933,a20_24,f,onao_Canadian,official_lang,work.no.official_lang,no.married,single.detached.house,non.movers
152604,933,a75_79,m,eo_neo,official_lang,work.no.official_lang,widowed,single.detached.house,non.movers
71318,933,a30_34,f,eo_seo_Italian,official_lang,work.official_lang,no.married,single.detached.house,non.movers
656070,933,a60_64,m,eo_seo_Italian,official_lang,work.official_lang,divorced,apartment,non.movers
519287,933,a45_49,m,lcsao,official_lang,work.official_lang,no.married,apartment,non.movers
314873,933,a55_59,f,naao,official_lang,work.official_lang,married,single.detached.house,non.movers
591897,933,a5_9,m,ao_esao_Chinese,official_lang,work.no.official_lang,no.married,apartment,non.movers
457180,933,a30_34,f,ao_sao_ei,official_lang,work.official_lang,married,apartment,non.movers
187031,933,a25_29,m,ao_oesao,official_lang,work.official_lang,no.married,apartment,non.movers
99435,933,a50_54,m,ao_wcameo,official_lang,work.official_lang,married,apartment,non.movers
871676,933,a15_19,m,ao_sao_ei,official_lang,work.official_lang,no.married,single.detached.house,nonmigrants.movers
42568,933,a60_64,f,ao_sao_ei,official_lang,work.official_lang,married,apartment,non.movers
790312,933,a60_64,m,ao_esao_Filipino,official_lang,work.no.official_lang,married,apartment,non.movers
143024,933,a55_59,m,eo_weo_Dutch,official_lang,work.official_lang,no.married,apartment,nonmigrants.movers
735170,933,a0_4,m,ao_esao_Chinese,official_lang,work.no.official_lang,no.married,other.attached,non.movers
506024,933,a75_79,m,eo_weo_German,official_lang,work.no.official_lang,married,other.attached,non.movers
69742,933,a75_79,m,eo_weo_German,official_lang,work.no.official_lang,married,other.attached,non.movers
448001,933,a20_24,m,oo,official_lang,work.official_lang,no.married,single.detached.house,non.movers
690192,933,a70_74,m,eo_oeeo,official_lang,work.official_lang,married,single.detached.house,non.movers
620101,933,a25_29,f,ao_sao_ei,official_lang,work.official_lang,no.married,apartment,non.movers
877351,933,a30_34,f,ao_osao,official_lang,work.no.official_lang,married,apartment,non.movers
916354,933,a45_49,m,ao_wcameo,official_lang,work.official_lang,living.common.law,apartment,non.movers
380806,933,a25_29,f,ao_oesao,official_lang,work.official_lang,no.married,apartment,non.movers
604548,933,a25_29,m,ao_oesao,official_lang,work.official_lang,no.married,apartment,non.movers
590197,933,a60_64,f,ao_wcameo,official_lang,work.official_lang,married,single.detached.house,non.movers
814922,933,a45_49,m,ao_esao_Chinese,official_lang,work.no.official_lang,married,single.detached.house,non.movers
185478,933,a55_59,m,ao_wcameo,official_lang,work.official_lang,married,single.detached.house,non.movers
768104,933,a35_39,f,eo_seo_Greek,official_lang,work.official_lang,living.common.law,apartment,non.movers
475715,933,a60_64,f,ao_esao_Filipino,official_lang,work.official_lang,married,single.detached.house,non.movers
189266,933,a45_49,f,ao,no.official_lang,work.no.official_lang,married,other.attached,non.movers
260286,933,a35_39,m,eo_fo,official_lang,work.official_lang,married,apartment,nonmigrants.movers
394624,933,a30_34,m,lcsao,official_lang,work.official_lang,no.married,apartment,non.movers
518458,933,a65_69,f,eo_oeeo,official_lang,work.no.official_lang,married,single.detached.house,other.movers
484471,933,a20_24,m,ao_esao_Chinese,official_lang,work.official_lang,no.married,other.attached,non.movers
661527,933,a5_9,f,ao_esao_Chinese,official_lang,work.no.official_lang,no.married,other.attached,non.movers
188815,933,a35_39,f,ao_wcameo,official_lang,work.official_lang,no.married,single.detached.house,non.movers
676875,933,a0_4,m,ao_esao_Chinese,official_lang,work.no.official_lang,no.married,single.detached.house,non.movers
372017,933,a55_59,f,ao_esao_Chinese,official_lang,work.official_lang,married,apartment,non.movers
818398,933,a15_19,m,ao_oesao,official_lang,work.no.official_lang,no.married,other.attached,non.movers
54695,933,a25_29,f,eo_bio_Irish,official_lang,work.official_lang,no.married,apartment,external.movers
266744,933,a80_84,m,eo_oseo,official_lang,work.no.official_lang,married,single.detached.house,non.movers
