"PPSORT","CMA","AGE","SEX","RACE","KOL","WORKLANG","MARST","DWEL","MOBL"
52279,933,"a55_59","f","ao_esao_Chinese","official_lang","work.official_lang","separated","single.detached.house","non.movers"
318182,933,"a45_49","f","ao_sao_ei","no.official_lang","work.official_lang","married","single.detached.house","non.movers"
917903,933,"a10_14","f","ao_esao_Chinese","official_lang","work.no.official_lang","no.married","other.attached","non.movers"
160114,933,"a35_39","m","onao_Canadian","official_lang","work.official_lang","no.married","single.detached.house","non.movers"
501637,933,"a30_34","f","ao_esao_Chinese","official_lang","work.official_lang","married","other.attached","nonmigrants.movers"
556385,933,"a25_29","f","onao_Canadian","official_lang","work.official_lang","no.married","other.attached","non.movers"
332446,933,"a25_29","m","ao_esao_Chinese","official_lang","work.no.official_lang","no.married","single.detached.house","non.movers"
9411,933,"a50_54","m","ao_oesao","official_lang","work.no.official_lang","married","other.attached","non.movers"
640334,933,"a30_34","f","ao_esao_Chinese","official_lang","work.official_lang","married","other.attached","non.movers"
444775,933,"a35_39","f","ao_oesao","official_lang","work.official_lang","married","other.attached","non.movers"
812336,933,"a5_9","f","ao_esao_Chinese","no.official_lang","work.no.official_lang","no.married","other.attached","non.movers"
223487,933,"a30_34","f","ao_oesao","official_lang","work.official_lang","married","other.attached","non.movers"
879059,933,"a30_34","m","onao_Canadian","official_lang","work.official_lang","no.married","other.attached","non.movers"
531116,933,"a55_59","m","ao_esao_Chinese","no.official_lang","work.no.official_lang","married","other.attached","non.movers"
368582,933,"a55_59","f","ao_esao_Chinese","no.official_lang","work.no.official_lang","married","other.attached","non.movers"
828871,933,"a20_24","m","ao_esao_Chinese","official_lang","work.no.official_lang","no.married","other.attached","non.movers"
465515,933,"a40_44","f","eo_eeo_Hungarian","official_lang","work.official_lang","living.common.law","other.attached","non.movers"
199123,933,"a35_39","m","ao_esao_Chinese","official_lang","work.official_lang","no.married","other.attached","non.movers"
312913,933,"a15_19","m","ao_esao_Chinese","official_lang","work.no.official_lang","no.married","other.attached","non.movers"
639694,933,"a70_74","m","eo_obio","official_lang","work.no.official_lang","married","other.attached","non.movers"
85301,933,"a25_29","f","ao_esao_Chinese","official_lang","work.official_lang","no.married","other.attached","non.movers"
107608,933,"a85_","f","ao_esao_Chinese","no.official_lang","work.no.official_lang","widowed","other.attached","non.movers"
557828,933,"a65_69","m","ao_esao_Chinese","no.official_lang","work.no.official_lang","married","other.attached","non.movers"
85368,933,"a35_39","f","ao_esao_Chinese","official_lang","work.no.official_lang","divorced","other.attached","non.movers"
289010,933,"a65_69","f","ao_esao_Chinese","no.official_lang","work.no.official_lang","widowed","other.attached","non.movers"
345242,933,"a50_54","f","ao_esao_Filipino","official_lang","work.official_lang","married","other.attached","non.movers"
307184,933,"a30_34","m","ao_esao_Chinese","official_lang","work.official_lang","no.married","other.attached","non.movers"
744778,933,"a65_69","f","ao_esao_Chinese","official_lang","work.no.official_lang","married","other.attached","non.movers"
497930,933,"a5_9","m","eo_bio_Scottish","official_lang","work.no.official_lang","no.married","single.detached.house","non.movers"
91874,933,"a65_69","f","eo_bio_Scottish","official_lang","work.no.official_lang","widowed","single.detached.house","non.movers"
432488,933,"a10_14","f","ao_esao_Chinese","official_lang","work.no.official_lang","no.married","other.attached","non.movers"
430375,933,"a50_54","m","ao_esao_Chinese","official_lang","work.official_lang","married","other.attached","non.movers"
310380,933,"a55_59","f","ao_oesao","no.official_lang","work.no.official_lang","living.common.law","other.attached","non.movers"
246530,933,"a20_24","m","ao_oesao","official_lang","work.official_lang","no.married","other.attached","non.movers"
763353,933,"a40_44","f","eo_oeeo","official_lang","work.official_lang","married","other.attached","non.movers"
339150,933,"a70_74","f","eo_eeo_Ukrainian","official_lang","work.no.official_lang","divorced","other.attached","non.movers"
818637,933,"a55_59","f","eo_seo_Italian","official_lang","work.official_lang","married","single.detached.house","non.movers"
119966,933,"a60_64","m","ao_esao_Chinese","no.official_lang","work.official_lang","married","other.attached","nonmigrants.movers"
603562,933,"a35_39","m","ao_esao_Chinese","official_lang","work.official_lang","married","other.attached","non.movers"
922661,933,"a75_79","f","ao_esao_Chinese","no.official_lang","work.no.official_lang","widowed","single.detached.house","non.movers"
153844,933,"a45_49","f","eo_oeeo","official_lang","work.official_lang","living.common.law","other.attached","non.movers"
649389,933,"a65_69","f","ao_esao_Chinese","no.official_lang","work.no.official_lang","married","other.attached","non.movers"
365033,933,"a35_39","f","eo_seo_Italian","official_lang","work.official_lang","no.married","other.attached","non.movers"
239055,933,"a75_79","f","eo_eeo_Ukrainian","official_lang","work.no.official_lang","no.married","other.attached","non.movers"
12324,933,"a45_49","m","ao_esao_Chinese","official_lang","work.official_lang","married","other.attached","non.movers"
409542,933,"a65_69","m","ao_esao_Chinese","official_lang","work.no.official_lang","separated","other.attached","non.movers"
257029,933,"a40_44","m","eo_bio_Scottish","official_lang","work.official_lang","married","other.attached","non.movers"
431980,933,"a40_44","m","onao_Canadian","official_lang","work.official_lang","married","other.attached","non.movers"
828142,933,"a40_44","f","eo_seo_Italian","official_lang","work.official_lang","separated","other.attached","non.movers"
158049,933,"a45_49","m","ao_esao_Chinese","no.official_lang","work.no.official_lang","married","single.detached.house","non.movers"
878222,933,"a50_54","m","ao_esao_Chinese","official_lang","work.official_lang","married","other.attached","non.movers"
73065,933,"a5_9","m","ao_oesao","official_lang","work.no.official_lang","no.married","other.attached","non.movers"
135969,933,"a75_79","m","eo_eeo_Ukrainian","official_lang","work.official_lang","married","other.attached","non.movers"
530880,933,"a30_34","m","ao_esao_Chinese","no.official_lang","work.no.official_lang","no.married","single.detached.house","non.movers"
281298,933,"a35_39","f","ao_esao_Chinese","no.official_lang","work.no.official_lang","married","other.attached","non.movers"
474101,933,"a55_59","f","ao_esao_Chinese","no.official_lang","work.no.official_lang","married","other.attached","non.movers"
120896,933,"a70_74","m","eo_weo_German","official_lang","work.no.official_lang","divorced","other.attached","nonmigrants.movers"
264120,933,"a30_34","f","eo_bio_English","official_lang","work.official_lang","no.married","other.attached","non.movers"
293778,933,"a20_24","m","ao_esao_Chinese","official_lang","work.official_lang","no.married","other.attached","non.movers"
762338,933,"a40_44","m","eo_eeo_Hungarian","official_lang","work.official_lang","living.common.law","other.attached","non.movers"
23534,933,"a30_34","m","ao_esao_Chinese","official_lang","work.official_lang","no.married","other.attached","non.movers"
577197,933,"a10_14","m","ao_esao_Chinese","official_lang","work.no.official_lang","no.married","other.attached","non.movers"
65975,933,"a0_4","m","onao_Canadian","official_lang","work.no.official_lang","no.married","single.detached.house","non.movers"
571010,933,"a5_9","f","ao_esao_Chinese","official_lang","work.no.official_lang","no.married","other.attached","non.movers"
279511,933,"a65_69","f","eo_seo_Italian","official_lang","work.no.official_lang","married","single.detached.house","non.movers"
5580,933,"a40_44","m","ao_oesao","official_lang","work.official_lang","married","other.attached","non.movers"
625449,933,"a40_44","f","eo_bio_English","official_lang","work.official_lang","married","other.attached","non.movers"
837074,933,"a60_64","f","ao_esao_Chinese","official_lang","work.official_lang","married","other.attached","non.movers"
608597,933,"a5_9","f","lcsao","official_lang","work.no.official_lang","no.married","other.attached","non.movers"
535056,933,"a0_4","m","lcsao","official_lang","work.no.official_lang","no.married","other.attached","non.movers"
211583,933,"a65_69","f","ao_esao_Chinese","no.official_lang","work.no.official_lang","married","other.attached","non.movers"
929318,933,"a60_64","f","ao_oesao","official_lang","work.no.official_lang","living.common.law","other.attached","non.movers"
901268,933,"a35_39","m","onao_Canadian","official_lang","work.official_lang","married","other.attached","non.movers"
451507,933,"a15_19","m","ao_esao_Filipino","official_lang","work.no.official_lang","no.married","other.attached","non.movers"
550997,933,"a20_24","f","ao_oesao","official_lang","work.official_lang","no.married","other.attached","non.movers"
467379,933,"a10_14","m","lcsao","official_lang","work.no.official_lang","no.married","other.attached","nonmigrants.movers"
532313,933,"a85_","m","eo_weo_German","official_lang","work.no.official_lang","married","single.detached.house","non.movers"
43370,933,"a20_24","f","ao_esao_Chinese","official_lang","work.official_lang","no.married","other.attached","non.movers"
868768,933,"a35_39","f","ao_esao_Chinese","official_lang","work.official_lang","no.married","single.detached.house","non.movers"
808015,933,"a20_24","f","ao_esao_Chinese","official_lang","work.official_lang","no.married","other.attached","non.movers"
150321,933,"a55_59","m","ao_oesao","no.official_lang","work.no.official_lang","divorced","other.attached","non.movers"
128709,933,"a45_49","m","eo_seo_Spanish","official_lang","work.official_lang","married","other.attached","non.movers"
790715,933,"a25_29","f","eo_seo_Spanish","official_lang","work.official_lang","no.married","other.attached","non.movers"
219892,933,"a45_49","m","eo_oeeo","official_lang","work.official_lang","married","other.attached","non.movers"
199320,933,"a40_44","m","ao_esao_Chinese","official_lang","work.official_lang","married","single.detached.house","non.movers"
902214,933,"a35_39","m","ao_oesao","official_lang","work.official_lang","no.married","other.attached","non.movers"
423328,933,"a70_74","m","ao_esao_Chinese","no.official_lang","work.no.official_lang","married","other.attached","non.movers"
574290,933,"a50_54","m","ao_esao_Chinese","official_lang","work.official_lang","married","other.attached","non.movers"
645670,933,"a35_39","m","ao_esao_Filipino","official_lang","work.official_lang","married","other.attached","non.movers"
293415,933,"a75_79","f","onao_Canadian","official_lang","work.no.official_lang","widowed","other.attached","non.movers"
179547,933,"a80_84","f","ao_esao_Chinese","no.official_lang","work.no.official_lang","widowed","other.attached","non.movers"
637925,933,"a50_54","m","eo_seo_Italian","official_lang","work.official_lang","living.common.law","other.attached","non.movers"
165648,933,"a25_29","m","lcsao","official_lang","work.official_lang","no.married","other.attached","non.movers"
598798,933,"a65_69","f","eo_bio_English","official_lang","work.no.official_lang","married","other.attached","non.movers"
857953,933,"a40_44","f","eo_seo_Italian","official_lang","work.official_lang","widowed","other.attached","non.movers"
621544,933,"a40_44","m","ao_esao_Chinese","no.official_lang","work.no.official_lang","divorced","other.attached","non.movers"
84890,933,"a85_","m","ao_esao_Chinese","no.official_lang","work.no.official_lang","married","other.attached","nonmigrants.movers"
614083,933,"a15_19","m","onao_Canadian","official_lang","work.official_lang","no.married","single.detached.house","non.movers"
302775,933,"a30_34","m","onao_Canadian","official_lang","work.official_lang","married","other.attached","non.movers"
822358,933,"a65_69","f","eo_bio_Scottish","official_lang","work.official_lang","married","single.detached.house","non.movers"
855756,933,"a55_59","f","ao_esao_Chinese","no.official_lang","work.no.official_lang","married","other.attached","non.movers"
168333,933,"a5_9","m","ao_esao_Chinese","official_lang","work.no.official_lang","no.married","other.attached","non.movers"
264706,933,"a55_59","f","ao_esao_Chinese","no.official_lang","work.no.official_lang","no.married","single.detached.house","non.movers"
696954,933,"a80_84","f","ao_esao_Chinese","no.official_lang","work.no.official_lang","married","other.attached","non.movers"
920673,933,"a25_29","m","ao_oesao","official_lang","work.no.official_lang","no.married","other.attached","non.movers"
93072,933,"a15_19","m","ao_oesao","official_lang","work.official_lang","no.married","other.attached","non.movers"
399099,933,"a10_14","m","eo_bio_Scottish","official_lang","work.no.official_lang","no.married","other.attached","non.movers"
295715,933,"a35_39","f","ao_oesao","official_lang","work.no.official_lang","separated","other.attached","non.movers"
862699,933,"a20_24","m","ao_oesao","official_lang","work.no.official_lang","no.married","other.attached","non.movers"
358318,933,"a40_44","f","eo_bio_Scottish","official_lang","work.official_lang","living.common.law","other.attached","non.movers"
28245,933,"a10_14","m","eo_eeo_Ukrainian","official_lang","work.no.official_lang","no.married","other.attached","non.movers"
768112,933,"a55_59","m","eo_obio","official_lang","work.official_lang","married","other.attached","non.movers"
58024,933,"a65_69","f","ao_esao_Chinese","no.official_lang","work.no.official_lang","married","other.attached","non.movers"
531454,933,"a50_54","m","eo_weo_German","official_lang","work.no.official_lang","married","other.attached","non.movers"
790452,933,"a40_44","f","ao_oesao","no.official_lang","work.official_lang","divorced","other.attached","non.movers"
833657,933,"a5_9","m","onao_Canadian","official_lang","work.no.official_lang","no.married","other.attached","non.movers"
276286,933,"a55_59","m","eo_seo_Italian","official_lang","work.official_lang","married","single.detached.house","non.movers"
157818,933,"a75_79","f","eo_weo_German","official_lang","work.no.official_lang","married","other.attached","non.movers"
851903,933,"a50_54","m","ao_esao_Chinese","official_lang","work.official_lang","married","other.attached","non.movers"
735555,933,"a40_44","f","ao_esao_Chinese","official_lang","work.official_lang","married","other.attached","non.movers"
924505,933,"a20_24","f","ao_oesao","official_lang","work.official_lang","no.married","other.attached","non.movers"
398744,933,"a35_39","m","ao_esao_Chinese","official_lang","work.official_lang","married","other.attached","non.movers"
919716,933,"a50_54","m","ao_esao_Chinese","official_lang","work.official_lang","no.married","other.attached","non.movers"
422413,933,"a20_24","f","lcsao","official_lang","work.official_lang","no.married","other.attached","non.movers"
777823,933,"a45_49","m","ao_oesao","no.official_lang","work.official_lang","married","other.attached","non.movers"
604321,933,"a10_14","m","ao_esao_Chinese","official_lang","work.no.official_lang","no.married","other.attached","non.movers"
713202,933,"a20_24","f","ao_esao_Chinese","official_lang","work.official_lang","no.married","single.detached.house","non.movers"
192032,933,"a50_54","m","ao_esao_Chinese","official_lang","work.no.official_lang","married","other.attached","non.movers"
780274,933,"a50_54","f","ao_oesao","official_lang","work.official_lang","married","other.attached","nonmigrants.movers"
273381,933,"a45_49","f","ao_oesao","official_lang","work.no.official_lang","married","other.attached","non.movers"
571758,933,"a60_64","m","eo_bio_Scottish","official_lang","work.official_lang","married","other.attached","non.movers"
324724,933,"a65_69","m","ao_esao_Chinese","official_lang","work.no.official_lang","married","other.attached","non.movers"
317721,933,"a35_39","m","eo_seo_Italian","official_lang","work.official_lang","married","other.attached","non.movers"
15365,933,"a65_69","m","eo_bio_Scottish","official_lang","work.official_lang","married","other.attached","non.movers"
613899,933,"a0_4","f","ao_esao_Chinese","no.official_lang","work.no.official_lang","no.married","other.attached","non.movers"
576087,933,"a50_54","f","ao_esao_Chinese","official_lang","work.official_lang","no.married","other.attached","non.movers"
304185,933,"a60_64","m","eo_obio","official_lang","work.official_lang","married","other.attached","non.movers"
450872,933,"a25_29","m","ao_esao_Chinese","official_lang","work.official_lang","no.married","single.detached.house","non.movers"
200940,933,"a80_84","m","ao_esao_Chinese","official_lang","work.no.official_lang","no.married","other.attached","non.movers"
171901,933,"a40_44","m","onao","official_lang","work.official_lang","married","other.attached","non.movers"
171901,933,"a40_44","m","onao","official_lang","work.official_lang","married","other.attached","non.movers"
704305,933,"a5_9","m","onao","official_lang","work.no.official_lang","no.married","other.attached","non.movers"
704305,933,"a5_9","m","onao","official_lang","work.no.official_lang","no.married","other.attached","non.movers"
882024,933,"a10_14","m","eo_bio_English","official_lang","work.no.official_lang","no.married","other.attached","non.movers"
80265,933,"a10_14","m","ao_esao_Chinese","official_lang","work.no.official_lang","no.married","single.detached.house","non.movers"
36181,933,"a70_74","f","eo_bio_English","official_lang","work.no.official_lang","living.common.law","other.attached","non.movers"
127445,933,"a25_29","f","ao_esao_Chinese","official_lang","work.no.official_lang","no.married","single.detached.house","non.movers"
599947,933,"a35_39","f","lcsao","official_lang","work.no.official_lang","married","other.attached","non.movers"
348034,933,"a5_9","f","ao_esao_Chinese","official_lang","work.no.official_lang","no.married","other.attached","non.movers"
414636,933,"a65_69","m","eo_bio_Scottish","official_lang","work.no.official_lang","married","single.detached.house","non.movers"
478243,933,"a5_9","f","eo_oeeo","official_lang","work.no.official_lang","no.married","other.attached","non.movers"
439049,933,"a20_24","m","ao_esao_Chinese","official_lang","work.no.official_lang","no.married","other.attached","non.movers"
315289,933,"a75_79","m","ao_esao_Chinese","no.official_lang","work.no.official_lang","married","other.attached","non.movers"
355901,933,"a70_74","f","ao_esao_Chinese","no.official_lang","work.no.official_lang","married","other.attached","non.movers"
755243,933,"a45_49","m","ao_esao_Chinese","official_lang","work.official_lang","married","other.attached","non.movers"
498428,933,"a20_24","m","ao_esao_Chinese","official_lang","work.no.official_lang","no.married","other.attached","non.movers"
289500,933,"a25_29","m","ao_esao_Chinese","official_lang","work.official_lang","no.married","other.attached","non.movers"
912458,933,"a5_9","m","naao","official_lang","work.no.official_lang","no.married","other.attached","non.movers"
604230,933,"a35_39","f","ao_esao_Chinese","official_lang","work.official_lang","married","other.attached","non.movers"
57258,933,"a35_39","m","ao_esao_Chinese","official_lang","work.official_lang","married","other.attached","non.movers"
334512,933,"a65_69","f","ao_esao_Chinese","no.official_lang","work.no.official_lang","married","other.attached","non.movers"
712544,933,"a25_29","f","ao_esao_Chinese","no.official_lang","work.official_lang","living.common.law","other.attached","non.movers"
752674,933,"a65_69","f","eo_weo_German","official_lang","work.official_lang","married","other.attached","non.movers"
898544,933,"a55_59","f","eo_obio","official_lang","work.official_lang","married","other.attached","non.movers"
365242,933,"a10_14","f","eo_seo_Italian","official_lang","work.no.official_lang","no.married","other.attached","non.movers"
803279,933,"a20_24","m","ao_esao_Chinese","official_lang","work.official_lang","no.married","other.attached","non.movers"
594012,933,"a15_19","m","eo_seo_Italian","official_lang","work.official_lang","no.married","other.attached","non.movers"
584704,933,"a20_24","f","ao_esao_Chinese","official_lang","work.no.official_lang","no.married","other.attached","nonmigrants.movers"
164668,933,"a55_59","m","ao_esao_Chinese","no.official_lang","work.no.official_lang","divorced","other.attached","non.movers"
281576,933,"a55_59","m","ao_esao_Chinese","official_lang","work.official_lang","married","other.attached","non.movers"
628388,933,"a30_34","m","ao","official_lang","work.official_lang","married","other.attached","non.movers"
817228,933,"a25_29","f","ao_esao_Chinese","official_lang","work.official_lang","no.married","other.attached","non.movers"
455254,933,"a45_49","m","ao_esao_Chinese","official_lang","work.official_lang","married","other.attached","non.movers"
371254,933,"a15_19","f","eo_seo_Italian","official_lang","work.official_lang","no.married","single.detached.house","non.movers"
195486,933,"a20_24","f","ao_esao_Chinese","official_lang","work.official_lang","no.married","other.attached","non.movers"
871075,933,"a80_84","m","eo_eeo_Ukrainian","official_lang","work.no.official_lang","married","other.attached","non.movers"
109316,933,"a25_29","f","ao_esao_Chinese","official_lang","work.no.official_lang","no.married","other.attached","nonmigrants.movers"
403782,933,"a20_24","f","ao_esao_Chinese","official_lang","work.official_lang","no.married","other.attached","non.movers"
378731,933,"a0_4","m","ao_esao_Chinese","official_lang","work.no.official_lang","no.married","other.attached","non.movers"
34479,933,"a45_49","m","ao_esao_Chinese","official_lang","work.official_lang","married","other.attached","non.movers"
211144,933,"a60_64","m","ao_esao_Chinese","no.official_lang","work.no.official_lang","divorced","other.attached","non.movers"
276123,933,"a10_14","m","onao_Canadian","official_lang","work.no.official_lang","no.married","other.attached","non.movers"
705127,933,"a5_9","f","ao_oesao","official_lang","work.no.official_lang","no.married","other.attached","non.movers"
427671,933,"a75_79","f","ao_esao_Chinese","no.official_lang","work.no.official_lang","widowed","single.detached.house","non.movers"
282028,933,"a15_19","m","ao_oesao","official_lang","work.no.official_lang","no.married","other.attached","non.movers"
270327,933,"a45_49","m","ao","official_lang","work.official_lang","married","other.attached","non.movers"
867668,933,"a80_84","f","ao_esao_Chinese","official_lang","work.no.official_lang","married","other.attached","non.movers"
38555,933,"a25_29","m","ao_esao_Chinese","official_lang","work.official_lang","no.married","other.attached","non.movers"
699224,933,"a50_54","m","ao_oesao","no.official_lang","work.no.official_lang","married","other.attached","non.movers"
864491,933,"a20_24","f","ao_esao_Chinese","official_lang","work.no.official_lang","no.married","other.attached","non.movers"
415748,933,"a0_4","m","ao_oesao","official_lang","work.no.official_lang","no.married","other.attached","non.movers"
161541,933,"a60_64","f","ao_esao_Chinese","no.official_lang","work.no.official_lang","widowed","other.attached","non.movers"
285826,933,"a25_29","f","ao_esao_Chinese","official_lang","work.official_lang","living.common.law","other.attached","non.movers"
756864,933,"a45_49","f","ao_esao_Chinese","official_lang","work.official_lang","married","other.attached","non.movers"
669486,933,"a10_14","m","onao_Canadian","official_lang","work.no.official_lang","no.married","other.attached","non.movers"
334566,933,"a30_34","m","eo_eeo_Ukrainian","official_lang","work.no.official_lang","no.married","other.attached","non.movers"
117107,933,"a45_49","f","ao_esao_Chinese","no.official_lang","work.no.official_lang","married","other.attached","non.movers"
706126,933,"a35_39","f","ao_oesao","official_lang","work.official_lang","living.common.law","other.attached","non.movers"
409736,933,"a10_14","m","ao_esao_Chinese","official_lang","work.no.official_lang","no.married","single.detached.house","non.movers"
585201,933,"a75_79","f","onao_Canadian","official_lang","work.no.official_lang","married","other.attached","non.movers"
26447,933,"a10_14","m","ao_oesao","official_lang","work.no.official_lang","no.married","other.attached","non.movers"
20199,933,"a20_24","m","ao_esao_Chinese","official_lang","work.official_lang","no.married","other.attached","non.movers"
168731,933,"a10_14","m","ao_esao_Chinese","official_lang","work.no.official_lang","no.married","other.attached","non.movers"
339076,933,"a0_4","f","onao_Canadian","official_lang","work.no.official_lang","no.married","other.attached","non.movers"
634296,933,"a20_24","f","ao_esao_Chinese","official_lang","work.no.official_lang","married","other.attached","nonmigrants.movers"
600757,933,"a40_44","f","onao_Canadian","official_lang","work.official_lang","married","other.attached","non.movers"
616209,933,"a60_64","f","eo_weo_German","official_lang","work.official_lang","divorced","other.attached","non.movers"
469781,933,"a40_44","f","ao_sao_ei","official_lang","work.official_lang","married","other.attached","non.movers"
406799,933,"a30_34","m","ao_esao_Chinese","official_lang","work.official_lang","married","other.attached","non.movers"
329096,933,"a55_59","m","ao_esao_Chinese","no.official_lang","work.no.official_lang","married","other.attached","non.movers"
217205,933,"a45_49","f","ao_sao_ei","official_lang","work.official_lang","divorced","single.detached.house","non.movers"
501927,933,"a45_49","m","ao_esao_Chinese","official_lang","work.official_lang","married","other.attached","non.movers"
144986,933,"a5_9","f","onao_Canadian","official_lang","work.no.official_lang","no.married","other.attached","non.movers"
744107,933,"a60_64","f","eo_seo_Italian","official_lang","work.official_lang","married","single.detached.house","non.movers"
32856,933,"a70_74","f","eo_eeo_Russian","official_lang","work.no.official_lang","widowed","other.attached","non.movers"
721638,933,"a25_29","m","ao_esao_Chinese","no.official_lang","work.no.official_lang","no.married","other.attached","nonmigrants.movers"
144266,933,"a85_","m","eo_bio_English","official_lang","work.no.official_lang","widowed","other.attached","non.movers"
859311,933,"a50_54","f","ao_esao_Chinese","no.official_lang","work.official_lang","married","other.attached","non.movers"
119426,933,"a15_19","m","ao_esao_Chinese","official_lang","work.official_lang","no.married","other.attached","non.movers"
30486,933,"a85_","f","ao_esao_Chinese","no.official_lang","work.no.official_lang","widowed","single.detached.house","non.movers"
162119,933,"a5_9","m","onao_Canadian","official_lang","work.no.official_lang","no.married","other.attached","non.movers"
715234,933,"a35_39","f","ao_esao_Chinese","official_lang","work.official_lang","married","other.attached","non.movers"
880580,933,"a0_4","m","ao_esao_Chinese","official_lang","work.no.official_lang","no.married","other.attached","non.movers"
598508,933,"a55_59","f","onao_Canadian","official_lang","work.no.official_lang","divorced","other.attached","non.movers"
818983,933,"a55_59","m","onao_Canadian","official_lang","work.official_lang","married","other.attached","non.movers"
470365,933,"a60_64","f","ao_esao_Chinese","official_lang","work.official_lang","widowed","other.attached","non.movers"
105518,933,"a30_34","f","ao_esao_Chinese","official_lang","work.official_lang","no.married","other.attached","non.movers"
571738,933,"a40_44","f","ao_esao_Chinese","official_lang","work.no.official_lang","married","other.attached","non.movers"
364141,933,"a15_19","f","ao_esao_Chinese","official_lang","work.no.official_lang","no.married","other.attached","non.movers"
791812,933,"a75_79","m","ao_esao_Chinese","official_lang","work.no.official_lang","married","other.attached","non.movers"
570100,933,"a35_39","f","ao_oesao","official_lang","work.no.official_lang","married","other.attached","non.movers"
841683,933,"a5_9","m","ao_oesao","official_lang","work.no.official_lang","no.married","other.attached","non.movers"
454541,933,"a40_44","m","ao_oesao","official_lang","work.official_lang","married","other.attached","nonmigrants.movers"
556361,933,"a5_9","m","ao_oesao","official_lang","work.no.official_lang","no.married","other.attached","non.movers"
300761,933,"a20_24","f","lcsao","official_lang","work.official_lang","no.married","other.attached","non.movers"
692686,933,"a20_24","f","ao_esao_Filipino","official_lang","work.official_lang","no.married","other.attached","non.movers"
260237,933,"a15_19","m","ao_oesao","official_lang","work.no.official_lang","no.married","other.attached","non.movers"
648429,933,"a80_84","f","ao_esao_Chinese","no.official_lang","work.no.official_lang","divorced","other.attached","non.movers"
460833,933,"a25_29","f","ao_esao_Chinese","official_lang","work.no.official_lang","married","other.attached","non.movers"
168555,933,"a40_44","f","onao_Canadian","official_lang","work.official_lang","no.married","other.attached","non.movers"
706587,933,"a25_29","f","ao_esao_Chinese","official_lang","work.official_lang","no.married","other.attached","non.movers"
181862,933,"a45_49","m","onao_Canadian","official_lang","work.official_lang","living.common.law","other.attached","non.movers"
358631,933,"a20_24","m","ao_oesao","official_lang","work.official_lang","no.married","other.attached","non.movers"
1701,933,"a45_49","m","ao_esao_Chinese","official_lang","work.no.official_lang","married","other.attached","non.movers"
648761,933,"a45_49","m","ao_esao_Chinese","official_lang","work.official_lang","married","other.attached","non.movers"
597034,933,"a30_34","f","eo_bio_Scottish","official_lang","work.official_lang","no.married","other.attached","non.movers"
929072,933,"a10_14","m","ao","official_lang","work.no.official_lang","no.married","other.attached","non.movers"
404158,933,"a20_24","f","ao_esao_Chinese","official_lang","work.official_lang","no.married","other.attached","non.movers"
325100,933,"a5_9","f","ao_esao_Chinese","official_lang","work.no.official_lang","no.married","other.attached","non.movers"
594792,933,"a35_39","f","ao_esao_Chinese","official_lang","work.official_lang","married","other.attached","non.movers"
888933,933,"a50_54","m","onao_Canadian","official_lang","work.official_lang","living.common.law","other.attached","non.movers"
135337,933,"a20_24","m","ao_oesao","official_lang","work.official_lang","no.married","other.attached","non.movers"
170948,933,"a35_39","f","ao_oesao","official_lang","work.official_lang","no.married","other.attached","non.movers"
147314,933,"a15_19","f","ao_esao_Filipino","official_lang","work.official_lang","no.married","other.attached","nonmigrants.movers"
769086,933,"a0_4","f","ao_esao_Chinese","official_lang","work.no.official_lang","no.married","single.detached.house","non.movers"
772625,933,"a45_49","m","ao_esao_Chinese","official_lang","work.official_lang","married","other.attached","non.movers"
497154,933,"a40_44","f","ao_esao_Chinese","official_lang","work.official_lang","married","other.attached","non.movers"
45258,933,"a20_24","m","ao_oesao","official_lang","work.official_lang","no.married","other.attached","non.movers"
251171,933,"a70_74","m","ao_esao_Chinese","no.official_lang","work.no.official_lang","married","other.attached","non.movers"
647571,933,"a55_59","m","ao_esao_Chinese","official_lang","work.official_lang","no.married","single.detached.house","non.movers"
408344,933,"a25_29","m","ao_esao_Chinese","official_lang","work.official_lang","no.married","single.detached.house","non.movers"
686297,933,"a70_74","m","ao_esao_Chinese","official_lang","work.official_lang","married","other.attached","non.movers"
607445,933,"a30_34","m","eo_seo_Portuguese","official_lang","work.official_lang","married","other.attached","non.movers"
605816,933,"a45_49","m","ao_esao_Chinese","no.official_lang","work.no.official_lang","married","other.attached","non.movers"
589776,933,"a65_69","m","ao_esao_Chinese","no.official_lang","work.no.official_lang","living.common.law","other.attached","non.movers"
663810,933,"a40_44","f","ao_sao_ei","official_lang","work.official_lang","married","other.attached","non.movers"
29064,933,"a60_64","f","ao_esao_Chinese","official_lang","work.no.official_lang","widowed","single.detached.house","non.movers"
84612,933,"a50_54","f","ao_esao_Chinese","no.official_lang","work.no.official_lang","separated","other.attached","non.movers"
189212,933,"a70_74","m","eo_oeeo","official_lang","work.no.official_lang","married","other.attached","non.movers"
557671,933,"a10_14","m","ao_esao_Chinese","official_lang","work.no.official_lang","no.married","single.detached.house","non.movers"
893929,933,"a20_24","f","ao_esao_Chinese","official_lang","work.no.official_lang","no.married","other.attached","non.movers"
134214,933,"a55_59","f","ao_esao_Chinese","official_lang","work.official_lang","married","other.attached","non.movers"
231636,933,"a10_14","m","onao_Canadian","official_lang","work.no.official_lang","no.married","other.attached","non.movers"
233198,933,"a15_19","m","ao_esao_Chinese","no.official_lang","work.no.official_lang","no.married","other.attached","non.movers"
629935,933,"a65_69","m","eo_seo_Spanish","no.official_lang","work.no.official_lang","married","other.attached","non.movers"
693252,933,"a40_44","f","ao_oesao","official_lang","work.official_lang","married","other.attached","non.movers"
394557,933,"a5_9","f","ao_esao_Chinese","no.official_lang","work.no.official_lang","no.married","other.attached","non.movers"
239602,933,"a40_44","f","ao_esao_Chinese","official_lang","work.no.official_lang","married","other.attached","non.movers"
400387,933,"a30_34","m","eo_seo_Italian","official_lang","work.official_lang","married","other.attached","non.movers"
761480,933,"a40_44","m","ao_oesao","official_lang","work.official_lang","married","other.attached","nonmigrants.movers"
646785,933,"a20_24","f","lcsao","official_lang","work.official_lang","no.married","other.attached","non.movers"
750239,933,"a65_69","f","ao_esao_Chinese","official_lang","work.no.official_lang","married","other.attached","non.movers"
669430,933,"a60_64","m","ao_esao_Chinese","official_lang","work.official_lang","married","other.attached","non.movers"
30096,933,"a15_19","f","ao_esao_Chinese","official_lang","work.no.official_lang","no.married","other.attached","non.movers"
617881,933,"a40_44","m","ao_esao_Chinese","official_lang","work.official_lang","married","other.attached","non.movers"
458820,933,"a5_9","m","ao_esao_Chinese","official_lang","work.no.official_lang","no.married","other.attached","non.movers"
158043,933,"a15_19","f","ao_esao_Filipino","official_lang","work.official_lang","no.married","other.attached","non.movers"
899328,933,"a10_14","f","naao","official_lang","work.no.official_lang","no.married","other.attached","non.movers"
652974,933,"a60_64","f","ao_esao_Chinese","official_lang","work.official_lang","divorced","other.attached","non.movers"
461284,933,"a25_29","m","ao_esao_Chinese","official_lang","work.no.official_lang","no.married","single.detached.house","non.movers"
85530,933,"a30_34","m","ao_esao_Chinese","official_lang","work.official_lang","no.married","other.attached","non.movers"
540180,933,"a25_29","f","ao_esao_Chinese","official_lang","work.official_lang","no.married","other.attached","non.movers"
643971,933,"a50_54","m","ao_esao_Chinese","official_lang","work.official_lang","married","other.attached","non.movers"
824294,933,"a20_24","f","ao_esao_Chinese","official_lang","work.official_lang","no.married","other.attached","non.movers"
356454,933,"a35_39","m","ao_esao_Chinese","official_lang","work.official_lang","no.married","other.attached","non.movers"
97833,933,"a25_29","m","ao_esao_Chinese","official_lang","work.official_lang","no.married","other.attached","non.movers"
549646,933,"a55_59","m","ao_esao_Chinese","official_lang","work.no.official_lang","married","single.detached.house","non.movers"
261642,933,"a10_14","m","ao_esao_Chinese","official_lang","work.no.official_lang","no.married","other.attached","non.movers"
699701,933,"a45_49","m","oo","official_lang","work.official_lang","living.common.law","other.attached","non.movers"
236474,933,"a20_24","m","ao_esao_Chinese","official_lang","work.official_lang","no.married","other.attached","non.movers"
54422,933,"a80_84","m","ao_esao_Chinese","no.official_lang","work.no.official_lang","married","other.attached","non.movers"
917590,933,"a75_79","f","ao_esao_Chinese","no.official_lang","work.no.official_lang","married","other.attached","non.movers"
443577,933,"a85_","f","eo_bio_Scottish","official_lang","work.no.official_lang","married","other.attached","non.movers"
617361,933,"a70_74","m","ao_esao_Chinese","no.official_lang","work.no.official_lang","separated","other.attached","non.movers"
129818,933,"a30_34","f","lcsao","official_lang","work.official_lang","no.married","other.attached","non.movers"
862587,933,"a65_69","m","ao_esao_Chinese","official_lang","work.no.official_lang","living.common.law","other.attached","non.movers"
598181,933,"a65_69","m","ao_esao_Chinese","official_lang","work.no.official_lang","married","other.attached","non.movers"
751692,933,"a75_79","f","ao_esao_Chinese","no.official_lang","work.no.official_lang","married","other.attached","non.movers"
682090,933,"a10_14","m","eo_bio_Scottish","official_lang","work.no.official_lang","no.married","other.attached","non.movers"
384119,933,"a25_29","f","ao_esao_Chinese","official_lang","work.no.official_lang","married","single.detached.house","non.movers"
217663,933,"a30_34","f","ao_esao_Chinese","official_lang","work.no.official_lang","living.common.law","other.attached","non.movers"
229562,933,"a45_49","f","ao_esao_Chinese","official_lang","work.official_lang","separated","other.attached","non.movers"
522416,933,"a20_24","f","ao_esao_Chinese","official_lang","work.official_lang","no.married","other.attached","non.movers"
79354,933,"a85_","f","eo_bio_English","official_lang","work.no.official_lang","widowed","other.attached","non.movers"
110380,933,"a10_14","m","ao_esao_Chinese","official_lang","work.no.official_lang","no.married","other.attached","non.movers"
82625,933,"a45_49","f","eo_eeo_Russian","official_lang","work.no.official_lang","married","other.attached","non.movers"
805687,933,"a30_34","m","ao_esao_Chinese","official_lang","work.no.official_lang","married","other.attached","non.movers"
844758,933,"a15_19","f","ao_esao_Chinese","official_lang","work.official_lang","no.married","other.attached","non.movers"
599966,933,"a80_84","f","ao_esao_Chinese","official_lang","work.no.official_lang","widowed","other.attached","non.movers"
919381,933,"a75_79","f","ao_esao_Chinese","no.official_lang","work.no.official_lang","married","other.attached","non.movers"
77667,933,"a30_34","f","ao_esao_Chinese","official_lang","work.official_lang","no.married","other.attached","non.movers"
415202,933,"a25_29","f","ao_esao_Chinese","official_lang","work.official_lang","no.married","other.attached","non.movers"
180687,933,"a25_29","m","ao_esao_Chinese","no.official_lang","work.official_lang","married","other.attached","nonmigrants.movers"
61400,933,"a55_59","f","ao_oesao","no.official_lang","work.no.official_lang","married","other.attached","non.movers"
460169,933,"a40_44","f","ao_esao_Chinese","official_lang","work.no.official_lang","separated","other.attached","non.movers"
374812,933,"a55_59","f","eo_seo_Italian","official_lang","work.no.official_lang","married","single.detached.house","non.movers"
490519,933,"a30_34","m","eo_seo_Italian","official_lang","work.official_lang","no.married","single.detached.house","non.movers"
151144,933,"a35_39","m","eo_seo_Italian","official_lang","work.official_lang","married","other.attached","non.movers"
474063,933,"a60_64","f","ao_oesao","no.official_lang","work.no.official_lang","married","other.attached","non.movers"
419005,933,"a85_","m","eo_bio_Irish","official_lang","work.no.official_lang","married","other.attached","non.movers"
512817,933,"a25_29","m","ao_esao_Chinese","official_lang","work.official_lang","no.married","other.attached","non.movers"
119695,933,"a60_64","m","eo_eeo_Ukrainian","official_lang","work.official_lang","married","other.attached","non.movers"
681176,933,"a15_19","m","eo_seo_Portuguese","official_lang","work.no.official_lang","no.married","other.attached","non.movers"
711363,933,"a35_39","f","ao_sao_ei","official_lang","work.official_lang","no.married","other.attached","non.movers"
573481,933,"a60_64","f","eo_weo_German","official_lang","work.official_lang","no.married","other.attached","non.movers"
499408,933,"a45_49","m","ao_esao_Chinese","official_lang","work.official_lang","married","other.attached","non.movers"
181473,933,"a20_24","f","ao_esao_Chinese","official_lang","work.official_lang","no.married","other.attached","non.movers"
374717,933,"a55_59","f","eo_eeo_Ukrainian","official_lang","work.official_lang","married","other.attached","nonmigrants.movers"
733220,933,"a45_49","f","ao_oesao","official_lang","work.official_lang","married","other.attached","non.movers"
16808,933,"a15_19","f","ao_oesao","official_lang","work.no.official_lang","no.married","other.attached","non.movers"
489820,933,"a55_59","f","ao_esao_Chinese","no.official_lang","work.no.official_lang","widowed","other.attached","non.movers"
628212,933,"a0_4","f","naao","official_lang","work.no.official_lang","no.married","other.attached","non.movers"
57999,933,"a15_19","f","ao_esao_Chinese","official_lang","work.official_lang","no.married","other.attached","non.movers"
506024,933,"a75_79","m","eo_weo_German","official_lang","work.no.official_lang","married","other.attached","non.movers"
652506,933,"a40_44","m","ao_esao_Chinese","official_lang","work.official_lang","married","other.attached","non.movers"
337596,933,"a40_44","f","ao_esao_Filipino","official_lang","work.official_lang","married","other.attached","non.movers"
591372,933,"a55_59","m","ao_esao_Chinese","official_lang","work.official_lang","married","other.attached","non.movers"
140088,933,"a20_24","f","ao_esao_Chinese","official_lang","work.no.official_lang","no.married","other.attached","non.movers"
728619,933,"a5_9","f","eo_seo_Italian","official_lang","work.no.official_lang","no.married","other.attached","nonmigrants.movers"
805116,933,"a0_4","f","eo_seo_Italian","official_lang","work.no.official_lang","no.married","other.attached","nonmigrants.movers"
81379,933,"a65_69","m","ao_esao_Chinese","official_lang","work.no.official_lang","separated","other.attached","non.movers"
189474,933,"a20_24","f","ao_esao_Chinese","official_lang","work.official_lang","no.married","other.attached","non.movers"
271371,933,"a30_34","m","ao_oesao","official_lang","work.no.official_lang","no.married","other.attached","non.movers"
685294,933,"a15_19","f","ao_esao_Chinese","official_lang","work.no.official_lang","no.married","other.attached","non.movers"
735082,933,"a60_64","m","ao_esao_Chinese","official_lang","work.official_lang","married","single.detached.house","non.movers"
601534,933,"a40_44","m","eo_weo_German","official_lang","work.official_lang","living.common.law","other.attached","non.movers"
468440,933,"a65_69","m","ao_esao_Chinese","official_lang","work.no.official_lang","married","other.attached","non.movers"
733270,933,"a10_14","m","ao_esao_Chinese","official_lang","work.no.official_lang","no.married","other.attached","non.movers"
690919,933,"a20_24","m","oo","official_lang","work.official_lang","no.married","other.attached","non.movers"
883153,933,"a20_24","f","oo","official_lang","work.official_lang","no.married","other.attached","non.movers"
96315,933,"a55_59","m","naao","official_lang","work.official_lang","married","other.attached","non.movers"
837181,933,"a35_39","f","ao","no.official_lang","work.no.official_lang","married","other.attached","non.movers"
263057,933,"a30_34","m","ao_esao_Chinese","official_lang","work.official_lang","no.married","other.attached","nonmigrants.movers"
178415,933,"a25_29","f","ao_esao_Chinese","official_lang","work.official_lang","married","other.attached","non.movers"
76274,933,"a5_9","m","naao","official_lang","work.no.official_lang","no.married","other.attached","non.movers"
919625,933,"a55_59","m","ao_esao_Chinese","no.official_lang","work.no.official_lang","married","other.attached","non.movers"
314002,933,"a40_44","f","ao_esao_Chinese","no.official_lang","work.no.official_lang","married","other.attached","non.movers"
582975,933,"a10_14","m","ao_oesao","official_lang","work.no.official_lang","no.married","other.attached","non.movers"
90515,933,"a65_69","m","ao_esao_Chinese","official_lang","work.official_lang","married","other.attached","nonmigrants.movers"
735231,933,"a45_49","f","ao_esao_Chinese","official_lang","work.official_lang","living.common.law","other.attached","non.movers"
390616,933,"a45_49","f","ao_esao_Filipino","official_lang","work.official_lang","married","other.attached","non.movers"
515153,933,"a15_19","m","ao_esao_Filipino","official_lang","work.no.official_lang","no.married","other.attached","non.movers"
415612,933,"a45_49","f","ao_esao_Chinese","official_lang","work.official_lang","divorced","other.attached","non.movers"
325563,933,"a55_59","m","ao_esao_Chinese","official_lang","work.no.official_lang","married","other.attached","non.movers"
187193,933,"a35_39","m","ao_esao_Chinese","official_lang","work.no.official_lang","no.married","other.attached","non.movers"
888162,933,"a10_14","m","onao_Canadian","official_lang","work.no.official_lang","no.married","other.attached","non.movers"
590474,933,"a20_24","m","ao_oesao","official_lang","work.official_lang","no.married","other.attached","non.movers"
820673,933,"a30_34","f","eo_seo_Portuguese","official_lang","work.official_lang","divorced","other.attached","non.movers"
231748,933,"a45_49","m","lcsao","official_lang","work.official_lang","married","other.attached","nonmigrants.movers"
508019,933,"a20_24","f","ao_esao_Filipino","official_lang","work.no.official_lang","no.married","other.attached","non.movers"
757348,933,"a40_44","m","ao_esao_Chinese","official_lang","work.official_lang","no.married","other.attached","non.movers"
33754,933,"a65_69","m","ao_esao_Chinese","official_lang","work.no.official_lang","married","other.attached","non.movers"
756117,933,"a25_29","f","ao_esao_Filipino","official_lang","work.no.official_lang","married","other.attached","nonmigrants.movers"
512185,933,"a5_9","f","ao_oesao","official_lang","work.no.official_lang","no.married","other.attached","non.movers"
95033,933,"a85_","f","ao_esao_Chinese","official_lang","work.no.official_lang","married","single.detached.house","non.movers"
448001,933,"a20_24","m","oo","official_lang","work.official_lang","no.married","single.detached.house","non.movers"
624579,933,"a55_59","f","ao_esao_Chinese","official_lang","work.official_lang","married","single.detached.house","non.movers"
877113,933,"a70_74","m","ao_esao_Chinese","no.official_lang","work.no.official_lang","married","single.detached.house","non.movers"
669337,933,"a65_69","m","ao_esao_Chinese","no.official_lang","work.no.official_lang","married","other.attached","non.movers"
80661,933,"a20_24","m","eo_seo_Portuguese","official_lang","work.official_lang","no.married","other.attached","non.movers"
622840,933,"a55_59","f","ao_esao_Chinese","official_lang","work.no.official_lang","separated","other.attached","non.movers"
501603,933,"a40_44","m","ao_oesao","official_lang","work.official_lang","married","other.attached","nonmigrants.movers"
293560,933,"a20_24","f","ao_oesao","official_lang","work.official_lang","no.married","other.attached","non.movers"
282173,933,"a50_54","f","ao_oesao","no.official_lang","work.official_lang","married","other.attached","non.movers"
850484,933,"a30_34","f","eo_bio_Scottish","official_lang","work.official_lang","married","other.attached","non.movers"
613989,933,"a55_59","f","ao_oesao","official_lang","work.official_lang","married","other.attached","non.movers"
636145,933,"a25_29","m","ao_esao_Chinese","official_lang","work.official_lang","no.married","other.attached","non.movers"
910406,933,"a55_59","f","ao_esao_Chinese","official_lang","work.no.official_lang","married","other.attached","non.movers"
771009,933,"a50_54","m","ao_esao_Chinese","no.official_lang","work.no.official_lang","married","other.attached","non.movers"
341203,933,"a60_64","m","ao_oesao","official_lang","work.no.official_lang","married","other.attached","non.movers"
600075,933,"a15_19","f","ao_esao_Chinese","official_lang","work.official_lang","no.married","single.detached.house","non.movers"
337689,933,"a20_24","m","ao_esao_Chinese","official_lang","work.no.official_lang","no.married","other.attached","non.movers"
308468,933,"a65_69","m","eo_bio_Scottish","official_lang","work.no.official_lang","no.married","other.attached","non.movers"
614565,933,"a10_14","f","naao","official_lang","work.no.official_lang","no.married","other.attached","non.movers"
882355,933,"a65_69","m","ao_esao_Chinese","no.official_lang","work.no.official_lang","married","other.attached","non.movers"
47172,933,"a65_69","f","ao_esao_Chinese","no.official_lang","work.no.official_lang","married","other.attached","non.movers"
586979,933,"a70_74","m","eo_eeo_Ukrainian","official_lang","work.no.official_lang","married","other.attached","non.movers"
906808,933,"a10_14","f","ao_esao_Chinese","official_lang","work.no.official_lang","no.married","other.attached","nonmigrants.movers"
202539,933,"a40_44","m","onao","official_lang","work.official_lang","married","other.attached","non.movers"
202539,933,"a40_44","m","onao","official_lang","work.official_lang","married","other.attached","non.movers"
713543,933,"a55_59","m","ao_esao_Filipino","official_lang","work.official_lang","married","other.attached","non.movers"
668466,933,"a10_14","m","ao_esao_Filipino","official_lang","work.no.official_lang","no.married","other.attached","non.movers"
205884,933,"a40_44","f","ao_esao_Chinese","official_lang","work.official_lang","married","other.attached","non.movers"
366917,933,"a35_39","f","ao_esao_Chinese","official_lang","work.no.official_lang","separated","single.detached.house","nonmigrants.movers"
552645,933,"a60_64","m","ao_esao_Chinese","no.official_lang","work.no.official_lang","married","other.attached","non.movers"
375535,933,"a25_29","m","ao_esao_Chinese","official_lang","work.official_lang","no.married","other.attached","non.movers"
854645,933,"a5_9","m","ao_esao_Chinese","official_lang","work.no.official_lang","no.married","other.attached","non.movers"
381466,933,"a60_64","f","ao_esao_Chinese","no.official_lang","work.no.official_lang","married","other.attached","non.movers"
741650,933,"a55_59","m","ao_esao_Chinese","official_lang","work.no.official_lang","married","other.attached","non.movers"
632157,933,"a25_29","m","onao_Canadian","official_lang","work.official_lang","no.married","other.attached","non.movers"
31015,933,"a35_39","m","ao_esao_Filipino","official_lang","work.official_lang","no.married","other.attached","non.movers"
412834,933,"a20_24","f","ao_esao_Chinese","official_lang","work.official_lang","no.married","other.attached","non.movers"
236759,933,"a30_34","f","ao_oesao","official_lang","work.no.official_lang","living.common.law","single.detached.house","non.movers"
574738,933,"a25_29","f","ao_oesao","official_lang","work.official_lang","no.married","other.attached","non.movers"
813838,933,"a45_49","m","eo_obio","official_lang","work.official_lang","married","other.attached","non.movers"
642717,933,"a65_69","f","ao_esao_Chinese","official_lang","work.official_lang","married","other.attached","non.movers"
183094,933,"a75_79","f","ao_esao_Chinese","official_lang","work.no.official_lang","widowed","other.attached","non.movers"
822520,933,"a35_39","m","ao_esao_Filipino","official_lang","work.official_lang","married","other.attached","non.movers"
466405,933,"a20_24","f","ao_oesao","official_lang","work.official_lang","no.married","other.attached","non.movers"
406656,933,"a20_24","m","ao_oesao","official_lang","work.official_lang","no.married","other.attached","non.movers"
790377,933,"a30_34","f","ao_esao_Chinese","official_lang","work.official_lang","no.married","other.attached","non.movers"
283004,933,"a50_54","f","lcsao","official_lang","work.no.official_lang","no.married","other.attached","non.movers"
211483,933,"a30_34","f","ao_esao_Filipino","official_lang","work.official_lang","married","other.attached","non.movers"
582649,933,"a10_14","m","oo","official_lang","work.no.official_lang","no.married","other.attached","non.movers"
495547,933,"a5_9","m","ao_oesao","official_lang","work.no.official_lang","no.married","other.attached","non.movers"
913248,933,"a30_34","m","eo_seo_Portuguese","official_lang","work.official_lang","married","other.attached","non.movers"
85587,933,"a60_64","f","eo_eeo_Ukrainian","official_lang","work.no.official_lang","no.married","other.attached","non.movers"
712230,933,"a50_54","f","ao_oesao","official_lang","work.official_lang","married","other.attached","non.movers"
906101,933,"a65_69","m","ao_esao_Chinese","no.official_lang","work.no.official_lang","married","other.attached","non.movers"
855731,933,"a25_29","m","ao_esao_Chinese","official_lang","work.official_lang","no.married","other.attached","non.movers"
560028,933,"a60_64","f","ao_esao_Chinese","no.official_lang","work.no.official_lang","married","other.attached","non.movers"
731783,933,"a30_34","f","onao_Canadian","official_lang","work.official_lang","married","other.attached","non.movers"
713325,933,"a25_29","f","ao_esao_Chinese","official_lang","work.official_lang","no.married","other.attached","non.movers"
205499,933,"a35_39","m","eo_oeeo","official_lang","work.official_lang","no.married","other.attached","non.movers"
96738,933,"a55_59","m","ao_esao_Chinese","no.official_lang","work.no.official_lang","married","other.attached","non.movers"
694284,933,"a25_29","f","eo_bio_Irish","official_lang","work.official_lang","no.married","other.attached","non.movers"
735029,933,"a20_24","f","ao_esao_Chinese","official_lang","work.official_lang","no.married","other.attached","non.movers"
899787,933,"a20_24","m","ao_oesao","official_lang","work.official_lang","no.married","other.attached","non.movers"
411566,933,"a0_4","m","ao_esao_Chinese","no.official_lang","work.no.official_lang","no.married","other.attached","non.movers"
575772,933,"a70_74","m","ao_esao_Chinese","no.official_lang","work.no.official_lang","married","single.detached.house","non.movers"
883891,933,"a20_24","m","ao_esao_Chinese","official_lang","work.no.official_lang","no.married","other.attached","nonmigrants.movers"
600259,933,"a75_79","f","ao_esao_Chinese","official_lang","work.no.official_lang","married","other.attached","non.movers"
911296,933,"a55_59","m","ao_esao_Chinese","official_lang","work.no.official_lang","married","other.attached","non.movers"
700483,933,"a75_79","f","ao_esao_Chinese","official_lang","work.no.official_lang","divorced","other.attached","non.movers"
564736,933,"a50_54","f","ao_esao_Chinese","official_lang","work.official_lang","married","single.detached.house","nonmigrants.movers"
2822,933,"a45_49","f","ao_esao_Chinese","official_lang","work.official_lang","no.married","other.attached","non.movers"
400129,933,"a85_","f","ao_esao_Chinese","no.official_lang","work.no.official_lang","widowed","other.attached","non.movers"
421366,933,"a20_24","f","ao_esao_Chinese","official_lang","work.official_lang","no.married","other.attached","non.movers"
746781,933,"a65_69","f","ao_esao_Chinese","official_lang","work.official_lang","married","other.attached","non.movers"
507446,933,"a60_64","m","eo_oeeo","official_lang","work.official_lang","married","other.attached","non.movers"
497007,933,"a50_54","f","ao_esao_Chinese","no.official_lang","work.no.official_lang","married","other.attached","non.movers"
599867,933,"a65_69","f","ao_esao_Chinese","official_lang","work.official_lang","married","single.detached.house","non.movers"
662844,933,"a85_","f","ao_esao_Chinese","no.official_lang","work.no.official_lang","married","other.attached","non.movers"
738644,933,"a60_64","f","ao_esao_Chinese","official_lang","work.official_lang","married","other.attached","non.movers"
746937,933,"a15_19","f","ao_esao_Chinese","official_lang","work.official_lang","no.married","other.attached","non.movers"
79543,933,"a20_24","f","ao_esao_Chinese","official_lang","work.no.official_lang","no.married","other.attached","non.movers"
583872,933,"a55_59","f","ao_esao_Filipino","official_lang","work.official_lang","separated","other.attached","non.movers"
811238,933,"a65_69","m","ao_esao_Chinese","no.official_lang","work.no.official_lang","married","other.attached","non.movers"
120905,933,"a15_19","m","eo_seo_Italian","official_lang","work.official_lang","no.married","other.attached","non.movers"
882867,933,"a50_54","f","ao_esao_Chinese","no.official_lang","work.no.official_lang","divorced","other.attached","non.movers"
459731,933,"a10_14","f","eo_eeo_Russian","official_lang","work.no.official_lang","no.married","other.attached","non.movers"
18197,933,"a55_59","f","ao_esao_Chinese","official_lang","work.no.official_lang","married","other.attached","non.movers"
435443,933,"a85_","m","eo_obio","official_lang","work.no.official_lang","married","single.detached.house","non.movers"
450201,933,"a40_44","f","ao_esao_Chinese","official_lang","work.no.official_lang","no.married","other.attached","non.movers"
663599,933,"a60_64","f","eo_fo","official_lang","work.official_lang","living.common.law","other.attached","non.movers"
902960,933,"a40_44","m","eo_bio_English","official_lang","work.official_lang","married","other.attached","non.movers"
362923,933,"a35_39","m","ao_esao_Chinese","official_lang","work.official_lang","no.married","other.attached","non.movers"
262134,933,"a15_19","m","onao","official_lang","work.no.official_lang","no.married","single.detached.house","non.movers"
95959,933,"a50_54","m","ao_esao_Chinese","official_lang","work.official_lang","married","other.attached","non.movers"
315187,933,"a15_19","f","eo_bio_Irish","official_lang","work.no.official_lang","no.married","other.attached","non.movers"
531620,933,"a10_14","f","ao_esao_Chinese","official_lang","work.no.official_lang","no.married","other.attached","non.movers"
387188,933,"a35_39","m","ao_esao_Chinese","official_lang","work.official_lang","married","other.attached","non.movers"
373824,933,"a30_34","f","lcsao","official_lang","work.official_lang","living.common.law","other.attached","non.movers"
766646,933,"a40_44","m","eo_obio","official_lang","work.official_lang","married","other.attached","non.movers"
18262,933,"a25_29","m","eo_bio_Scottish","official_lang","work.official_lang","no.married","other.attached","non.movers"
328877,933,"a50_54","m","ao_esao_Chinese","official_lang","work.no.official_lang","married","other.attached","non.movers"
823789,933,"a15_19","f","ao_esao_Filipino","official_lang","work.official_lang","no.married","other.attached","non.movers"
20985,933,"a55_59","f","ao_esao_Chinese","official_lang","work.official_lang","married","other.attached","non.movers"
378291,933,"a15_19","f","ao_esao_Chinese","official_lang","work.official_lang","no.married","other.attached","non.movers"
278586,933,"a55_59","m","eo_weo_German","official_lang","work.official_lang","married","other.attached","non.movers"
678530,933,"a45_49","f","ao_esao_Chinese","official_lang","work.no.official_lang","no.married","other.attached","non.movers"
705530,933,"a40_44","m","ao_esao_Chinese","no.official_lang","work.no.official_lang","no.married","other.attached","nonmigrants.movers"
271803,933,"a30_34","f","ao_oesao","official_lang","work.official_lang","divorced","other.attached","nonmigrants.movers"
119798,933,"a35_39","f","ao_esao_Chinese","official_lang","work.official_lang","married","other.attached","non.movers"
866029,933,"a55_59","m","onao","official_lang","work.official_lang","married","other.attached","non.movers"
74992,933,"a70_74","m","eo_obio","official_lang","work.no.official_lang","married","other.attached","non.movers"
357898,933,"a55_59","f","ao_esao_Chinese","official_lang","work.official_lang","married","other.attached","non.movers"
416321,933,"a25_29","f","eo_bio_Irish","official_lang","work.official_lang","no.married","other.attached","non.movers"
394031,933,"a45_49","m","ao_esao_Chinese","no.official_lang","work.no.official_lang","married","other.attached","non.movers"
34884,933,"a10_14","f","ao_esao_Chinese","official_lang","work.no.official_lang","no.married","other.attached","non.movers"
139290,933,"a65_69","m","ao_esao_Chinese","official_lang","work.no.official_lang","married","single.detached.house","non.movers"
276385,933,"a55_59","f","ao_esao_Chinese","no.official_lang","work.no.official_lang","married","single.detached.house","non.movers"
873269,933,"a55_59","f","eo_weo_German","official_lang","work.official_lang","no.married","other.attached","non.movers"
190421,933,"a45_49","m","ao_esao_Chinese","no.official_lang","work.no.official_lang","married","other.attached","non.movers"
742265,933,"a35_39","m","eo_bio_Irish","official_lang","work.official_lang","married","other.attached","non.movers"
681216,933,"a55_59","f","eo_seo_Spanish","official_lang","work.official_lang","married","other.attached","non.movers"
773580,933,"a60_64","m","ao_oesao","official_lang","work.official_lang","married","other.attached","non.movers"
344736,933,"a80_84","f","ao_esao_Chinese","no.official_lang","work.no.official_lang","widowed","single.detached.house","non.movers"
24272,933,"a20_24","f","ao_oesao","official_lang","work.official_lang","no.married","other.attached","non.movers"
766377,933,"a75_79","f","ao_esao_Chinese","no.official_lang","work.no.official_lang","widowed","other.attached","non.movers"
880804,933,"a20_24","f","ao_esao_Chinese","official_lang","work.no.official_lang","married","other.attached","non.movers"
813939,933,"a5_9","f","ao_esao_Chinese","official_lang","work.no.official_lang","no.married","other.attached","non.movers"
578872,933,"a80_84","m","eo_weo_German","official_lang","work.no.official_lang","widowed","other.attached","non.movers"
677611,933,"a20_24","m","ao_esao_Chinese","official_lang","work.no.official_lang","no.married","other.attached","nonmigrants.movers"
60245,933,"a60_64","m","naao","official_lang","work.official_lang","no.married","other.attached","non.movers"
352609,933,"a25_29","m","onao_Canadian","official_lang","work.official_lang","no.married","single.detached.house","non.movers"
832410,933,"a25_29","m","ao_oesao","official_lang","work.official_lang","no.married","other.attached","non.movers"
670745,933,"a70_74","m","eo_bio_Irish","official_lang","work.official_lang","divorced","other.attached","non.movers"
543766,933,"a70_74","m","ao_esao_Chinese","official_lang","work.no.official_lang","no.married","other.attached","non.movers"
851250,933,"a5_9","m","eo_eeo_Russian","official_lang","work.no.official_lang","no.married","other.attached","non.movers"
767390,933,"a35_39","f","ao_esao_Chinese","official_lang","work.official_lang","married","other.attached","non.movers"
466896,933,"a10_14","f","ao_esao_Chinese","official_lang","work.no.official_lang","no.married","other.attached","non.movers"
240842,933,"a70_74","m","eo_bio_Scottish","official_lang","work.no.official_lang","no.married","other.attached","non.movers"
905348,933,"a15_19","f","ao_esao_Chinese","official_lang","work.no.official_lang","no.married","other.attached","non.movers"
260870,933,"a40_44","f","ao_esao_Chinese","official_lang","work.official_lang","married","other.attached","non.movers"
102551,933,"a35_39","m","eo_seo_Italian","official_lang","work.official_lang","no.married","other.attached","non.movers"
673500,933,"a40_44","m","ao_oesao","official_lang","work.no.official_lang","married","other.attached","nonmigrants.movers"
818546,933,"a70_74","m","eo_obio","official_lang","work.official_lang","married","other.attached","non.movers"
73728,933,"a70_74","f","eo_bio_Scottish","official_lang","work.no.official_lang","married","other.attached","non.movers"
302379,933,"a25_29","m","eo_weo_German","official_lang","work.official_lang","living.common.law","other.attached","non.movers"
196151,933,"a60_64","f","onao","official_lang","work.official_lang","living.common.law","other.attached","non.movers"
712248,933,"a25_29","f","ao_oesao","official_lang","work.official_lang","no.married","other.attached","non.movers"
833246,933,"a60_64","f","eo_bio_English","official_lang","work.official_lang","living.common.law","other.attached","non.movers"
234945,933,"a50_54","m","ao_esao_Chinese","no.official_lang","work.no.official_lang","living.common.law","other.attached","non.movers"
240430,933,"a20_24","m","ao_esao_Chinese","official_lang","work.official_lang","no.married","other.attached","non.movers"
57461,933,"a15_19","m","ao_esao_Chinese","no.official_lang","work.no.official_lang","no.married","other.attached","non.movers"
712475,933,"a0_4","m","eo_seo_Spanish","official_lang","work.no.official_lang","no.married","other.attached","non.movers"
547405,933,"a65_69","m","ao_esao_Chinese","no.official_lang","work.no.official_lang","married","other.attached","non.movers"
441184,933,"a0_4","f","ao_esao_Chinese","official_lang","work.no.official_lang","no.married","single.detached.house","nonmigrants.movers"
177803,933,"a45_49","m","ao_esao_Chinese","official_lang","work.no.official_lang","living.common.law","other.attached","non.movers"
715230,933,"a40_44","m","ao_oesao","no.official_lang","work.official_lang","married","other.attached","non.movers"
193260,933,"a55_59","m","onao_Canadian","official_lang","work.official_lang","divorced","other.attached","nonmigrants.movers"
259561,933,"a35_39","m","ao_esao_Chinese","official_lang","work.official_lang","married","other.attached","non.movers"
735464,933,"a60_64","f","ao_esao_Chinese","no.official_lang","work.official_lang","married","single.detached.house","non.movers"
564274,933,"a30_34","f","ao_esao_Chinese","official_lang","work.official_lang","married","single.detached.house","non.movers"
153736,933,"a40_44","m","ao_esao_Chinese","official_lang","work.official_lang","no.married","single.detached.house","non.movers"
75953,933,"a85_","m","eo_weo_German","official_lang","work.no.official_lang","married","other.attached","non.movers"
92925,933,"a15_19","m","eo_bio_Irish","official_lang","work.official_lang","no.married","other.attached","non.movers"
799960,933,"a75_79","f","eo_bio_English","official_lang","work.no.official_lang","widowed","other.attached","non.movers"
412736,933,"a30_34","m","onao_Canadian","official_lang","work.official_lang","married","other.attached","non.movers"
484688,933,"a0_4","m","ao_oesao","official_lang","work.no.official_lang","no.married","other.attached","non.movers"
23818,933,"a45_49","f","ao_oesao","official_lang","work.official_lang","married","other.attached","non.movers"
71085,933,"a40_44","f","ao_esao_Filipino","official_lang","work.official_lang","married","other.attached","non.movers"
891334,933,"a15_19","f","onao_Canadian","official_lang","work.no.official_lang","no.married","other.attached","non.movers"
353265,933,"a20_24","m","ao","official_lang","work.no.official_lang","no.married","other.attached","non.movers"
690589,933,"a50_54","m","eo_eeo_Ukrainian","official_lang","work.official_lang","no.married","other.attached","non.movers"
238675,933,"a50_54","f","eo_eeo_Ukrainian","official_lang","work.official_lang","married","other.attached","non.movers"
760678,933,"a80_84","f","ao_esao_Chinese","no.official_lang","work.no.official_lang","married","other.attached","non.movers"
166307,933,"a10_14","m","ao_esao_Chinese","official_lang","work.no.official_lang","no.married","other.attached","non.movers"
542682,933,"a45_49","f","ao_esao_Chinese","official_lang","work.official_lang","married","other.attached","non.movers"
785151,933,"a5_9","m","onao_Canadian","official_lang","work.no.official_lang","no.married","other.attached","non.movers"
103454,933,"a40_44","f","eo_bio_English","official_lang","work.official_lang","divorced","other.attached","non.movers"
156695,933,"a75_79","m","eo_weo_German","official_lang","work.no.official_lang","married","other.attached","non.movers"
112666,933,"a80_84","f","eo_weo_German","official_lang","work.no.official_lang","widowed","other.attached","non.movers"
430191,933,"a65_69","m","ao_oesao","official_lang","work.no.official_lang","married","other.attached","non.movers"
