"PPSORT","CMA","AGE","SEX","RACE","KOL","WORKLANG","MARST","DWEL","MOBL"
668097,933,"a10_14","f","ao","official_lang","work.no.official_lang","no.married","other.attached","non.movers"
626766,933,"a35_39","m","ao_sao_ei","official_lang","work.official_lang","married","other.attached","non.movers"
476141,933,"a35_39","m","ao_esao_Chinese","official_lang","work.official_lang","married","other.attached","non.movers"
39593,933,"a50_54","f","eo_weo_Dutch","official_lang","work.official_lang","married","other.attached","non.movers"
221809,933,"a0_4","f","onao_Canadian","official_lang","work.no.official_lang","no.married","other.attached","other.movers"
217686,933,"a20_24","m","ao_wcameo","official_lang","work.no.official_lang","no.married","other.attached","non.movers"
274004,933,"a20_24","m","ao_esao_Chinese","official_lang","work.no.official_lang","no.married","other.attached","other.movers"
538019,933,"a30_34","m","ao_sao_ei","official_lang","work.official_lang","married","other.attached","nonmigrants.movers"
547424,933,"a70_74","m","eo_fo","official_lang","work.no.official_lang","married","single.detached.house","non.movers"
127504,933,"a5_9","m","ao_sao_ei","no.official_lang","work.no.official_lang","no.married","other.attached","non.movers"
517500,933,"a0_4","f","ao_sao_ei","no.official_lang","work.no.official_lang","no.married","other.attached","other.movers"
77152,933,"a65_69","f","ao_sao_ei","no.official_lang","work.no.official_lang","married","single.detached.house","non.movers"
861692,933,"a80_84","m","eo_bio_English","official_lang","work.no.official_lang","married","single.detached.house","non.movers"
245715,933,"a80_84","m","onao_Canadian","official_lang","work.no.official_lang","married","other.attached","non.movers"
829601,933,"a70_74","f","eo_neo","official_lang","work.official_lang","widowed","other.attached","non.movers"
887151,933,"a55_59","m","eo_obio","official_lang","work.official_lang","married","single.detached.house","non.movers"
486537,933,"a70_74","f","onao_Canadian","official_lang","work.no.official_lang","widowed","other.attached","non.movers"
378781,933,"a10_14","f","onao_Canadian","official_lang","work.no.official_lang","no.married","other.attached","other.movers"
163641,933,"a10_14","f","eo_oseo","official_lang","work.no.official_lang","no.married","other.attached","other.movers"
248677,933,"a0_4","m","eo_oseo","official_lang","work.no.official_lang","no.married","other.attached","other.movers"
690371,933,"a55_59","f","eo_weo_German","official_lang","work.no.official_lang","living.common.law","single.detached.house","non.movers"
144997,933,"a55_59","m","eo_oeeo","official_lang","work.official_lang","married","other.attached","non.movers"
368407,933,"a55_59","m","eo_eeo_Polish","official_lang","work.official_lang","married","other.attached","non.movers"
314199,933,"a0_4","m","onao_Canadian","official_lang","work.no.official_lang","no.married","other.attached","other.movers"
315352,933,"a70_74","m","ao_sao_ei","official_lang","work.no.official_lang","married","other.attached","non.movers"
365558,933,"a75_79","f","eo_bio_Scottish","official_lang","work.no.official_lang","divorced","other.attached","non.movers"
744636,933,"a20_24","f","ao_sao_ei","official_lang","work.official_lang","no.married","other.attached","non.movers"
139276,933,"a50_54","f","onao_Canadian","official_lang","work.official_lang","widowed","single.detached.house","non.movers"
1779,933,"a75_79","m","eo_bio_English","official_lang","work.no.official_lang","married","other.attached","non.movers"
656190,933,"a10_14","f","ao_oesao","official_lang","work.no.official_lang","no.married","other.attached","non.movers"
192505,933,"a0_4","f","eo_neo","official_lang","work.no.official_lang","no.married","other.attached","non.movers"
589156,933,"a70_74","f","eo_eeo_Ukrainian","official_lang","work.no.official_lang","married","other.attached","non.movers"
265388,933,"a50_54","f","ao_sao_ei","no.official_lang","work.official_lang","divorced","other.attached","nonmigrants.movers"
462159,933,"a60_64","m","eo_neo","official_lang","work.official_lang","divorced","single.detached.house","non.movers"
180794,933,"a65_69","f","eo_weo_Dutch","official_lang","work.no.official_lang","married","other.attached","non.movers"
309898,933,"a25_29","f","eo_bio_English","official_lang","work.no.official_lang","no.married","other.attached","non.movers"
449992,933,"a20_24","m","eo_bio_English","official_lang","work.no.official_lang","no.married","other.attached","non.movers"
235362,933,"a75_79","m","eo_oseo","no.official_lang","work.no.official_lang","married","other.attached","non.movers"
121982,933,"a0_4","m","onao_Canadian","official_lang","work.no.official_lang","no.married","other.attached","non.movers"
287641,933,"a60_64","m","eo_weo_Dutch","official_lang","work.no.official_lang","no.married","other.attached","non.movers"
218694,933,"a30_34","f","lcsao","official_lang","work.official_lang","separated","other.attached","non.movers"
20743,933,"a15_19","m","lcsao","official_lang","work.no.official_lang","no.married","single.detached.house","non.movers"
733648,933,"a80_84","m","eo_bio_English","official_lang","work.no.official_lang","married","other.attached","non.movers"
302017,933,"a75_79","f","ao_esao_Filipino","official_lang","work.no.official_lang","widowed","other.attached","non.movers"
639694,933,"a70_74","m","eo_obio","official_lang","work.no.official_lang","married","other.attached","non.movers"
228764,933,"a50_54","f","eo_bio_English","official_lang","work.official_lang","married","single.detached.house","non.movers"
145748,933,"a25_29","f","eo_weo_German","official_lang","work.official_lang","married","other.attached","non.movers"
293238,933,"a85_","m","eo_weo_Dutch","official_lang","work.no.official_lang","married","other.attached","non.movers"
316590,933,"a60_64","f","eo_bio_English","official_lang","work.official_lang","married","other.attached","non.movers"
813053,933,"a60_64","f","eo_bio_Scottish","official_lang","work.official_lang","divorced","single.detached.house","non.movers"
453399,933,"a40_44","f","ao_sao_ei","official_lang","work.official_lang","divorced","other.attached","non.movers"
608201,933,"a35_39","m","eo_oeeo","official_lang","work.no.official_lang","no.married","other.attached","non.movers"
57574,933,"a40_44","m","onao_Canadian","official_lang","work.no.official_lang","no.married","other.attached","non.movers"
328469,933,"a15_19","m","ao_esao_Chinese","official_lang","work.no.official_lang","no.married","other.attached","other.movers"
664626,933,"a15_19","m","ao_osao","official_lang","work.official_lang","no.married","other.attached","non.movers"
525440,933,"a20_24","m","onao_Canadian","official_lang","work.official_lang","living.common.law","other.attached","nonmigrants.movers"
762563,933,"a50_54","m","eo_weo_German","official_lang","work.official_lang","married","single.detached.house","non.movers"
318475,933,"a40_44","m","eo_bio_English","official_lang","work.official_lang","divorced","other.attached","other.movers"
545315,933,"a45_49","f","ao_oesao","official_lang","work.no.official_lang","married","other.attached","non.movers"
234533,933,"a75_79","f","eo_weo_German","official_lang","work.no.official_lang","widowed","single.detached.house","non.movers"
919040,933,"a40_44","f","ao_sao_ei","official_lang","work.official_lang","divorced","other.attached","non.movers"
748889,933,"a55_59","f","eo_neo","official_lang","work.official_lang","divorced","single.detached.house","non.movers"
297421,933,"a30_34","f","eo_eeo_Ukrainian","official_lang","work.no.official_lang","married","other.attached","non.movers"
297421,933,"a30_34","f","eo_eeo_Ukrainian","official_lang","work.no.official_lang","married","other.attached","non.movers"
356908,933,"a60_64","f","eo_bio_English","official_lang","work.official_lang","married","other.attached","non.movers"
463100,933,"a40_44","f","ao_sao_ei","official_lang","work.no.official_lang","divorced","other.attached","non.movers"
331629,933,"a40_44","f","lcsao","official_lang","work.no.official_lang","separated","other.attached","non.movers"
593951,933,"a55_59","f","eo_neo","official_lang","work.no.official_lang","married","other.attached","nonmigrants.movers"
593951,933,"a55_59","f","eo_neo","official_lang","work.no.official_lang","married","other.attached","nonmigrants.movers"
657283,933,"a65_69","m","eo_bio_English","official_lang","work.no.official_lang","married","other.attached","non.movers"
624861,933,"a60_64","f","onao_Canadian","official_lang","work.no.official_lang","married","other.attached","non.movers"
409453,933,"a75_79","m","eo_weo_German","official_lang","work.no.official_lang","married","other.attached","non.movers"
254032,933,"a75_79","f","eo_fo","official_lang","work.no.official_lang","married","other.attached","non.movers"
137575,933,"a5_9","f","eo_eeo_Polish","official_lang","work.no.official_lang","no.married","single.detached.house","non.movers"
23809,933,"a15_19","m","ao_oesao","official_lang","work.no.official_lang","no.married","other.attached","nonmigrants.movers"
200602,933,"a25_29","m","eo_oeeo","official_lang","work.official_lang","living.common.law","other.attached","other.movers"
200602,933,"a25_29","m","eo_oeeo","official_lang","work.official_lang","living.common.law","other.attached","other.movers"
310380,933,"a55_59","f","ao_oesao","no.official_lang","work.no.official_lang","living.common.law","other.attached","non.movers"
751625,933,"a80_84","f","eo_weo_German","official_lang","work.no.official_lang","widowed","single.detached.house","non.movers"
409200,933,"a15_19","f","eo_oeeo","official_lang","work.official_lang","no.married","other.attached","non.movers"
339150,933,"a70_74","f","eo_eeo_Ukrainian","official_lang","work.no.official_lang","divorced","other.attached","non.movers"
580467,933,"a55_59","f","eo_eeo_Ukrainian","official_lang","work.official_lang","married","other.attached","other.movers"
927548,933,"a35_39","m","ao_sao_ei","official_lang","work.official_lang","married","other.attached","non.movers"
745345,933,"a55_59","f","onao_Canadian","official_lang","work.official_lang","divorced","other.attached","non.movers"
62679,933,"a15_19","m","ao_esao_Filipino","official_lang","work.official_lang","no.married","single.detached.house","non.movers"
153844,933,"a45_49","f","eo_oeeo","official_lang","work.official_lang","living.common.law","other.attached","non.movers"
183770,933,"a45_49","f","eo_bio_Irish","official_lang","work.official_lang","married","other.attached","non.movers"
272379,933,"a50_54","m","eo_weo_Dutch","official_lang","work.official_lang","married","other.attached","non.movers"
291024,933,"a45_49","f","eo_bio_Scottish","official_lang","work.no.official_lang","married","other.attached","non.movers"
239055,933,"a75_79","f","eo_eeo_Ukrainian","official_lang","work.no.official_lang","no.married","other.attached","non.movers"
126833,933,"a65_69","m","eo_weo_German","official_lang","work.official_lang","married","other.attached","non.movers"
625364,933,"a55_59","m","eo_weo_Dutch","official_lang","work.official_lang","married","single.detached.house","other.movers"
790906,933,"a70_74","f","eo_bio_English","official_lang","work.official_lang","widowed","other.attached","non.movers"
772739,933,"a10_14","f","ao_sao_ei","official_lang","work.no.official_lang","no.married","other.attached","non.movers"
849568,933,"a55_59","m","eo_neo","official_lang","work.no.official_lang","no.married","other.attached","non.movers"
849568,933,"a55_59","m","eo_neo","official_lang","work.no.official_lang","no.married","other.attached","non.movers"
101623,933,"a35_39","f","eo_weo_German","official_lang","work.official_lang","married","other.attached","non.movers"
431980,933,"a40_44","m","onao_Canadian","official_lang","work.official_lang","married","other.attached","non.movers"
221866,933,"a10_14","m","ao_sao_ei","official_lang","work.no.official_lang","no.married","single.detached.house","non.movers"
731915,933,"a65_69","f","eo_weo_Dutch","official_lang","work.no.official_lang","married","single.detached.house","non.movers"
130715,933,"a15_19","m","ao","official_lang","work.no.official_lang","no.married","other.attached","non.movers"
437472,933,"a30_34","m","onao_Canadian","official_lang","work.official_lang","no.married","single.detached.house","non.movers"
559513,933,"a65_69","m","eo_weo_German","official_lang","work.no.official_lang","divorced","other.attached","non.movers"
317677,933,"a30_34","f","ao_sao_ei","official_lang","work.no.official_lang","married","other.attached","non.movers"
467132,933,"a70_74","f","eo_bio_English","official_lang","work.no.official_lang","married","other.attached","non.movers"
73550,933,"a30_34","f","naao","official_lang","work.no.official_lang","living.common.law","other.attached","non.movers"
130116,933,"a65_69","f","eo_eeo_Russian","official_lang","work.no.official_lang","married","other.attached","non.movers"
721397,933,"a20_24","f","lcsao","official_lang","work.no.official_lang","no.married","other.attached","non.movers"
772478,933,"a80_84","m","eo_bio_Irish","official_lang","work.no.official_lang","married","single.detached.house","non.movers"
790643,933,"a20_24","f","ao_osao","official_lang","work.no.official_lang","no.married","other.attached","non.movers"
693306,933,"a45_49","f","ao_sao_ei","official_lang","work.no.official_lang","married","single.detached.house","non.movers"
352992,933,"a30_34","m","eo_bio_Irish","official_lang","work.official_lang","living.common.law","other.attached","non.movers"
571010,933,"a5_9","f","ao_esao_Chinese","official_lang","work.no.official_lang","no.married","other.attached","non.movers"
625449,933,"a40_44","f","eo_bio_English","official_lang","work.official_lang","married","other.attached","non.movers"
531489,933,"a10_14","f","eo_bio_English","official_lang","work.no.official_lang","no.married","other.attached","non.movers"
851477,933,"a35_39","m","ao_esao_Chinese","official_lang","work.no.official_lang","married","other.attached","external.movers"
105182,933,"a15_19","m","lcsao","official_lang","work.no.official_lang","no.married","other.attached","non.movers"
86553,933,"a5_9","f","ao_sao_ei","official_lang","work.no.official_lang","no.married","other.attached","non.movers"
490936,933,"a20_24","f","ao_sao_ei","official_lang","work.official_lang","no.married","other.attached","other.movers"
751842,933,"a25_29","m","ao_esao_Chinese","official_lang","work.official_lang","no.married","single.detached.house","non.movers"
605615,933,"a50_54","f","eo_weo_German","official_lang","work.no.official_lang","married","other.attached","non.movers"
862503,933,"a45_49","f","eo_bio_English","official_lang","work.no.official_lang","married","other.attached","non.movers"
229031,933,"a75_79","m","onao_Canadian","official_lang","work.no.official_lang","married","other.attached","non.movers"
99123,933,"a35_39","m","ao_esao_Chinese","official_lang","work.official_lang","married","other.attached","non.movers"
344878,933,"a0_4","f","eo_bio_English","official_lang","work.no.official_lang","no.married","other.attached","non.movers"
239037,933,"a60_64","f","eo_neo","official_lang","work.no.official_lang","no.married","other.attached","non.movers"
239037,933,"a60_64","f","eo_neo","official_lang","work.no.official_lang","no.married","other.attached","non.movers"
334710,933,"a15_19","m","oo","official_lang","work.no.official_lang","no.married","single.detached.house","non.movers"
550997,933,"a20_24","f","ao_oesao","official_lang","work.official_lang","no.married","other.attached","non.movers"
245482,933,"a20_24","f","eo_bio_English","official_lang","work.official_lang","no.married","single.detached.house","non.movers"
365137,933,"a70_74","m","eo_bio_English","official_lang","work.no.official_lang","married","single.detached.house","non.movers"
693270,933,"a10_14","m","ao_sao_ei","official_lang","work.no.official_lang","no.married","other.attached","non.movers"
20997,933,"a30_34","m","eo_weo_Dutch","official_lang","work.official_lang","divorced","single.detached.house","non.movers"
247058,933,"a20_24","f","ao_sao_ei","official_lang","work.no.official_lang","no.married","other.attached","external.movers"
928949,933,"a50_54","m","eo_bio_Scottish","official_lang","work.official_lang","married","other.attached","external.movers"
246707,933,"a15_19","m","eo_bio_Scottish","official_lang","work.no.official_lang","no.married","other.attached","external.movers"
633420,933,"a5_9","f","ao_sao_ei","official_lang","work.no.official_lang","no.married","other.attached","other.movers"
136248,933,"a65_69","m","ao_sao_ei","no.official_lang","work.no.official_lang","married","other.attached","other.movers"
402023,933,"a70_74","m","eo_weo_Dutch","official_lang","work.official_lang","married","other.attached","non.movers"
652810,933,"a70_74","f","eo_bio_English","official_lang","work.official_lang","married","other.attached","non.movers"
625341,933,"a50_54","f","ao_esao_Filipino","official_lang","work.official_lang","married","other.attached","non.movers"
610556,933,"a10_14","m","ao_sao_ei","official_lang","work.no.official_lang","no.married","single.detached.house","non.movers"
673308,933,"a15_19","f","eo_bio_English","official_lang","work.official_lang","no.married","other.attached","non.movers"
798459,933,"a40_44","m","eo_fo","official_lang","work.official_lang","living.common.law","other.attached","other.movers"
798459,933,"a40_44","m","eo_fo","official_lang","work.official_lang","living.common.law","other.attached","other.movers"
6955,933,"a45_49","f","eo_bio_English","official_lang","work.official_lang","living.common.law","other.attached","other.movers"
128709,933,"a45_49","m","eo_seo_Spanish","official_lang","work.official_lang","married","other.attached","non.movers"
790715,933,"a25_29","f","eo_seo_Spanish","official_lang","work.official_lang","no.married","other.attached","non.movers"
702237,933,"a60_64","f","eo_eeo_Polish","official_lang","work.official_lang","married","other.attached","other.movers"
302044,933,"a60_64","f","eo_bio_Scottish","official_lang","work.no.official_lang","married","other.attached","non.movers"
2669,933,"a70_74","f","eo_neo","official_lang","work.no.official_lang","married","single.detached.house","other.movers"
634341,933,"a70_74","f","eo_weo_German","official_lang","work.no.official_lang","married","other.attached","non.movers"
831641,933,"a25_29","f","naao","official_lang","work.no.official_lang","no.married","other.attached","non.movers"
502909,933,"a65_69","f","ao_esao_Chinese","no.official_lang","work.no.official_lang","married","other.attached","non.movers"
288859,933,"a70_74","m","eo_bio_Irish","official_lang","work.official_lang","married","other.attached","non.movers"
27106,933,"a55_59","f","eo_neo","official_lang","work.official_lang","married","single.detached.house","non.movers"
64948,933,"a50_54","f","lcsao","official_lang","work.official_lang","married","other.attached","non.movers"
306651,933,"a20_24","m","lcsao","official_lang","work.official_lang","no.married","other.attached","non.movers"
842441,933,"a55_59","f","eo_seo_Italian","official_lang","work.official_lang","married","single.detached.house","non.movers"
896985,933,"a70_74","m","eo_fo","official_lang","work.no.official_lang","married","single.detached.house","non.movers"
818092,933,"a40_44","f","eo_weo_German","official_lang","work.official_lang","married","other.attached","non.movers"
356617,933,"a20_24","f","ao_oesao","official_lang","work.official_lang","living.common.law","other.attached","non.movers"
521968,933,"a50_54","m","eo_bio_Scottish","official_lang","work.official_lang","married","other.attached","nonmigrants.movers"
811761,933,"a0_4","f","lcsao","official_lang","work.no.official_lang","no.married","other.attached","non.movers"
37300,933,"a35_39","m","ao_sao_ei","official_lang","work.official_lang","married","other.attached","non.movers"
210027,933,"a5_9","m","ao_esao_Chinese","official_lang","work.no.official_lang","no.married","single.detached.house","external.movers"
124278,933,"a65_69","f","eo_bio_Scottish","official_lang","work.no.official_lang","married","other.attached","non.movers"
618156,933,"a5_9","f","ao_sao_ei","official_lang","work.no.official_lang","no.married","other.attached","non.movers"
76986,933,"a75_79","f","ao_oesao","official_lang","work.no.official_lang","no.married","other.attached","non.movers"
414611,933,"a20_24","m","eo_weo_Dutch","official_lang","work.official_lang","no.married","other.attached","non.movers"
156553,933,"a45_49","f","eo_oeeo","official_lang","work.no.official_lang","married","other.attached","non.movers"
108423,933,"a80_84","m","eo_oeeo","official_lang","work.no.official_lang","married","single.detached.house","non.movers"
564909,933,"a55_59","f","eo_seo_Italian","official_lang","work.official_lang","married","other.attached","non.movers"
165648,933,"a25_29","m","lcsao","official_lang","work.official_lang","no.married","other.attached","non.movers"
210184,933,"a65_69","f","eo_bio_English","official_lang","work.official_lang","divorced","other.attached","non.movers"
877129,933,"a5_9","f","ao","official_lang","work.no.official_lang","no.married","other.attached","nonmigrants.movers"
494960,933,"a70_74","m","eo_fo","official_lang","work.no.official_lang","married","other.attached","non.movers"
494960,933,"a70_74","m","eo_fo","official_lang","work.no.official_lang","married","other.attached","non.movers"
547377,933,"a65_69","m","eo_weo_Dutch","official_lang","work.official_lang","married","other.attached","non.movers"
857953,933,"a40_44","f","eo_seo_Italian","official_lang","work.official_lang","widowed","other.attached","non.movers"
247405,933,"a35_39","f","eo_neo","official_lang","work.official_lang","married","other.attached","non.movers"
667631,933,"a55_59","f","onao_Canadian","official_lang","work.official_lang","living.common.law","other.attached","non.movers"
472659,933,"a5_9","m","ao_oesao","official_lang","work.no.official_lang","no.married","other.attached","other.movers"
537132,933,"a80_84","f","eo_obio","official_lang","work.no.official_lang","widowed","other.attached","non.movers"
268801,933,"a65_69","f","eo_eeo_Ukrainian","official_lang","work.official_lang","separated","other.attached","non.movers"
706570,933,"a5_9","f","ao_sao_ei","official_lang","work.no.official_lang","no.married","other.attached","non.movers"
415943,933,"a0_4","f","ao_sao_ei","official_lang","work.no.official_lang","no.married","other.attached","non.movers"
270924,933,"a0_4","m","ao_sao_ei","official_lang","work.no.official_lang","no.married","other.attached","other.movers"
506565,933,"a40_44","f","ao_oesao","official_lang","work.no.official_lang","married","other.attached","non.movers"
154629,933,"a75_79","f","eo_bio_English","official_lang","work.no.official_lang","married","single.detached.house","non.movers"
70972,933,"a30_34","f","eo_oeeo","official_lang","work.no.official_lang","married","other.attached","non.movers"
567661,933,"a45_49","m","eo_fo","official_lang","work.official_lang","married","single.detached.house","non.movers"
920673,933,"a25_29","m","ao_oesao","official_lang","work.no.official_lang","no.married","other.attached","non.movers"
207825,933,"a20_24","m","ao_oesao","official_lang","work.official_lang","no.married","other.attached","non.movers"
465583,933,"a55_59","m","eo_bio_English","official_lang","work.official_lang","married","other.attached","nonmigrants.movers"
205702,933,"a35_39","f","onao_Canadian","official_lang","work.official_lang","married","other.attached","non.movers"
840623,933,"a45_49","f","eo_oeeo","official_lang","work.official_lang","married","single.detached.house","non.movers"
254574,933,"a55_59","m","eo_weo_Dutch","official_lang","work.no.official_lang","living.common.law","other.attached","non.movers"
773451,933,"a50_54","m","ao_sao_ei","official_lang","work.official_lang","married","other.attached","non.movers"
162256,933,"a55_59","f","eo_bio_English","official_lang","work.official_lang","married","other.attached","non.movers"
233391,933,"a20_24","m","eo_neo","official_lang","work.official_lang","no.married","single.detached.house","non.movers"
470659,933,"a45_49","f","ao_osao","no.official_lang","work.no.official_lang","married","single.detached.house","non.movers"
464403,933,"a80_84","m","eo_bio_English","official_lang","work.no.official_lang","married","other.attached","non.movers"
851924,933,"a30_34","m","eo_weo_German","official_lang","work.official_lang","no.married","other.attached","non.movers"
358318,933,"a40_44","f","eo_bio_Scottish","official_lang","work.official_lang","living.common.law","other.attached","non.movers"
276549,933,"a60_64","f","eo_weo_German","official_lang","work.no.official_lang","married","other.attached","non.movers"
626231,933,"a45_49","m","ao","official_lang","work.no.official_lang","separated","other.attached","non.movers"
713380,933,"a25_29","f","ao_esao_Chinese","official_lang","work.no.official_lang","married","other.attached","non.movers"
585915,933,"a45_49","m","eo_weo_German","official_lang","work.official_lang","married","other.attached","non.movers"
57247,933,"a70_74","m","eo_bio_English","official_lang","work.official_lang","married","other.attached","non.movers"
504601,933,"a40_44","m","eo_bio_English","official_lang","work.no.official_lang","married","other.attached","non.movers"
409110,933,"a25_29","f","ao_sao_ei","official_lang","work.official_lang","no.married","single.detached.house","non.movers"
261281,933,"a25_29","f","eo_bio_English","official_lang","work.no.official_lang","married","single.detached.house","non.movers"
681066,933,"a35_39","m","eo_bio_Irish","official_lang","work.official_lang","married","other.attached","non.movers"
531454,933,"a50_54","m","eo_weo_German","official_lang","work.no.official_lang","married","other.attached","non.movers"
783017,933,"a75_79","m","eo_bio_Scottish","official_lang","work.no.official_lang","married","other.attached","non.movers"
301218,933,"a45_49","f","ao_osao","official_lang","work.official_lang","married","other.attached","non.movers"
147925,933,"a50_54","f","eo_seo_Italian","official_lang","work.official_lang","married","single.detached.house","non.movers"
157818,933,"a75_79","f","eo_weo_German","official_lang","work.no.official_lang","married","other.attached","non.movers"
499743,933,"a35_39","f","onao_Canadian","official_lang","work.no.official_lang","married","other.attached","non.movers"
503375,933,"a85_","f","eo_bio_English","official_lang","work.no.official_lang","widowed","other.attached","non.movers"
109087,933,"a0_4","m","onao_Canadian","official_lang","work.no.official_lang","no.married","other.attached","other.movers"
99949,933,"a60_64","f","ao_esao_Filipino","official_lang","work.no.official_lang","married","other.attached","non.movers"
923999,933,"a30_34","f","eo_eeo_Ukrainian","official_lang","work.official_lang","married","other.attached","other.movers"
923999,933,"a30_34","f","eo_eeo_Ukrainian","official_lang","work.official_lang","married","other.attached","other.movers"
798652,933,"a60_64","f","eo_bio_English","official_lang","work.no.official_lang","widowed","other.attached","non.movers"
123231,933,"a25_29","m","eo_bio_English","official_lang","work.no.official_lang","no.married","other.attached","non.movers"
33498,933,"a70_74","m","eo_weo_German","official_lang","work.no.official_lang","married","other.attached","non.movers"
418530,933,"a75_79","f","eo_obio","official_lang","work.no.official_lang","divorced","other.attached","non.movers"
761505,933,"a70_74","m","ao_sao_ei","no.official_lang","work.no.official_lang","married","single.detached.house","non.movers"
557230,933,"a25_29","f","eo_eeo_Ukrainian","official_lang","work.official_lang","married","other.attached","other.movers"
557230,933,"a25_29","f","eo_eeo_Ukrainian","official_lang","work.official_lang","married","other.attached","other.movers"
684363,933,"a45_49","f","eo_eeo_Polish","official_lang","work.official_lang","married","single.detached.house","non.movers"
360663,933,"a45_49","m","eo_bio_English","official_lang","work.official_lang","married","other.attached","non.movers"
419445,933,"a70_74","m","onao_Canadian","official_lang","work.no.official_lang","no.married","other.attached","non.movers"
276813,933,"a50_54","m","eo_weo_German","official_lang","work.official_lang","no.married","other.attached","non.movers"
607280,933,"a75_79","m","eo_bio_English","official_lang","work.no.official_lang","married","other.attached","other.movers"
607280,933,"a75_79","m","eo_bio_English","official_lang","work.no.official_lang","married","other.attached","other.movers"
867998,933,"a20_24","m","onao_Canadian","official_lang","work.official_lang","living.common.law","other.attached","non.movers"
295945,933,"a65_69","m","eo_fo","official_lang","work.official_lang","living.common.law","single.detached.house","non.movers"
295501,933,"a60_64","m","onao_Canadian","official_lang","work.no.official_lang","divorced","other.attached","non.movers"
461437,933,"a80_84","m","eo_bio_Scottish","official_lang","work.no.official_lang","married","other.attached","non.movers"
660419,933,"a65_69","m","eo_bio_Scottish","official_lang","work.official_lang","divorced","single.detached.house","non.movers"
253466,933,"a10_14","f","onao_Canadian","official_lang","work.no.official_lang","no.married","other.attached","non.movers"
533725,933,"a25_29","m","ao_esao_Chinese","official_lang","work.no.official_lang","married","other.attached","non.movers"
154816,933,"a20_24","m","eo_bio_English","official_lang","work.no.official_lang","no.married","single.detached.house","external.movers"
324724,933,"a65_69","m","ao_esao_Chinese","official_lang","work.no.official_lang","married","other.attached","non.movers"
858947,933,"a55_59","m","ao_oesao","official_lang","work.official_lang","married","other.attached","non.movers"
15365,933,"a65_69","m","eo_bio_Scottish","official_lang","work.official_lang","married","other.attached","non.movers"
749229,933,"a0_4","m","ao_sao_ei","official_lang","work.no.official_lang","no.married","other.attached","non.movers"
507762,933,"a15_19","f","ao_sao_ei","official_lang","work.official_lang","no.married","other.attached","non.movers"
124933,933,"a25_29","f","eo_bio_Scottish","official_lang","work.official_lang","no.married","other.attached","other.movers"
124933,933,"a25_29","f","eo_bio_Scottish","official_lang","work.official_lang","no.married","other.attached","other.movers"
68986,933,"a25_29","f","eo_bio_Scottish","official_lang","work.official_lang","no.married","other.attached","other.movers"
68986,933,"a25_29","f","eo_bio_Scottish","official_lang","work.official_lang","no.married","other.attached","other.movers"
791985,933,"a70_74","f","eo_weo_Dutch","official_lang","work.no.official_lang","married","single.detached.house","non.movers"
666049,933,"a80_84","f","eo_fo","official_lang","work.no.official_lang","married","single.detached.house","non.movers"
336305,933,"a30_34","m","onao_Canadian","official_lang","work.official_lang","no.married","other.attached","non.movers"
850717,933,"a80_84","f","eo_bio_Scottish","official_lang","work.no.official_lang","married","other.attached","non.movers"
158573,933,"a25_29","m","eo_bio_Irish","official_lang","work.official_lang","no.married","single.detached.house","nonmigrants.movers"
649129,933,"a70_74","f","eo_bio_English","official_lang","work.no.official_lang","married","other.attached","non.movers"
171901,933,"a40_44","m","onao","official_lang","work.official_lang","married","other.attached","non.movers"
704305,933,"a5_9","m","onao","official_lang","work.no.official_lang","no.married","other.attached","non.movers"
704305,933,"a5_9","m","onao","official_lang","work.no.official_lang","no.married","other.attached","non.movers"
293618,933,"a55_59","f","eo_bio_Irish","official_lang","work.no.official_lang","married","single.detached.house","non.movers"
582641,933,"a40_44","m","eo_bio_Irish","official_lang","work.official_lang","married","other.attached","non.movers"
134473,933,"a35_39","m","ao_sao_ei","official_lang","work.official_lang","married","single.detached.house","other.movers"
176247,933,"a75_79","f","eo_bio_Irish","official_lang","work.no.official_lang","widowed","other.attached","non.movers"
239007,933,"a30_34","m","eo_fo","official_lang","work.official_lang","married","other.attached","other.movers"
239007,933,"a30_34","m","eo_fo","official_lang","work.official_lang","married","other.attached","other.movers"
239007,933,"a30_34","m","eo_fo","official_lang","work.official_lang","married","other.attached","other.movers"
239007,933,"a30_34","m","eo_fo","official_lang","work.official_lang","married","other.attached","other.movers"
676786,933,"a10_14","f","naao","official_lang","work.no.official_lang","no.married","single.detached.house","non.movers"
107987,933,"a35_39","f","eo_bio_Scottish","official_lang","work.official_lang","married","other.attached","non.movers"
153437,933,"a55_59","f","eo_neo","official_lang","work.official_lang","married","other.attached","non.movers"
295885,933,"a45_49","f","ao_oesao","official_lang","work.no.official_lang","married","other.attached","other.movers"
858779,933,"a65_69","m","ao_sao_ei","official_lang","work.official_lang","married","other.attached","non.movers"
83585,933,"a50_54","f","eo_bio_English","official_lang","work.official_lang","married","other.attached","non.movers"
36181,933,"a70_74","f","eo_bio_English","official_lang","work.no.official_lang","living.common.law","other.attached","non.movers"
215681,933,"a75_79","m","eo_bio_English","official_lang","work.no.official_lang","living.common.law","other.attached","external.movers"
697527,933,"a50_54","m","eo_seo_Italian","official_lang","work.official_lang","living.common.law","single.detached.house","non.movers"
200115,933,"a50_54","f","ao_oesao","official_lang","work.no.official_lang","married","other.attached","non.movers"
599947,933,"a35_39","f","lcsao","official_lang","work.no.official_lang","married","other.attached","non.movers"
763461,933,"a55_59","m","ao_sao_ei","official_lang","work.official_lang","married","other.attached","non.movers"
353457,933,"a20_24","m","ao_sao_ei","official_lang","work.no.official_lang","no.married","other.attached","non.movers"
455630,933,"a75_79","f","eo_eeo_Russian","official_lang","work.no.official_lang","married","single.detached.house","non.movers"
575507,933,"a30_34","m","eo_weo_German","official_lang","work.official_lang","married","single.detached.house","non.movers"
439050,933,"a75_79","f","eo_bio_English","official_lang","work.no.official_lang","widowed","other.attached","non.movers"
646458,933,"a10_14","m","onao_Canadian","official_lang","work.no.official_lang","no.married","other.attached","non.movers"
342439,933,"a75_79","f","eo_weo_German","official_lang","work.no.official_lang","divorced","other.attached","non.movers"
46197,933,"a40_44","f","eo_neo","official_lang","work.official_lang","married","other.attached","non.movers"
893563,933,"a20_24","m","ao_sao_ei","official_lang","work.official_lang","no.married","single.detached.house","other.movers"
81309,933,"a50_54","m","ao_esao_Chinese","official_lang","work.official_lang","married","single.detached.house","non.movers"
150870,933,"a0_4","m","eo_obio","official_lang","work.no.official_lang","no.married","other.attached","non.movers"
237985,933,"a25_29","f","onao_Canadian","official_lang","work.official_lang","married","other.attached","non.movers"
68454,933,"a30_34","f","onao_Canadian","official_lang","work.no.official_lang","married","other.attached","non.movers"
543563,933,"a75_79","f","eo_neo","official_lang","work.no.official_lang","divorced","other.attached","non.movers"
543563,933,"a75_79","f","eo_neo","official_lang","work.no.official_lang","divorced","other.attached","non.movers"
204920,933,"a15_19","m","ao_esao_Filipino","official_lang","work.no.official_lang","no.married","other.attached","non.movers"
250233,933,"a30_34","m","eo_oseo","official_lang","work.official_lang","married","single.detached.house","non.movers"
457705,933,"a25_29","f","lcsao","official_lang","work.no.official_lang","no.married","other.attached","other.movers"
22888,933,"a50_54","f","eo_seo_Italian","official_lang","work.official_lang","separated","other.attached","other.movers"
899365,933,"a25_29","f","eo_bio_Scottish","official_lang","work.official_lang","living.common.law","other.attached","nonmigrants.movers"
5257,933,"a55_59","m","eo_weo_German","official_lang","work.official_lang","married","single.detached.house","other.movers"
190703,933,"a15_19","m","eo_bio_Irish","official_lang","work.official_lang","no.married","other.attached","non.movers"
265580,933,"a50_54","m","eo_eeo_Hungarian","official_lang","work.official_lang","married","other.attached","non.movers"
812234,933,"a80_84","f","ao_osao","official_lang","work.no.official_lang","no.married","other.attached","non.movers"
160998,933,"a60_64","m","ao_osao","official_lang","work.no.official_lang","married","other.attached","non.movers"
378948,933,"a55_59","f","eo_seo_Spanish","no.official_lang","work.no.official_lang","divorced","other.attached","non.movers"
858619,933,"a80_84","m","eo_bio_Irish","official_lang","work.no.official_lang","married","other.attached","non.movers"
213878,933,"a55_59","f","eo_neo","official_lang","work.official_lang","living.common.law","other.attached","non.movers"
755447,933,"a40_44","f","ao_esao_Chinese","official_lang","work.no.official_lang","married","single.detached.house","non.movers"
845577,933,"a50_54","f","eo_weo_German","official_lang","work.official_lang","divorced","other.attached","non.movers"
116140,933,"a30_34","m","ao_esao_Chinese","official_lang","work.official_lang","living.common.law","other.attached","non.movers"
752674,933,"a65_69","f","eo_weo_German","official_lang","work.official_lang","married","other.attached","non.movers"
847101,933,"a60_64","m","eo_bio_English","official_lang","work.official_lang","no.married","single.detached.house","non.movers"
247185,933,"a80_84","m","eo_neo","official_lang","work.no.official_lang","married","other.attached","non.movers"
247185,933,"a80_84","m","eo_neo","official_lang","work.no.official_lang","married","other.attached","non.movers"
247185,933,"a80_84","m","eo_neo","official_lang","work.no.official_lang","married","other.attached","non.movers"
146867,933,"a10_14","f","eo_bio_Irish","official_lang","work.no.official_lang","no.married","other.attached","non.movers"
787181,933,"a30_34","m","onao_Canadian","official_lang","work.no.official_lang","living.common.law","single.detached.house","non.movers"
774447,933,"a5_9","f","ao_sao_ei","official_lang","work.no.official_lang","no.married","other.attached","nonmigrants.movers"
604201,933,"a15_19","m","ao","official_lang","work.no.official_lang","no.married","other.attached","non.movers"
365242,933,"a10_14","f","eo_seo_Italian","official_lang","work.no.official_lang","no.married","other.attached","non.movers"
707083,933,"a55_59","f","eo_bio_English","official_lang","work.official_lang","married","single.detached.house","non.movers"
636950,933,"a20_24","m","onao_Canadian","official_lang","work.official_lang","no.married","other.attached","non.movers"
617512,933,"a55_59","m","onao_Canadian","official_lang","work.official_lang","married","other.attached","non.movers"
128553,933,"a65_69","f","ao_osao","official_lang","work.no.official_lang","divorced","other.attached","non.movers"
363060,933,"a45_49","m","ao_sao_ei","official_lang","work.official_lang","married","single.detached.house","non.movers"
585125,933,"a0_4","m","ao_esao_Chinese","official_lang","work.no.official_lang","no.married","other.attached","other.movers"
843050,933,"a65_69","m","eo_oweo","official_lang","work.no.official_lang","married","single.detached.house","non.movers"
435496,933,"a50_54","m","eo_bio_English","official_lang","work.official_lang","divorced","other.attached","non.movers"
100547,933,"a50_54","f","oo","official_lang","work.official_lang","married","other.attached","non.movers"
463492,933,"a15_19","f","oo","official_lang","work.no.official_lang","no.married","other.attached","non.movers"
138137,933,"a55_59","f","eo_weo_Dutch","official_lang","work.official_lang","married","other.attached","non.movers"
303870,933,"a40_44","m","ao","official_lang","work.official_lang","living.common.law","other.attached","non.movers"
302235,933,"a55_59","m","eo_eeo_Ukrainian","official_lang","work.official_lang","married","other.attached","non.movers"
565821,933,"a25_29","m","ao_esao_Filipino","official_lang","work.official_lang","married","other.attached","other.movers"
724535,933,"a80_84","m","eo_bio_Scottish","official_lang","work.no.official_lang","married","other.attached","non.movers"
460033,933,"a30_34","f","eo_weo_Dutch","official_lang","work.official_lang","no.married","other.attached","non.movers"
26312,933,"a25_29","f","eo_oseo","official_lang","work.official_lang","married","other.attached","other.movers"
578811,933,"a45_49","f","eo_weo_German","official_lang","work.official_lang","divorced","other.attached","non.movers"
30825,933,"a5_9","m","onao_Canadian","official_lang","work.no.official_lang","no.married","other.attached","other.movers"
667099,933,"a10_14","m","onao_Canadian","official_lang","work.no.official_lang","no.married","other.attached","non.movers"
879152,933,"a25_29","f","eo_bio_Irish","official_lang","work.official_lang","married","other.attached","non.movers"
527037,933,"a25_29","m","onao_Canadian","official_lang","work.no.official_lang","no.married","single.detached.house","non.movers"
111276,933,"a45_49","m","eo_oeeo","official_lang","work.official_lang","married","single.detached.house","non.movers"
265410,933,"a60_64","m","ao_sao_ei","official_lang","work.official_lang","married","other.attached","other.movers"
28013,933,"a55_59","f","ao_sao_ei","official_lang","work.official_lang","married","other.attached","other.movers"
235488,933,"a25_29","f","ao_sao_ei","official_lang","work.official_lang","no.married","other.attached","other.movers"
41269,933,"a45_49","m","eo_bio_English","official_lang","work.official_lang","living.common.law","other.attached","non.movers"
757202,933,"a15_19","m","ao","official_lang","work.no.official_lang","no.married","other.attached","non.movers"
63107,933,"a10_14","f","eo_bio_English","official_lang","work.no.official_lang","no.married","single.detached.house","non.movers"
424158,933,"a30_34","f","ao_sao_ei","official_lang","work.no.official_lang","married","single.detached.house","non.movers"
51390,933,"a75_79","f","onao_Canadian","official_lang","work.no.official_lang","married","other.attached","non.movers"
550865,933,"a35_39","f","onao_Canadian","official_lang","work.no.official_lang","living.common.law","other.attached","non.movers"
127481,933,"a0_4","m","ao_sao_ei","official_lang","work.no.official_lang","no.married","single.detached.house","other.movers"
505529,933,"a70_74","f","onao_Canadian","official_lang","work.no.official_lang","widowed","other.attached","non.movers"
133610,933,"a60_64","m","ao_sao_ei","no.official_lang","work.no.official_lang","married","other.attached","non.movers"
211144,933,"a60_64","m","ao_esao_Chinese","no.official_lang","work.no.official_lang","divorced","other.attached","non.movers"
581124,933,"a50_54","f","eo_bio_English","official_lang","work.official_lang","married","single.detached.house","other.movers"
9355,933,"a75_79","m","eo_obio","official_lang","work.no.official_lang","married","other.attached","non.movers"
276123,933,"a10_14","m","onao_Canadian","official_lang","work.no.official_lang","no.married","other.attached","non.movers"
867822,933,"a70_74","m","eo_bio_English","official_lang","work.no.official_lang","separated","other.attached","non.movers"
901038,933,"a55_59","f","eo_bio_Irish","official_lang","work.no.official_lang","separated","other.attached","non.movers"
901038,933,"a55_59","f","eo_bio_Irish","official_lang","work.no.official_lang","separated","other.attached","non.movers"
620892,933,"a60_64","f","ao_sao_ei","official_lang","work.no.official_lang","widowed","single.detached.house","non.movers"
832805,933,"a25_29","m","lcsao","official_lang","work.official_lang","no.married","other.attached","non.movers"
207768,933,"a40_44","m","ao_sao_ei","official_lang","work.official_lang","married","other.attached","non.movers"
467232,933,"a55_59","f","ao_esao_Chinese","official_lang","work.no.official_lang","married","other.attached","non.movers"
341997,933,"a50_54","f","eo_weo_German","official_lang","work.official_lang","married","other.attached","other.movers"
175467,933,"a30_34","m","ao_esao_Filipino","official_lang","work.official_lang","married","other.attached","other.movers"
483350,933,"a70_74","f","onao_Canadian","official_lang","work.no.official_lang","married","other.attached","non.movers"
364429,933,"a75_79","m","onao_Canadian","official_lang","work.no.official_lang","married","other.attached","non.movers"
439739,933,"a65_69","f","eo_bio_English","official_lang","work.no.official_lang","divorced","other.attached","non.movers"
18886,933,"a70_74","f","onao_Canadian","official_lang","work.no.official_lang","divorced","other.attached","non.movers"
875343,933,"a0_4","f","ao_sao_ei","official_lang","work.no.official_lang","no.married","other.attached","nonmigrants.movers"
307503,933,"a15_19","f","ao_sao_ei","official_lang","work.no.official_lang","no.married","other.attached","non.movers"
440559,933,"a55_59","m","eo_weo_Dutch","official_lang","work.official_lang","married","other.attached","non.movers"
685354,933,"a5_9","m","ao_esao_Chinese","official_lang","work.no.official_lang","no.married","other.attached","non.movers"
785870,933,"a30_34","f","eo_bio_Scottish","official_lang","work.official_lang","married","other.attached","non.movers"
516025,933,"a15_19","f","eo_oeeo","official_lang","work.official_lang","no.married","single.detached.house","non.movers"
68461,933,"a50_54","f","eo_neo","official_lang","work.no.official_lang","married","single.detached.house","other.movers"
137350,933,"a10_14","m","onao_Canadian","official_lang","work.no.official_lang","no.married","other.attached","non.movers"
898424,933,"a35_39","m","eo_eeo_Ukrainian","official_lang","work.official_lang","married","other.attached","other.movers"
898424,933,"a35_39","m","eo_eeo_Ukrainian","official_lang","work.official_lang","married","other.attached","other.movers"
894591,933,"a80_84","m","eo_weo_German","official_lang","work.no.official_lang","married","single.detached.house","non.movers"
308825,933,"a15_19","f","oo","official_lang","work.no.official_lang","no.married","other.attached","other.movers"
128164,933,"a15_19","m","onao_Canadian","official_lang","work.official_lang","no.married","other.attached","non.movers"
334566,933,"a30_34","m","eo_eeo_Ukrainian","official_lang","work.no.official_lang","no.married","other.attached","non.movers"
286830,933,"a0_4","m","onao_Canadian","official_lang","work.no.official_lang","no.married","other.attached","other.movers"
425930,933,"a55_59","m","eo_neo","official_lang","work.official_lang","living.common.law","other.attached","non.movers"
517115,933,"a60_64","m","eo_bio_Scottish","official_lang","work.official_lang","living.common.law","other.attached","non.movers"
751902,933,"a80_84","m","eo_obio","official_lang","work.no.official_lang","married","other.attached","non.movers"
179648,933,"a40_44","f","eo_bio_English","official_lang","work.official_lang","married","other.attached","non.movers"
215561,933,"a10_14","m","ao_oesao","official_lang","work.no.official_lang","no.married","other.attached","non.movers"
393890,933,"a65_69","m","eo_bio_Scottish","official_lang","work.no.official_lang","married","other.attached","non.movers"
924030,933,"a60_64","f","eo_fo","official_lang","work.no.official_lang","married","other.attached","non.movers"
532085,933,"a25_29","m","onao_Canadian","official_lang","work.official_lang","married","single.detached.house","non.movers"
872109,933,"a30_34","m","eo_bio_Irish","official_lang","work.official_lang","no.married","other.attached","non.movers"
674383,933,"a25_29","m","eo_bio_Irish","official_lang","work.official_lang","no.married","other.attached","non.movers"
39774,933,"a35_39","f","onao_Canadian","official_lang","work.no.official_lang","no.married","other.attached","non.movers"
543047,933,"a70_74","f","eo_bio_English","official_lang","work.no.official_lang","widowed","other.attached","non.movers"
488414,933,"a35_39","f","ao_sao_ei","official_lang","work.official_lang","married","other.attached","non.movers"
311471,933,"a55_59","f","eo_bio_Irish","official_lang","work.no.official_lang","no.married","other.attached","non.movers"
290857,933,"a55_59","f","ao_sao_ei","no.official_lang","work.no.official_lang","widowed","other.attached","nonmigrants.movers"
503675,933,"a5_9","f","onao_Canadian","official_lang","work.no.official_lang","no.married","other.attached","non.movers"
77778,933,"a25_29","f","ao_wcameo","official_lang","work.no.official_lang","no.married","single.detached.house","other.movers"
111803,933,"a10_14","m","onao_Canadian","official_lang","work.no.official_lang","no.married","single.detached.house","non.movers"
850653,933,"a25_29","m","eo_bio_English","official_lang","work.official_lang","no.married","single.detached.house","non.movers"
600757,933,"a40_44","f","onao_Canadian","official_lang","work.official_lang","married","other.attached","non.movers"
249488,933,"a10_14","m","onao_Canadian","official_lang","work.no.official_lang","no.married","other.attached","non.movers"
160618,933,"a65_69","m","eo_bio_English","official_lang","work.no.official_lang","married","other.attached","non.movers"
411777,933,"a60_64","f","eo_weo_German","official_lang","work.official_lang","married","single.detached.house","non.movers"
506171,933,"a60_64","f","eo_oeeo","official_lang","work.no.official_lang","living.common.law","single.detached.house","nonmigrants.movers"
878793,933,"a35_39","f","eo_weo_Dutch","official_lang","work.no.official_lang","married","other.attached","non.movers"
424707,933,"a0_4","m","eo_weo_Dutch","official_lang","work.no.official_lang","no.married","other.attached","nonmigrants.movers"
78139,933,"a65_69","m","eo_eeo_Polish","official_lang","work.no.official_lang","living.common.law","other.attached","non.movers"
708921,933,"a30_34","m","eo_neo","official_lang","work.official_lang","married","other.attached","non.movers"
708921,933,"a30_34","m","eo_neo","official_lang","work.official_lang","married","other.attached","non.movers"
300287,933,"a65_69","m","eo_neo","official_lang","work.no.official_lang","living.common.law","other.attached","nonmigrants.movers"
300287,933,"a65_69","m","eo_neo","official_lang","work.no.official_lang","living.common.law","other.attached","nonmigrants.movers"
300287,933,"a65_69","m","eo_neo","official_lang","work.no.official_lang","living.common.law","other.attached","nonmigrants.movers"
58321,933,"a0_4","f","ao_sao_ei","official_lang","work.no.official_lang","no.married","single.detached.house","external.movers"
144266,933,"a85_","m","eo_bio_English","official_lang","work.no.official_lang","widowed","other.attached","non.movers"
846605,933,"a5_9","m","onao_Canadian","official_lang","work.no.official_lang","no.married","other.attached","other.movers"
321065,933,"a30_34","f","ao_osao","official_lang","work.no.official_lang","married","single.detached.house","non.movers"
162119,933,"a5_9","m","onao_Canadian","official_lang","work.no.official_lang","no.married","other.attached","non.movers"
376989,933,"a35_39","f","eo_oeeo","official_lang","work.no.official_lang","separated","other.attached","other.movers"
376989,933,"a35_39","f","eo_oeeo","official_lang","work.no.official_lang","separated","other.attached","other.movers"
376989,933,"a35_39","f","eo_oeeo","official_lang","work.no.official_lang","separated","other.attached","other.movers"
111609,933,"a60_64","f","eo_bio_English","official_lang","work.official_lang","married","other.attached","non.movers"
452166,933,"a20_24","m","onao_Canadian","official_lang","work.official_lang","no.married","other.attached","non.movers"
298079,933,"a10_14","f","ao","official_lang","work.no.official_lang","no.married","other.attached","non.movers"
531103,933,"a85_","m","eo_eeo_Russian","official_lang","work.no.official_lang","widowed","other.attached","other.movers"
340087,933,"a80_84","m","eo_bio_Irish","official_lang","work.no.official_lang","married","single.detached.house","non.movers"
818983,933,"a55_59","m","onao_Canadian","official_lang","work.official_lang","married","other.attached","non.movers"
261371,933,"a30_34","f","eo_bio_English","official_lang","work.official_lang","living.common.law","other.attached","non.movers"
470365,933,"a60_64","f","ao_esao_Chinese","official_lang","work.official_lang","widowed","other.attached","non.movers"
824020,933,"a35_39","m","ao_sao_ei","official_lang","work.official_lang","married","other.attached","non.movers"
374840,933,"a40_44","f","onao_Canadian","official_lang","work.official_lang","married","other.attached","non.movers"
619019,933,"a40_44","f","ao_osao","official_lang","work.official_lang","married","single.detached.house","non.movers"
170342,933,"a35_39","m","onao_Canadian","official_lang","work.official_lang","living.common.law","other.attached","non.movers"
349889,933,"a75_79","m","eo_oweo","official_lang","work.no.official_lang","married","single.detached.house","non.movers"
832201,933,"a20_24","f","ao_esao_Chinese","official_lang","work.official_lang","no.married","other.attached","non.movers"
651932,933,"a60_64","m","eo_bio_English","official_lang","work.no.official_lang","married","other.attached","non.movers"
663228,933,"a75_79","m","eo_oweo","official_lang","work.no.official_lang","married","single.detached.house","non.movers"
232169,933,"a60_64","f","eo_bio_Irish","official_lang","work.official_lang","living.common.law","other.attached","non.movers"
213138,933,"a25_29","f","onao_Canadian","official_lang","work.official_lang","no.married","other.attached","other.movers"
179431,933,"a45_49","f","ao_wcameo","official_lang","work.no.official_lang","married","other.attached","non.movers"
460833,933,"a25_29","f","ao_esao_Chinese","official_lang","work.no.official_lang","married","other.attached","non.movers"
588147,933,"a30_34","m","eo_bio_Irish","official_lang","work.official_lang","living.common.law","other.attached","non.movers"
730475,933,"a40_44","m","eo_bio_English","official_lang","work.no.official_lang","no.married","other.attached","non.movers"
125527,933,"a45_49","m","eo_eeo_Russian","official_lang","work.official_lang","married","other.attached","non.movers"
266410,933,"a15_19","f","eo_eeo_Russian","official_lang","work.no.official_lang","no.married","other.attached","non.movers"
530098,933,"a75_79","m","eo_eeo_Ukrainian","official_lang","work.no.official_lang","married","other.attached","non.movers"
355794,933,"a40_44","f","eo_neo","official_lang","work.official_lang","living.common.law","other.attached","non.movers"
274637,933,"a85_","m","eo_bio_English","official_lang","work.no.official_lang","married","other.attached","non.movers"
55488,933,"a60_64","f","eo_eeo_Ukrainian","official_lang","work.official_lang","married","other.attached","other.movers"
20661,933,"a55_59","f","eo_seo_Italian","official_lang","work.official_lang","divorced","single.detached.house","non.movers"
502360,933,"a50_54","m","ao_esao_Chinese","official_lang","work.official_lang","married","other.attached","non.movers"
597034,933,"a30_34","f","eo_bio_Scottish","official_lang","work.official_lang","no.married","other.attached","non.movers"
544149,933,"a25_29","f","ao_esao_Filipino","official_lang","work.official_lang","no.married","single.detached.house","other.movers"
738258,933,"a25_29","f","lcsao","official_lang","work.no.official_lang","married","other.attached","other.movers"
809302,933,"a80_84","m","eo_eeo_Ukrainian","official_lang","work.no.official_lang","married","other.attached","non.movers"
47211,933,"a75_79","f","eo_neo","official_lang","work.no.official_lang","married","other.attached","non.movers"
47211,933,"a75_79","f","eo_neo","official_lang","work.no.official_lang","married","other.attached","non.movers"
794648,933,"a60_64","f","ao_sao_ei","official_lang","work.official_lang","married","single.detached.house","non.movers"
400676,933,"a30_34","f","eo_oeeo","official_lang","work.official_lang","married","other.attached","other.movers"
824110,933,"a40_44","f","ao_oesao","official_lang","work.no.official_lang","married","other.attached","non.movers"
435027,933,"a30_34","f","lcsao","official_lang","work.no.official_lang","married","other.attached","non.movers"
292789,933,"a50_54","f","eo_bio_Irish","official_lang","work.no.official_lang","living.common.law","other.attached","non.movers"
350723,933,"a60_64","f","eo_bio_English","official_lang","work.official_lang","divorced","other.attached","non.movers"
228320,933,"a10_14","f","onao_Canadian","official_lang","work.no.official_lang","no.married","single.detached.house","non.movers"
878095,933,"a15_19","f","eo_bio_Scottish","official_lang","work.no.official_lang","no.married","other.attached","non.movers"
199675,933,"a15_19","f","ao_esao_Chinese","official_lang","work.no.official_lang","no.married","other.attached","non.movers"
481801,933,"a80_84","m","eo_bio_English","official_lang","work.no.official_lang","married","other.attached","non.movers"
577738,933,"a45_49","f","eo_eeo_Ukrainian","official_lang","work.no.official_lang","separated","other.attached","non.movers"
315242,933,"a5_9","m","eo_eeo_Ukrainian","official_lang","work.no.official_lang","no.married","other.attached","non.movers"
820626,933,"a10_14","f","ao_esao_Chinese","official_lang","work.no.official_lang","no.married","other.attached","non.movers"
15130,933,"a80_84","f","eo_bio_Irish","official_lang","work.no.official_lang","married","other.attached","non.movers"
355677,933,"a55_59","f","ao_sao_ei","official_lang","work.official_lang","divorced","other.attached","non.movers"
344138,933,"a25_29","f","onao_Canadian","official_lang","work.official_lang","married","other.attached","other.movers"
72529,933,"a85_","m","eo_bio_Scottish","official_lang","work.no.official_lang","married","other.attached","non.movers"
541167,933,"a60_64","m","eo_fo","official_lang","work.official_lang","married","single.detached.house","non.movers"
834559,933,"a45_49","m","eo_weo_Dutch","official_lang","work.official_lang","no.married","other.attached","non.movers"
832301,933,"a30_34","m","onao_Canadian","official_lang","work.official_lang","living.common.law","other.attached","nonmigrants.movers"
706282,933,"a55_59","f","eo_bio_English","official_lang","work.official_lang","separated","other.attached","non.movers"
202601,933,"a65_69","m","eo_neo","official_lang","work.official_lang","married","other.attached","non.movers"
202601,933,"a65_69","m","eo_neo","official_lang","work.official_lang","married","other.attached","non.movers"
823024,933,"a45_49","m","ao_osao","no.official_lang","work.no.official_lang","married","other.attached","other.movers"
68613,933,"a25_29","f","onao_Canadian","official_lang","work.official_lang","no.married","other.attached","non.movers"
67817,933,"a65_69","f","eo_bio_Scottish","official_lang","work.no.official_lang","married","other.attached","non.movers"
33024,933,"a0_4","m","eo_bio_Scottish","official_lang","work.no.official_lang","no.married","other.attached","other.movers"
732894,933,"a30_34","f","ao_oesao","official_lang","work.no.official_lang","married","other.attached","nonmigrants.movers"
296902,933,"a65_69","m","eo_bio_English","official_lang","work.no.official_lang","living.common.law","single.detached.house","non.movers"
342357,933,"a20_24","m","lcsao","official_lang","work.no.official_lang","no.married","single.detached.house","non.movers"
127499,933,"a60_64","m","eo_bio_English","official_lang","work.no.official_lang","married","other.attached","non.movers"
296058,933,"a70_74","f","eo_weo_German","official_lang","work.no.official_lang","married","single.detached.house","non.movers"
300131,933,"a5_9","f","ao_sao_ei","official_lang","work.no.official_lang","no.married","other.attached","non.movers"
563587,933,"a70_74","f","eo_obio","official_lang","work.no.official_lang","divorced","other.attached","non.movers"
64604,933,"a60_64","m","eo_oeeo","official_lang","work.official_lang","married","other.attached","non.movers"
405273,933,"a15_19","m","lcsao","official_lang","work.no.official_lang","no.married","other.attached","external.movers"
476193,933,"a5_9","m","lcsao","official_lang","work.no.official_lang","no.married","other.attached","external.movers"
87462,933,"a70_74","f","eo_bio_English","official_lang","work.no.official_lang","widowed","single.detached.house","non.movers"
663810,933,"a40_44","f","ao_sao_ei","official_lang","work.official_lang","married","other.attached","non.movers"
669423,933,"a15_19","f","ao_sao_ei","official_lang","work.no.official_lang","no.married","other.attached","external.movers"
92430,933,"a30_34","m","eo_oseo","official_lang","work.official_lang","no.married","other.attached","non.movers"
129759,933,"a55_59","f","ao_sao_ei","official_lang","work.no.official_lang","married","single.detached.house","non.movers"
101436,933,"a50_54","m","eo_neo","official_lang","work.official_lang","living.common.law","other.attached","non.movers"
101436,933,"a50_54","m","eo_neo","official_lang","work.official_lang","living.common.law","other.attached","non.movers"
757690,933,"a75_79","f","eo_weo_German","official_lang","work.no.official_lang","widowed","other.attached","non.movers"
886373,933,"a20_24","m","ao_sao_ei","official_lang","work.no.official_lang","no.married","other.attached","nonmigrants.movers"
342145,933,"a65_69","m","eo_neo","official_lang","work.official_lang","married","single.detached.house","non.movers"
544279,933,"a60_64","f","eo_weo_German","official_lang","work.official_lang","separated","other.attached","non.movers"
856793,933,"a0_4","m","eo_fo","official_lang","work.no.official_lang","no.married","other.attached","external.movers"
762954,933,"a30_34","f","eo_bio_English","official_lang","work.official_lang","married","other.attached","non.movers"
528573,933,"a25_29","f","ao_sao_ei","official_lang","work.official_lang","married","single.detached.house","non.movers"
273496,933,"a20_24","m","ao_esao_Filipino","official_lang","work.official_lang","no.married","single.detached.house","non.movers"
484225,933,"a50_54","f","ao_oesao","no.official_lang","work.no.official_lang","married","other.attached","non.movers"
437400,933,"a70_74","m","eo_bio_English","official_lang","work.no.official_lang","living.common.law","other.attached","non.movers"
674639,933,"a55_59","f","ao_sao_ei","no.official_lang","work.no.official_lang","married","other.attached","non.movers"
641894,933,"a65_69","m","ao_esao_Filipino","official_lang","work.no.official_lang","married","other.attached","other.movers"
104238,933,"a25_29","m","ao_esao_Filipino","official_lang","work.official_lang","no.married","other.attached","other.movers"
844833,933,"a35_39","m","onao_Canadian","official_lang","work.official_lang","no.married","other.attached","non.movers"
649882,933,"a10_14","f","ao_sao_ei","official_lang","work.no.official_lang","no.married","other.attached","other.movers"
441254,933,"a40_44","m","onao_Canadian","official_lang","work.no.official_lang","no.married","other.attached","non.movers"
858003,933,"a30_34","m","ao_sao_ei","official_lang","work.official_lang","married","other.attached","nonmigrants.movers"
629935,933,"a65_69","m","eo_seo_Spanish","no.official_lang","work.no.official_lang","married","other.attached","non.movers"
733959,933,"a15_19","f","ao_oesao","official_lang","work.no.official_lang","no.married","other.attached","nonmigrants.movers"
125619,933,"a10_14","m","eo_bio_English","official_lang","work.no.official_lang","no.married","other.attached","non.movers"
615270,933,"a75_79","m","eo_eeo_Ukrainian","official_lang","work.no.official_lang","living.common.law","other.attached","non.movers"
69089,933,"a65_69","f","ao_esao_Filipino","official_lang","work.no.official_lang","married","other.attached","non.movers"
293162,933,"a30_34","f","ao_esao_Filipino","official_lang","work.official_lang","living.common.law","other.attached","non.movers"
267117,933,"a30_34","m","ao_sao_ei","official_lang","work.official_lang","no.married","other.attached","non.movers"
91411,933,"a85_","m","eo_obio","official_lang","work.no.official_lang","married","other.attached","non.movers"
720932,933,"a60_64","f","ao_sao_ei","official_lang","work.official_lang","married","other.attached","non.movers"
197294,933,"a45_49","m","eo_eeo_Polish","official_lang","work.official_lang","married","other.attached","non.movers"
479413,933,"a40_44","m","eo_oseo","official_lang","work.no.official_lang","married","single.detached.house","non.movers"
292506,933,"a55_59","m","eo_obio","official_lang","work.official_lang","married","other.attached","other.movers"
400387,933,"a30_34","m","eo_seo_Italian","official_lang","work.official_lang","married","other.attached","non.movers"
889939,933,"a65_69","m","eo_weo_German","official_lang","work.no.official_lang","married","other.attached","non.movers"
925454,933,"a60_64","f","onao_Canadian","official_lang","work.official_lang","living.common.law","single.detached.house","other.movers"
725383,933,"a40_44","m","ao_esao_Chinese","official_lang","work.official_lang","married","single.detached.house","non.movers"
316227,933,"a70_74","m","eo_oeeo","official_lang","work.official_lang","married","other.attached","non.movers"
71501,933,"a65_69","m","eo_bio_Scottish","official_lang","work.no.official_lang","married","other.attached","other.movers"
71501,933,"a65_69","m","eo_bio_Scottish","official_lang","work.no.official_lang","married","other.attached","other.movers"
71501,933,"a65_69","m","eo_bio_Scottish","official_lang","work.no.official_lang","married","other.attached","other.movers"
71501,933,"a65_69","m","eo_bio_Scottish","official_lang","work.no.official_lang","married","other.attached","other.movers"
99938,933,"a65_69","f","eo_fo","official_lang","work.official_lang","married","other.attached","other.movers"
99938,933,"a65_69","f","eo_fo","official_lang","work.official_lang","married","other.attached","other.movers"
286261,933,"a50_54","m","eo_seo_Spanish","official_lang","work.no.official_lang","living.common.law","other.attached","non.movers"
626359,933,"a30_34","f","eo_eeo_Polish","official_lang","work.official_lang","married","other.attached","non.movers"
571700,933,"a80_84","f","onao_Canadian","official_lang","work.no.official_lang","married","single.detached.house","non.movers"
482968,933,"a75_79","f","eo_bio_English","official_lang","work.no.official_lang","married","other.attached","non.movers"
448612,933,"a65_69","m","ao_oesao","official_lang","work.no.official_lang","married","other.attached","non.movers"
347447,933,"a45_49","f","eo_bio_English","official_lang","work.official_lang","married","other.attached","other.movers"
366035,933,"a65_69","f","eo_obio","official_lang","work.no.official_lang","married","other.attached","non.movers"
223106,933,"a75_79","m","eo_obio","official_lang","work.no.official_lang","married","other.attached","non.movers"
657941,933,"a10_14","m","eo_eeo_Hungarian","official_lang","work.no.official_lang","no.married","other.attached","non.movers"
503780,933,"a30_34","m","eo_obio","official_lang","work.official_lang","no.married","other.attached","nonmigrants.movers"
51587,933,"a65_69","m","eo_bio_Irish","official_lang","work.official_lang","married","other.attached","nonmigrants.movers"
69576,933,"a50_54","f","eo_bio_Scottish","official_lang","work.official_lang","divorced","other.attached","non.movers"
242455,933,"a50_54","m","onao_Canadian","official_lang","work.no.official_lang","separated","other.attached","non.movers"
902504,933,"a15_19","f","eo_eeo_Polish","official_lang","work.no.official_lang","no.married","other.attached","non.movers"
20023,933,"a65_69","f","eo_bio_Irish","official_lang","work.no.official_lang","married","other.attached","non.movers"
809226,933,"a0_4","m","lcsao","official_lang","work.no.official_lang","no.married","other.attached","other.movers"
444169,933,"a60_64","f","eo_bio_Irish","official_lang","work.official_lang","separated","other.attached","non.movers"
482197,933,"a45_49","f","eo_weo_Dutch","official_lang","work.official_lang","living.common.law","other.attached","non.movers"
78016,933,"a65_69","m","eo_bio_Irish","official_lang","work.no.official_lang","married","other.attached","non.movers"
78016,933,"a65_69","m","eo_bio_Irish","official_lang","work.no.official_lang","married","other.attached","non.movers"
637769,933,"a70_74","m","eo_neo","official_lang","work.no.official_lang","divorced","other.attached","non.movers"
637769,933,"a70_74","m","eo_neo","official_lang","work.no.official_lang","divorced","other.attached","non.movers"
637769,933,"a70_74","m","eo_neo","official_lang","work.no.official_lang","divorced","other.attached","non.movers"
571641,933,"a25_29","m","onao_Canadian","official_lang","work.official_lang","no.married","other.attached","non.movers"
443577,933,"a85_","f","eo_bio_Scottish","official_lang","work.no.official_lang","married","other.attached","non.movers"
289813,933,"a60_64","m","eo_bio_English","official_lang","work.no.official_lang","married","single.detached.house","non.movers"
124740,933,"a85_","m","eo_eeo_Russian","official_lang","work.no.official_lang","married","single.detached.house","non.movers"
258604,933,"a65_69","f","eo_bio_English","official_lang","work.no.official_lang","married","single.detached.house","non.movers"
881177,933,"a5_9","f","eo_seo_Italian","official_lang","work.no.official_lang","no.married","other.attached","non.movers"
39027,933,"a30_34","m","eo_bio_Irish","official_lang","work.official_lang","married","other.attached","nonmigrants.movers"
817266,933,"a80_84","f","eo_weo_Dutch","official_lang","work.no.official_lang","widowed","other.attached","non.movers"
642905,933,"a20_24","m","onao_Canadian","official_lang","work.official_lang","no.married","single.detached.house","non.movers"
782566,933,"a55_59","f","eo_seo_Spanish","official_lang","work.official_lang","married","other.attached","non.movers"
644803,933,"a65_69","m","eo_eeo_Polish","official_lang","work.no.official_lang","married","single.detached.house","non.movers"
255602,933,"a60_64","f","eo_eeo_Hungarian","official_lang","work.no.official_lang","widowed","single.detached.house","non.movers"
835648,933,"a65_69","m","eo_bio_Scottish","official_lang","work.no.official_lang","married","single.detached.house","non.movers"
228911,933,"a60_64","f","eo_bio_English","official_lang","work.no.official_lang","married","other.attached","non.movers"
103871,933,"a40_44","f","onao_Canadian","official_lang","work.official_lang","married","other.attached","non.movers"
700828,933,"a25_29","m","eo_bio_Irish","official_lang","work.no.official_lang","no.married","other.attached","non.movers"
700828,933,"a25_29","m","eo_bio_Irish","official_lang","work.no.official_lang","no.married","other.attached","non.movers"
682090,933,"a10_14","m","eo_bio_Scottish","official_lang","work.no.official_lang","no.married","other.attached","non.movers"
891418,933,"a50_54","m","ao_esao_Chinese","no.official_lang","work.no.official_lang","divorced","other.attached","nonmigrants.movers"
629979,933,"a40_44","f","eo_obio","official_lang","work.no.official_lang","married","other.attached","non.movers"
142569,933,"a50_54","m","eo_bio_English","official_lang","work.official_lang","no.married","other.attached","non.movers"
833374,933,"a60_64","m","eo_bio_Irish","official_lang","work.official_lang","married","other.attached","nonmigrants.movers"
347457,933,"a25_29","f","ao_sao_ei","official_lang","work.official_lang","no.married","other.attached","non.movers"
926069,933,"a70_74","f","eo_bio_English","official_lang","work.official_lang","married","other.attached","non.movers"
212427,933,"a65_69","f","eo_neo","official_lang","work.official_lang","widowed","other.attached","non.movers"
521741,933,"a80_84","m","ao_esao_Chinese","official_lang","work.no.official_lang","married","other.attached","non.movers"
87252,933,"a35_39","m","ao_esao_Chinese","official_lang","work.official_lang","married","other.attached","non.movers"
272915,933,"a75_79","f","onao_Canadian","official_lang","work.no.official_lang","widowed","other.attached","non.movers"
62080,933,"a65_69","m","eo_bio_Scottish","official_lang","work.no.official_lang","married","other.attached","non.movers"
211745,933,"a45_49","m","ao_esao_Chinese","official_lang","work.no.official_lang","married","other.attached","nonmigrants.movers"
82625,933,"a45_49","f","eo_eeo_Russian","official_lang","work.no.official_lang","married","other.attached","non.movers"
182615,933,"a65_69","m","eo_neo","official_lang","work.official_lang","married","single.detached.house","non.movers"
690241,933,"a55_59","f","eo_eeo_Polish","official_lang","work.official_lang","married","other.attached","non.movers"
218188,933,"a30_34","m","ao_esao_Chinese","official_lang","work.official_lang","divorced","single.detached.house","nonmigrants.movers"
44024,933,"a35_39","m","onao_Canadian","official_lang","work.official_lang","living.common.law","other.attached","external.movers"
93859,933,"a60_64","f","eo_bio_English","official_lang","work.official_lang","married","other.attached","other.movers"
129301,933,"a60_64","m","eo_bio_English","official_lang","work.no.official_lang","married","other.attached","other.movers"
129301,933,"a60_64","m","eo_bio_English","official_lang","work.no.official_lang","married","other.attached","other.movers"
129301,933,"a60_64","m","eo_bio_English","official_lang","work.no.official_lang","married","other.attached","other.movers"
741956,933,"a45_49","m","eo_bio_English","official_lang","work.official_lang","married","other.attached","non.movers"
280812,933,"a30_34","m","eo_bio_Irish","official_lang","work.official_lang","married","other.attached","nonmigrants.movers"
219112,933,"a25_29","m","eo_weo_German","official_lang","work.official_lang","no.married","other.attached","nonmigrants.movers"
133478,933,"a0_4","f","eo_oeeo","official_lang","work.no.official_lang","no.married","other.attached","other.movers"
368127,933,"a50_54","f","onao_Canadian","official_lang","work.official_lang","living.common.law","other.attached","non.movers"
477935,933,"a5_9","f","eo_bio_English","official_lang","work.no.official_lang","no.married","single.detached.house","non.movers"
135573,933,"a60_64","m","onao_Canadian","official_lang","work.no.official_lang","married","other.attached","non.movers"
79765,933,"a70_74","m","eo_bio_English","official_lang","work.official_lang","married","single.detached.house","non.movers"
136842,933,"a45_49","f","eo_obio","official_lang","work.official_lang","married","other.attached","non.movers"
928069,933,"a0_4","f","ao_wcameo","official_lang","work.no.official_lang","no.married","other.attached","other.movers"
706074,933,"a60_64","f","ao_sao_ei","official_lang","work.no.official_lang","married","other.attached","non.movers"
233504,933,"a60_64","m","eo_bio_Scottish","official_lang","work.no.official_lang","married","other.attached","non.movers"
488993,933,"a45_49","m","onao_Canadian","official_lang","work.official_lang","living.common.law","other.attached","non.movers"
2959,933,"a45_49","m","eo_eeo_Russian","official_lang","work.official_lang","living.common.law","other.attached","non.movers"
666646,933,"a60_64","m","eo_bio_Scottish","official_lang","work.official_lang","married","other.attached","non.movers"
467066,933,"a30_34","f","eo_bio_Scottish","official_lang","work.official_lang","no.married","other.attached","non.movers"
682592,933,"a55_59","m","eo_bio_Scottish","official_lang","work.official_lang","living.common.law","other.attached","non.movers"
41825,933,"a75_79","f","eo_neo","official_lang","work.no.official_lang","married","other.attached","non.movers"
41825,933,"a75_79","f","eo_neo","official_lang","work.no.official_lang","married","other.attached","non.movers"
325953,933,"a0_4","m","onao_Canadian","official_lang","work.no.official_lang","no.married","other.attached","other.movers"
515002,933,"a25_29","f","eo_weo_Dutch","official_lang","work.official_lang","living.common.law","other.attached","non.movers"
928108,933,"a50_54","m","eo_fo","official_lang","work.official_lang","married","other.attached","non.movers"
490519,933,"a30_34","m","eo_seo_Italian","official_lang","work.official_lang","no.married","single.detached.house","non.movers"
151144,933,"a35_39","m","eo_seo_Italian","official_lang","work.official_lang","married","other.attached","non.movers"
352911,933,"a40_44","m","eo_weo_German","official_lang","work.official_lang","married","other.attached","other.movers"
69759,933,"a65_69","m","onao_Canadian","official_lang","work.no.official_lang","living.common.law","other.attached","non.movers"
811740,933,"a50_54","m","eo_bio_English","official_lang","work.official_lang","no.married","other.attached","non.movers"
257893,933,"a10_14","f","eo_obio","official_lang","work.no.official_lang","no.married","other.attached","non.movers"
112016,933,"a70_74","m","ao_sao_ei","official_lang","work.no.official_lang","married","other.attached","other.movers"
329218,933,"a20_24","f","onao_Canadian","official_lang","work.official_lang","no.married","other.attached","nonmigrants.movers"
419005,933,"a85_","m","eo_bio_Irish","official_lang","work.no.official_lang","married","other.attached","non.movers"
738456,933,"a80_84","m","eo_weo_Dutch","official_lang","work.no.official_lang","married","single.detached.house","non.movers"
265796,933,"a0_4","f","ao_sao_ei","official_lang","work.no.official_lang","no.married","other.attached","other.movers"
190161,933,"a70_74","f","eo_bio_English","official_lang","work.official_lang","married","other.attached","non.movers"
742445,933,"a60_64","m","eo_weo_German","official_lang","work.no.official_lang","married","single.detached.house","non.movers"
668063,933,"a35_39","f","lcsao","official_lang","work.official_lang","married","other.attached","non.movers"
539300,933,"a75_79","f","onao_Canadian","official_lang","work.no.official_lang","married","other.attached","non.movers"
7795,933,"a5_9","m","ao","official_lang","work.no.official_lang","no.married","other.attached","non.movers"
590037,933,"a85_","f","eo_neo","official_lang","work.no.official_lang","widowed","other.attached","non.movers"
605303,933,"a25_29","m","eo_fo","official_lang","work.official_lang","living.common.law","other.attached","non.movers"
605303,933,"a25_29","m","eo_fo","official_lang","work.official_lang","living.common.law","other.attached","non.movers"
628212,933,"a0_4","f","naao","official_lang","work.no.official_lang","no.married","other.attached","non.movers"
398230,933,"a20_24","f","ao_esao_Chinese","official_lang","work.no.official_lang","no.married","other.attached","non.movers"
691152,933,"a30_34","f","eo_eeo_Polish","official_lang","work.official_lang","no.married","other.attached","non.movers"
309136,933,"a70_74","f","eo_oweo","official_lang","work.no.official_lang","married","other.attached","non.movers"
702713,933,"a25_29","m","eo_weo_Dutch","official_lang","work.official_lang","married","other.attached","non.movers"
880518,933,"a65_69","m","eo_bio_English","official_lang","work.official_lang","separated","other.attached","non.movers"
104233,933,"a30_34","m","onao_Canadian","official_lang","work.official_lang","married","other.attached","non.movers"
533140,933,"a70_74","f","eo_bio_English","official_lang","work.no.official_lang","divorced","other.attached","non.movers"
915045,933,"a75_79","f","ao_sao_ei","official_lang","work.no.official_lang","married","other.attached","non.movers"
447666,933,"a10_14","m","ao_oesao","official_lang","work.no.official_lang","no.married","other.attached","non.movers"
16535,933,"a15_19","m","ao_esao_Chinese","official_lang","work.no.official_lang","no.married","single.detached.house","non.movers"
32573,933,"a45_49","m","eo_bio_Scottish","official_lang","work.official_lang","no.married","other.attached","non.movers"
459347,933,"a55_59","f","eo_bio_Irish","official_lang","work.official_lang","married","other.attached","non.movers"
677876,933,"a50_54","m","ao_esao_Filipino","official_lang","work.official_lang","married","other.attached","non.movers"
398876,933,"a40_44","m","eo_bio_English","official_lang","work.official_lang","married","other.attached","non.movers"
159585,933,"a5_9","f","eo_seo_Italian","official_lang","work.no.official_lang","no.married","other.attached","nonmigrants.movers"
150105,933,"a40_44","f","onao_Canadian","official_lang","work.official_lang","married","other.attached","non.movers"
37547,933,"a30_34","m","eo_bio_Irish","official_lang","work.official_lang","living.common.law","other.attached","non.movers"
909741,933,"a70_74","m","eo_bio_English","official_lang","work.no.official_lang","married","other.attached","non.movers"
430159,933,"a15_19","m","ao_oesao","official_lang","work.no.official_lang","no.married","other.attached","non.movers"
883995,933,"a75_79","m","eo_bio_Scottish","official_lang","work.no.official_lang","widowed","other.attached","non.movers"
746768,933,"a35_39","f","ao_esao_Filipino","official_lang","work.official_lang","married","other.attached","non.movers"
234509,933,"a35_39","m","ao_esao_Filipino","official_lang","work.official_lang","married","other.attached","non.movers"
868569,933,"a10_14","f","eo_fo","official_lang","work.no.official_lang","no.married","other.attached","non.movers"
569569,933,"a85_","m","eo_bio_Scottish","official_lang","work.no.official_lang","married","other.attached","non.movers"
398371,933,"a25_29","f","onao_Canadian","official_lang","work.official_lang","married","other.attached","nonmigrants.movers"
445918,933,"a50_54","f","eo_neo","official_lang","work.official_lang","living.common.law","other.attached","non.movers"
608556,933,"a5_9","f","ao_esao_Filipino","official_lang","work.no.official_lang","no.married","other.attached","non.movers"
199956,933,"a30_34","f","ao_esao_Filipino","official_lang","work.official_lang","no.married","other.attached","non.movers"
82141,933,"a65_69","f","ao_sao_ei","no.official_lang","work.no.official_lang","married","single.detached.house","non.movers"
144155,933,"a45_49","f","onao_Canadian","official_lang","work.official_lang","no.married","other.attached","nonmigrants.movers"
766894,933,"a55_59","m","eo_bio_English","official_lang","work.official_lang","married","other.attached","non.movers"
520272,933,"a10_14","f","onao_Canadian","official_lang","work.no.official_lang","no.married","single.detached.house","non.movers"
340687,933,"a35_39","m","eo_neo","official_lang","work.official_lang","married","single.detached.house","non.movers"
193396,933,"a0_4","m","ao_sao_ei","official_lang","work.no.official_lang","no.married","single.detached.house","other.movers"
301024,933,"a10_14","f","ao","official_lang","work.no.official_lang","no.married","other.attached","non.movers"
731415,933,"a50_54","f","ao_wcameo","no.official_lang","work.no.official_lang","married","other.attached","non.movers"
812641,933,"a45_49","f","eo_weo_German","official_lang","work.official_lang","no.married","single.detached.house","non.movers"
730827,933,"a40_44","f","ao_esao_Chinese","official_lang","work.no.official_lang","married","other.attached","non.movers"
336461,933,"a10_14","f","eo_bio_English","official_lang","work.no.official_lang","no.married","other.attached","non.movers"
700869,933,"a40_44","f","eo_neo","official_lang","work.no.official_lang","married","single.detached.house","non.movers"
481015,933,"a60_64","f","onao_Canadian","official_lang","work.no.official_lang","living.common.law","other.attached","non.movers"
452003,933,"a20_24","m","onao_Canadian","official_lang","work.official_lang","no.married","single.detached.house","non.movers"
380693,933,"a50_54","f","eo_seo_Italian","official_lang","work.official_lang","divorced","other.attached","other.movers"
93723,933,"a85_","m","eo_eeo_Ukrainian","official_lang","work.no.official_lang","married","other.attached","non.movers"
892491,933,"a10_14","f","eo_weo_Dutch","official_lang","work.no.official_lang","no.married","single.detached.house","non.movers"
888162,933,"a10_14","m","onao_Canadian","official_lang","work.no.official_lang","no.married","other.attached","non.movers"
839845,933,"a30_34","m","lcsao","official_lang","work.official_lang","married","other.attached","non.movers"
504466,933,"a55_59","f","ao_wcameo","official_lang","work.no.official_lang","married","other.attached","non.movers"
336940,933,"a45_49","m","eo_bio_Scottish","official_lang","work.official_lang","married","single.detached.house","non.movers"
785232,933,"a50_54","f","eo_weo_Dutch","official_lang","work.official_lang","married","other.attached","non.movers"
333253,933,"a35_39","m","eo_neo","official_lang","work.official_lang","married","other.attached","non.movers"
6063,933,"a25_29","m","eo_bio_English","official_lang","work.no.official_lang","living.common.law","other.attached","nonmigrants.movers"
485920,933,"a0_4","m","onao_Canadian","official_lang","work.no.official_lang","no.married","other.attached","other.movers"
912624,933,"a5_9","f","onao_Canadian","official_lang","work.no.official_lang","no.married","other.attached","non.movers"
463073,933,"a35_39","f","eo_obio","official_lang","work.official_lang","living.common.law","single.detached.house","other.movers"
492250,933,"a40_44","f","eo_seo_Italian","official_lang","work.no.official_lang","married","other.attached","other.movers"
693037,933,"a50_54","m","eo_oeeo","official_lang","work.official_lang","married","single.detached.house","non.movers"
57640,933,"a50_54","m","ao_wcameo","official_lang","work.official_lang","married","other.attached","other.movers"
12801,933,"a65_69","f","eo_bio_Scottish","official_lang","work.no.official_lang","married","single.detached.house","non.movers"
140282,933,"a65_69","m","eo_bio_English","official_lang","work.no.official_lang","married","other.attached","non.movers"
97169,933,"a55_59","m","eo_bio_English","official_lang","work.official_lang","divorced","other.attached","non.movers"
161083,933,"a60_64","m","onao_Canadian","official_lang","work.official_lang","divorced","other.attached","non.movers"
583559,933,"a65_69","m","eo_obio","official_lang","work.official_lang","living.common.law","other.attached","non.movers"
281166,933,"a70_74","f","eo_eeo_Polish","official_lang","work.no.official_lang","married","other.attached","non.movers"
872371,933,"a15_19","f","eo_bio_Scottish","official_lang","work.official_lang","no.married","other.attached","non.movers"
806072,933,"a45_49","f","eo_oseo","official_lang","work.official_lang","married","other.attached","non.movers"
203949,933,"a10_14","m","onao","official_lang","work.no.official_lang","no.married","single.detached.house","non.movers"
383563,933,"a45_49","m","eo_bio_Irish","official_lang","work.official_lang","married","other.attached","non.movers"
699023,933,"a5_9","m","ao_oesao","official_lang","work.no.official_lang","no.married","other.attached","non.movers"
41195,933,"a25_29","f","ao_oesao","official_lang","work.official_lang","married","other.attached","nonmigrants.movers"
245436,933,"a25_29","m","eo_neo","official_lang","work.official_lang","living.common.law","single.detached.house","non.movers"
579005,933,"a65_69","f","onao_Canadian","official_lang","work.official_lang","married","single.detached.house","non.movers"
663429,933,"a80_84","m","eo_bio_English","official_lang","work.no.official_lang","married","other.attached","non.movers"
776863,933,"a50_54","m","onao_Canadian","official_lang","work.official_lang","divorced","other.attached","non.movers"
566574,933,"a30_34","f","onao_Canadian","official_lang","work.official_lang","married","other.attached","non.movers"
869127,933,"a45_49","m","eo_neo","official_lang","work.official_lang","married","single.detached.house","non.movers"
183653,933,"a85_","m","eo_fo","official_lang","work.no.official_lang","married","single.detached.house","non.movers"
787356,933,"a15_19","f","ao_esao_Chinese","official_lang","work.no.official_lang","no.married","single.detached.house","non.movers"
643727,933,"a75_79","f","eo_eeo_Ukrainian","official_lang","work.no.official_lang","married","single.detached.house","non.movers"
662336,933,"a60_64","f","eo_eeo_Ukrainian","official_lang","work.official_lang","married","other.attached","other.movers"
618908,933,"a5_9","m","eo_neo","official_lang","work.no.official_lang","no.married","other.attached","non.movers"
618908,933,"a5_9","m","eo_neo","official_lang","work.no.official_lang","no.married","other.attached","non.movers"
203538,933,"a50_54","m","eo_bio_Scottish","official_lang","work.official_lang","married","other.attached","non.movers"
586705,933,"a45_49","f","onao_Canadian","official_lang","work.official_lang","divorced","other.attached","non.movers"
387433,933,"a50_54","f","eo_bio_English","official_lang","work.official_lang","married","other.attached","non.movers"
710481,933,"a55_59","f","eo_bio_Scottish","official_lang","work.official_lang","married","single.detached.house","non.movers"
674393,933,"a60_64","m","onao_Canadian","official_lang","work.official_lang","divorced","other.attached","non.movers"
727678,933,"a60_64","m","ao_sao_ei","official_lang","work.official_lang","married","other.attached","non.movers"
840478,933,"a85_","m","onao_Canadian","official_lang","work.no.official_lang","married","other.attached","non.movers"
850484,933,"a30_34","f","eo_bio_Scottish","official_lang","work.official_lang","married","other.attached","non.movers"
846007,933,"a50_54","f","ao_esao_Chinese","official_lang","work.official_lang","married","other.attached","non.movers"
102154,933,"a85_","f","eo_bio_Scottish","official_lang","work.no.official_lang","married","other.attached","non.movers"
208554,933,"a30_34","f","eo_bio_English","official_lang","work.official_lang","living.common.law","other.attached","non.movers"
390186,933,"a5_9","m","ao_sao_ei","official_lang","work.no.official_lang","no.married","other.attached","other.movers"
271665,933,"a70_74","f","oo","official_lang","work.no.official_lang","divorced","other.attached","non.movers"
613989,933,"a55_59","f","ao_oesao","official_lang","work.official_lang","married","other.attached","non.movers"
398742,933,"a15_19","f","onao_Canadian","official_lang","work.no.official_lang","no.married","other.attached","non.movers"
602967,933,"a70_74","m","eo_weo_German","official_lang","work.no.official_lang","married","single.detached.house","non.movers"
816736,933,"a65_69","f","ao_sao_ei","official_lang","work.official_lang","married","other.attached","non.movers"
27925,933,"a0_4","f","eo_eeo_Russian","official_lang","work.no.official_lang","no.married","other.attached","other.movers"
831590,933,"a55_59","m","eo_bio_English","official_lang","work.official_lang","divorced","other.attached","non.movers"
427229,933,"a55_59","m","eo_fo","official_lang","work.official_lang","married","single.detached.house","non.movers"
424515,933,"a35_39","m","eo_weo_German","official_lang","work.official_lang","no.married","other.attached","non.movers"
781609,933,"a30_34","m","eo_bio_Scottish","official_lang","work.official_lang","married","other.attached","non.movers"
485701,933,"a45_49","m","ao_oesao","no.official_lang","work.no.official_lang","married","other.attached","non.movers"
128110,933,"a15_19","f","ao_oesao","official_lang","work.no.official_lang","no.married","other.attached","non.movers"
621895,933,"a5_9","m","ao","official_lang","work.no.official_lang","no.married","other.attached","non.movers"
2538,933,"a0_4","f","ao","official_lang","work.no.official_lang","no.married","other.attached","non.movers"
144634,933,"a55_59","m","eo_eeo_Ukrainian","official_lang","work.official_lang","married","single.detached.house","non.movers"
308468,933,"a65_69","m","eo_bio_Scottish","official_lang","work.no.official_lang","no.married","other.attached","non.movers"
59117,933,"a35_39","m","ao_esao_Chinese","official_lang","work.official_lang","divorced","other.attached","other.movers"
592503,933,"a65_69","f","eo_bio_Irish","official_lang","work.official_lang","widowed","other.attached","non.movers"
824350,933,"a75_79","m","eo_bio_Scottish","official_lang","work.no.official_lang","married","other.attached","non.movers"
757123,933,"a55_59","f","eo_weo_Dutch","official_lang","work.official_lang","married","other.attached","non.movers"
153546,933,"a65_69","f","eo_weo_German","official_lang","work.official_lang","no.married","other.attached","other.movers"
158631,933,"a55_59","f","eo_eeo_Polish","official_lang","work.official_lang","separated","other.attached","non.movers"
710176,933,"a30_34","f","ao","official_lang","work.no.official_lang","married","other.attached","non.movers"
165938,933,"a65_69","f","eo_bio_Irish","official_lang","work.no.official_lang","widowed","other.attached","non.movers"
468115,933,"a55_59","f","eo_oweo","official_lang","work.no.official_lang","married","other.attached","nonmigrants.movers"
833487,933,"a35_39","f","eo_oeeo","official_lang","work.official_lang","married","other.attached","non.movers"
114796,933,"a15_19","f","naao","official_lang","work.no.official_lang","no.married","other.attached","external.movers"
474785,933,"a80_84","f","onao_Canadian","official_lang","work.no.official_lang","widowed","other.attached","non.movers"
750803,933,"a45_49","f","ao_esao_Chinese","official_lang","work.official_lang","married","other.attached","non.movers"
388607,933,"a30_34","m","eo_bio_Scottish","official_lang","work.official_lang","married","other.attached","non.movers"
810972,933,"a75_79","m","eo_bio_English","official_lang","work.no.official_lang","married","other.attached","non.movers"
586979,933,"a70_74","m","eo_eeo_Ukrainian","official_lang","work.no.official_lang","married","other.attached","non.movers"
799998,933,"a20_24","m","onao_Canadian","no.official_lang","work.no.official_lang","no.married","other.attached","non.movers"
927258,933,"a10_14","f","lcsao","official_lang","work.no.official_lang","no.married","single.detached.house","other.movers"
202539,933,"a40_44","m","onao","official_lang","work.official_lang","married","other.attached","non.movers"
202539,933,"a40_44","m","onao","official_lang","work.official_lang","married","other.attached","non.movers"
335944,933,"a85_","m","eo_neo","official_lang","work.no.official_lang","married","other.attached","non.movers"
828299,933,"a80_84","f","eo_obio","official_lang","work.no.official_lang","divorced","other.attached","non.movers"
906897,933,"a30_34","f","ao_esao_Chinese","official_lang","work.official_lang","no.married","other.attached","external.movers"
369835,933,"a10_14","m","ao_esao_Filipino","official_lang","work.no.official_lang","no.married","other.attached","non.movers"
646453,933,"a30_34","m","eo_seo_Italian","official_lang","work.no.official_lang","married","single.detached.house","other.movers"
127318,933,"a35_39","m","eo_fo","official_lang","work.official_lang","living.common.law","other.attached","non.movers"
389632,933,"a40_44","m","ao_sao_ei","official_lang","work.official_lang","married","single.detached.house","non.movers"
418792,933,"a70_74","f","eo_eeo_Polish","official_lang","work.official_lang","widowed","other.attached","other.movers"
476467,933,"a85_","f","eo_bio_English","official_lang","work.no.official_lang","widowed","other.attached","non.movers"
558074,933,"a75_79","f","eo_neo","official_lang","work.no.official_lang","married","single.detached.house","non.movers"
202934,933,"a45_49","f","ao_sao_ei","official_lang","work.official_lang","married","other.attached","non.movers"
572422,933,"a20_24","f","ao_sao_ei","official_lang","work.official_lang","no.married","other.attached","non.movers"
794309,933,"a40_44","f","onao_Canadian","official_lang","work.official_lang","married","other.attached","non.movers"
871165,933,"a25_29","f","onao_Canadian","official_lang","work.official_lang","living.common.law","other.attached","non.movers"
428298,933,"a75_79","m","eo_bio_English","official_lang","work.no.official_lang","married","other.attached","non.movers"
690569,933,"a45_49","m","eo_weo_German","official_lang","work.official_lang","married","other.attached","non.movers"
530947,933,"a35_39","f","ao_sao_ei","official_lang","work.official_lang","no.married","other.attached","non.movers"
112243,933,"a15_19","m","ao_oesao","official_lang","work.no.official_lang","no.married","other.attached","non.movers"
696277,933,"a40_44","m","ao_esao_Chinese","no.official_lang","work.no.official_lang","married","single.detached.house","external.movers"
608848,933,"a10_14","f","ao_esao_Chinese","official_lang","work.no.official_lang","no.married","other.attached","non.movers"
814199,933,"a80_84","f","eo_seo_Italian","official_lang","work.no.official_lang","widowed","other.attached","non.movers"
5341,933,"a20_24","m","eo_eeo_Polish","official_lang","work.no.official_lang","no.married","other.attached","non.movers"
398908,933,"a25_29","m","ao_esao_Filipino","official_lang","work.no.official_lang","no.married","other.attached","non.movers"
441984,933,"a60_64","m","onao_Canadian","official_lang","work.official_lang","married","single.detached.house","non.movers"
422927,933,"a60_64","m","ao_sao_ei","official_lang","work.official_lang","married","single.detached.house","non.movers"
837096,933,"a40_44","m","onao_Canadian","official_lang","work.official_lang","living.common.law","other.attached","non.movers"
531660,933,"a30_34","f","onao_Canadian","official_lang","work.no.official_lang","living.common.law","other.attached","non.movers"
705988,933,"a30_34","m","eo_fo","official_lang","work.official_lang","living.common.law","other.attached","non.movers"
705988,933,"a30_34","m","eo_fo","official_lang","work.official_lang","living.common.law","other.attached","non.movers"
501106,933,"a45_49","m","eo_obio","official_lang","work.official_lang","married","other.attached","non.movers"
577399,933,"a20_24","f","eo_obio","official_lang","work.official_lang","no.married","other.attached","non.movers"
391019,933,"a45_49","f","eo_bio_Scottish","official_lang","work.official_lang","married","single.detached.house","non.movers"
729630,933,"a0_4","f","ao_sao_ei","official_lang","work.no.official_lang","no.married","single.detached.house","other.movers"
427304,933,"a55_59","f","naao","official_lang","work.no.official_lang","no.married","other.attached","non.movers"
837659,933,"a65_69","f","eo_obio","official_lang","work.no.official_lang","married","single.detached.house","non.movers"
756898,933,"a15_19","f","ao_esao_Filipino","official_lang","work.no.official_lang","no.married","other.attached","external.movers"
195299,933,"a40_44","m","ao","official_lang","work.official_lang","married","other.attached","non.movers"
265448,933,"a80_84","m","eo_bio_Scottish","official_lang","work.no.official_lang","widowed","other.attached","non.movers"
792202,933,"a30_34","f","ao_esao_Chinese","official_lang","work.official_lang","no.married","other.attached","non.movers"
671242,933,"a45_49","f","eo_bio_Irish","official_lang","work.official_lang","married","other.attached","non.movers"
676911,933,"a80_84","f","eo_fo","official_lang","work.no.official_lang","married","other.attached","non.movers"
471941,933,"a45_49","f","eo_bio_Scottish","official_lang","work.no.official_lang","separated","single.detached.house","nonmigrants.movers"
865512,933,"a5_9","m","eo_eeo_Ukrainian","official_lang","work.no.official_lang","no.married","other.attached","non.movers"
696014,933,"a15_19","m","ao_esao_Chinese","official_lang","work.no.official_lang","no.married","other.attached","nonmigrants.movers"
917625,933,"a5_9","f","eo_weo_Dutch","official_lang","work.no.official_lang","no.married","other.attached","non.movers"
567278,933,"a50_54","f","eo_neo","official_lang","work.official_lang","married","other.attached","non.movers"
56995,933,"a65_69","m","eo_bio_English","official_lang","work.official_lang","married","single.detached.house","non.movers"
258425,933,"a35_39","f","ao_sao_ei","official_lang","work.official_lang","married","single.detached.house","other.movers"
791680,933,"a35_39","f","onao_Canadian","official_lang","work.official_lang","married","other.attached","non.movers"
510561,933,"a35_39","f","eo_eeo_Hungarian","official_lang","work.official_lang","living.common.law","other.attached","non.movers"
790695,933,"a40_44","f","eo_neo","official_lang","work.no.official_lang","no.married","other.attached","non.movers"
296289,933,"a55_59","f","eo_bio_English","official_lang","work.no.official_lang","married","other.attached","non.movers"
890722,933,"a50_54","m","ao_sao_ei","official_lang","work.official_lang","married","single.detached.house","non.movers"
861624,933,"a75_79","m","onao_Canadian","official_lang","work.no.official_lang","married","single.detached.house","non.movers"
298221,933,"a70_74","f","eo_bio_Scottish","official_lang","work.no.official_lang","married","other.attached","non.movers"
701572,933,"a35_39","f","ao_sao_ei","official_lang","work.official_lang","separated","other.attached","non.movers"
767351,933,"a60_64","m","ao_esao_Chinese","official_lang","work.no.official_lang","married","single.detached.house","non.movers"
867164,933,"a20_24","m","ao_sao_ei","official_lang","work.official_lang","no.married","single.detached.house","non.movers"
432205,933,"a65_69","m","eo_oeeo","official_lang","work.official_lang","married","other.attached","non.movers"
927913,933,"a70_74","m","eo_bio_English","official_lang","work.no.official_lang","married","other.attached","non.movers"
871593,933,"a10_14","m","ao_sao_ei","official_lang","work.no.official_lang","no.married","other.attached","non.movers"
778344,933,"a20_24","m","eo_bio_English","official_lang","work.no.official_lang","no.married","other.attached","non.movers"
572319,933,"a50_54","m","eo_bio_English","official_lang","work.official_lang","married","other.attached","non.movers"
165849,933,"a55_59","m","eo_bio_Scottish","official_lang","work.official_lang","married","other.attached","nonmigrants.movers"
412145,933,"a0_4","m","ao_sao_ei","official_lang","work.no.official_lang","no.married","other.attached","external.movers"
609486,933,"a75_79","m","eo_bio_English","official_lang","work.no.official_lang","widowed","other.attached","non.movers"
43725,933,"a50_54","m","oo","official_lang","work.no.official_lang","married","other.attached","non.movers"
651674,933,"a65_69","m","eo_fo","official_lang","work.official_lang","married","other.attached","non.movers"
594474,933,"a60_64","f","eo_fo","official_lang","work.official_lang","married","other.attached","non.movers"
322489,933,"a40_44","m","eo_bio_Scottish","official_lang","work.official_lang","living.common.law","other.attached","non.movers"
430407,933,"a35_39","m","eo_bio_English","official_lang","work.no.official_lang","divorced","other.attached","non.movers"
206933,933,"a5_9","f","eo_seo_Spanish","official_lang","work.no.official_lang","no.married","other.attached","non.movers"
822835,933,"a55_59","m","eo_bio_English","official_lang","work.official_lang","married","other.attached","non.movers"
646335,933,"a65_69","f","onao_Canadian","official_lang","work.no.official_lang","divorced","other.attached","non.movers"
421852,933,"a60_64","f","eo_bio_English","official_lang","work.no.official_lang","living.common.law","single.detached.house","non.movers"
85587,933,"a60_64","f","eo_eeo_Ukrainian","official_lang","work.no.official_lang","no.married","other.attached","non.movers"
766392,933,"a65_69","m","eo_bio_English","official_lang","work.no.official_lang","married","single.detached.house","non.movers"
227883,933,"a10_14","f","onao_Canadian","official_lang","work.no.official_lang","no.married","single.detached.house","non.movers"
128973,933,"a30_34","f","eo_oeeo","official_lang","work.official_lang","married","other.attached","non.movers"
166270,933,"a40_44","m","eo_bio_English","official_lang","work.official_lang","married","single.detached.house","non.movers"
33189,933,"a35_39","f","eo_weo_Dutch","official_lang","work.official_lang","married","other.attached","other.movers"
517343,933,"a10_14","m","onao_Canadian","official_lang","work.no.official_lang","no.married","single.detached.house","non.movers"
474681,933,"a55_59","f","eo_weo_German","official_lang","work.no.official_lang","married","other.attached","non.movers"
105035,933,"a75_79","m","eo_bio_Scottish","official_lang","work.no.official_lang","married","other.attached","other.movers"
105035,933,"a75_79","m","eo_bio_Scottish","official_lang","work.no.official_lang","married","other.attached","other.movers"
105035,933,"a75_79","m","eo_bio_Scottish","official_lang","work.no.official_lang","married","other.attached","other.movers"
557223,933,"a15_19","m","ao_esao_Filipino","official_lang","work.no.official_lang","no.married","other.attached","non.movers"
159462,933,"a65_69","m","eo_bio_English","official_lang","work.no.official_lang","married","single.detached.house","non.movers"
401757,933,"a65_69","f","ao_oesao","official_lang","work.no.official_lang","married","other.attached","non.movers"
254423,933,"a55_59","m","eo_neo","official_lang","work.official_lang","married","other.attached","non.movers"
602599,933,"a55_59","f","eo_bio_Irish","official_lang","work.official_lang","separated","other.attached","other.movers"
602599,933,"a55_59","f","eo_bio_Irish","official_lang","work.official_lang","separated","other.attached","other.movers"
602599,933,"a55_59","f","eo_bio_Irish","official_lang","work.official_lang","separated","other.attached","other.movers"
860715,933,"a40_44","m","eo_obio","official_lang","work.official_lang","living.common.law","other.attached","other.movers"
129626,933,"a20_24","f","eo_bio_English","official_lang","work.official_lang","no.married","other.attached","non.movers"
211379,933,"a55_59","f","onao_Canadian","official_lang","work.no.official_lang","living.common.law","other.attached","nonmigrants.movers"
75692,933,"a70_74","f","eo_bio_Scottish","official_lang","work.official_lang","married","single.detached.house","non.movers"
297936,933,"a70_74","f","eo_eeo_Hungarian","official_lang","work.no.official_lang","divorced","single.detached.house","non.movers"
548552,933,"a0_4","f","onao_Canadian","official_lang","work.no.official_lang","no.married","other.attached","other.movers"
280231,933,"a80_84","f","eo_bio_Scottish","official_lang","work.no.official_lang","widowed","other.attached","non.movers"
358121,933,"a40_44","m","ao_esao_Chinese","official_lang","work.official_lang","married","other.attached","other.movers"
821970,933,"a5_9","m","onao_Canadian","official_lang","work.no.official_lang","no.married","other.attached","non.movers"
64322,933,"a30_34","m","ao_sao_ei","official_lang","work.official_lang","married","other.attached","other.movers"
787517,933,"a15_19","m","ao","official_lang","work.no.official_lang","no.married","other.attached","non.movers"
916948,933,"a20_24","f","ao_esao_Filipino","official_lang","work.official_lang","no.married","single.detached.house","other.movers"
123207,933,"a50_54","m","ao_sao_ei","official_lang","work.official_lang","married","other.attached","non.movers"
491601,933,"a65_69","f","eo_eeo_Polish","official_lang","work.official_lang","divorced","other.attached","non.movers"
734586,933,"a10_14","m","ao_esao_Filipino","official_lang","work.no.official_lang","no.married","other.attached","non.movers"
794476,933,"a60_64","f","eo_oeeo","official_lang","work.no.official_lang","living.common.law","other.attached","non.movers"
76317,933,"a35_39","m","eo_bio_Scottish","official_lang","work.official_lang","living.common.law","other.attached","non.movers"
282526,933,"a15_19","f","eo_bio_Scottish","official_lang","work.official_lang","no.married","other.attached","non.movers"
419276,933,"a10_14","m","eo_weo_German","official_lang","work.no.official_lang","no.married","single.detached.house","non.movers"
342466,933,"a40_44","m","ao_esao_Filipino","official_lang","work.official_lang","married","other.attached","non.movers"
737543,933,"a80_84","m","eo_neo","official_lang","work.no.official_lang","married","other.attached","non.movers"
737543,933,"a80_84","m","eo_neo","official_lang","work.no.official_lang","married","other.attached","non.movers"
291590,933,"a35_39","f","onao_Canadian","official_lang","work.no.official_lang","no.married","other.attached","other.movers"
494767,933,"a25_29","m","eo_fo","official_lang","work.official_lang","living.common.law","other.attached","non.movers"
579198,933,"a60_64","m","eo_obio","official_lang","work.no.official_lang","married","other.attached","non.movers"
527994,933,"a60_64","m","eo_fo","official_lang","work.official_lang","married","other.attached","non.movers"
902224,933,"a35_39","m","eo_neo","official_lang","work.official_lang","married","other.attached","non.movers"
415395,933,"a30_34","f","eo_weo_Dutch","official_lang","work.official_lang","married","other.attached","non.movers"
906034,933,"a65_69","f","eo_bio_English","official_lang","work.no.official_lang","no.married","other.attached","non.movers"
11850,933,"a0_4","f","ao","official_lang","work.no.official_lang","no.married","other.attached","non.movers"
377072,933,"a25_29","m","onao_Canadian","official_lang","work.official_lang","no.married","other.attached","non.movers"
57312,933,"a50_54","m","eo_weo_Dutch","official_lang","work.official_lang","married","other.attached","non.movers"
545699,933,"a45_49","f","ao_esao_Chinese","official_lang","work.no.official_lang","married","single.detached.house","non.movers"
248648,933,"a35_39","m","ao_sao_ei","official_lang","work.official_lang","married","other.attached","non.movers"
606251,933,"a0_4","f","naao","official_lang","work.no.official_lang","no.married","other.attached","other.movers"
867391,933,"a40_44","m","eo_bio_Scottish","official_lang","work.official_lang","married","other.attached","non.movers"
810944,933,"a60_64","m","eo_bio_English","official_lang","work.no.official_lang","married","other.attached","non.movers"
532193,933,"a70_74","m","eo_bio_Irish","official_lang","work.official_lang","married","other.attached","non.movers"
526899,933,"a10_14","f","onao_Canadian","official_lang","work.no.official_lang","no.married","other.attached","non.movers"
684952,933,"a25_29","m","eo_bio_English","official_lang","work.official_lang","married","other.attached","other.movers"
456999,933,"a30_34","f","eo_seo_Spanish","official_lang","work.official_lang","married","other.attached","other.movers"
884191,933,"a15_19","f","lcsao","official_lang","work.no.official_lang","no.married","other.attached","external.movers"
495971,933,"a55_59","f","eo_bio_Irish","official_lang","work.official_lang","divorced","other.attached","non.movers"
316500,933,"a55_59","m","eo_eeo_Russian","official_lang","work.official_lang","married","other.attached","non.movers"
278446,933,"a25_29","f","ao_wcameo","no.official_lang","work.no.official_lang","married","other.attached","external.movers"
450705,933,"a35_39","m","eo_weo_Dutch","official_lang","work.official_lang","married","single.detached.house","non.movers"
249398,933,"a20_24","m","onao_Canadian","official_lang","work.no.official_lang","no.married","other.attached","non.movers"
644913,933,"a30_34","m","ao_oesao","official_lang","work.no.official_lang","married","other.attached","non.movers"
891312,933,"a45_49","m","ao_esao_Filipino","no.official_lang","work.no.official_lang","married","other.attached","non.movers"
540403,933,"a65_69","m","eo_neo","official_lang","work.no.official_lang","married","single.detached.house","non.movers"
441026,933,"a40_44","f","eo_weo_Dutch","official_lang","work.official_lang","separated","other.attached","other.movers"
441026,933,"a40_44","f","eo_weo_Dutch","official_lang","work.official_lang","separated","other.attached","other.movers"
234350,933,"a55_59","f","eo_weo_German","official_lang","work.no.official_lang","married","other.attached","non.movers"
790609,933,"a35_39","m","ao_esao_Filipino","official_lang","work.official_lang","living.common.law","other.attached","non.movers"
480033,933,"a50_54","m","eo_bio_Irish","official_lang","work.official_lang","living.common.law","other.attached","non.movers"
315187,933,"a15_19","f","eo_bio_Irish","official_lang","work.no.official_lang","no.married","other.attached","non.movers"
675492,933,"a10_14","f","eo_bio_English","official_lang","work.no.official_lang","no.married","single.detached.house","non.movers"
434777,933,"a60_64","f","eo_eeo_Polish","official_lang","work.no.official_lang","married","other.attached","other.movers"
264270,933,"a25_29","m","eo_bio_English","official_lang","work.official_lang","no.married","other.attached","non.movers"
531218,933,"a35_39","f","eo_bio_Irish","official_lang","work.official_lang","married","single.detached.house","non.movers"
137398,933,"a50_54","f","eo_neo","official_lang","work.official_lang","married","other.attached","non.movers"
138677,933,"a65_69","m","eo_eeo_Ukrainian","official_lang","work.official_lang","widowed","other.attached","non.movers"
689322,933,"a25_29","f","eo_weo_German","official_lang","work.no.official_lang","living.common.law","other.attached","nonmigrants.movers"
731605,933,"a55_59","m","eo_bio_Irish","official_lang","work.official_lang","married","other.attached","non.movers"
25138,933,"a70_74","f","eo_bio_Irish","official_lang","work.no.official_lang","married","other.attached","non.movers"
47535,933,"a60_64","m","ao_esao_Filipino","no.official_lang","work.no.official_lang","separated","other.attached","non.movers"
853521,933,"a70_74","m","eo_bio_English","official_lang","work.no.official_lang","married","other.attached","nonmigrants.movers"
898976,933,"a55_59","f","onao_Canadian","official_lang","work.no.official_lang","married","other.attached","non.movers"
811826,933,"a75_79","m","eo_bio_English","official_lang","work.no.official_lang","no.married","single.detached.house","non.movers"
842101,933,"a50_54","m","eo_bio_English","official_lang","work.official_lang","married","other.attached","non.movers"
299412,933,"a50_54","m","onao_Canadian","official_lang","work.no.official_lang","no.married","other.attached","non.movers"
595379,933,"a30_34","m","ao_esao_Filipino","official_lang","work.official_lang","married","other.attached","non.movers"
740271,933,"a45_49","f","ao_esao_Filipino","official_lang","work.official_lang","married","other.attached","non.movers"
104405,933,"a45_49","f","eo_weo_Dutch","official_lang","work.official_lang","separated","other.attached","non.movers"
614493,933,"a70_74","m","onao_Canadian","official_lang","work.no.official_lang","married","other.attached","other.movers"
614493,933,"a70_74","m","onao_Canadian","official_lang","work.no.official_lang","married","other.attached","other.movers"
378646,933,"a40_44","m","eo_bio_English","official_lang","work.official_lang","married","other.attached","non.movers"
250161,933,"a35_39","m","ao_sao_ei","official_lang","work.official_lang","living.common.law","other.attached","nonmigrants.movers"
863028,933,"a65_69","f","onao_Canadian","official_lang","work.no.official_lang","married","other.attached","non.movers"
749013,933,"a0_4","m","onao_Canadian","official_lang","work.no.official_lang","no.married","other.attached","other.movers"
609251,933,"a25_29","f","eo_weo_Dutch","official_lang","work.official_lang","married","other.attached","other.movers"
609251,933,"a25_29","f","eo_weo_Dutch","official_lang","work.official_lang","married","other.attached","other.movers"
435845,933,"a10_14","m","ao_sao_ei","official_lang","work.no.official_lang","no.married","other.attached","non.movers"
866029,933,"a55_59","m","onao","official_lang","work.official_lang","married","other.attached","non.movers"
866029,933,"a55_59","m","onao","official_lang","work.official_lang","married","other.attached","non.movers"
74992,933,"a70_74","m","eo_obio","official_lang","work.no.official_lang","married","other.attached","non.movers"
827321,933,"a0_4","f","onao_Canadian","official_lang","work.no.official_lang","no.married","other.attached","other.movers"
753774,933,"a55_59","f","eo_bio_Scottish","official_lang","work.official_lang","living.common.law","other.attached","non.movers"
895778,933,"a50_54","m","ao_oesao","official_lang","work.no.official_lang","married","single.detached.house","non.movers"
803873,933,"a65_69","f","eo_eeo_Ukrainian","official_lang","work.no.official_lang","living.common.law","other.attached","non.movers"
43375,933,"a55_59","m","ao_esao_Filipino","official_lang","work.official_lang","married","single.detached.house","other.movers"
886756,933,"a85_","m","eo_bio_English","official_lang","work.no.official_lang","married","single.detached.house","non.movers"
784129,933,"a60_64","f","eo_bio_Scottish","official_lang","work.official_lang","living.common.law","other.attached","non.movers"
7137,933,"a55_59","f","eo_bio_English","official_lang","work.no.official_lang","married","other.attached","non.movers"
728114,933,"a85_","m","eo_neo","official_lang","work.no.official_lang","widowed","other.attached","non.movers"
728114,933,"a85_","m","eo_neo","official_lang","work.no.official_lang","widowed","other.attached","non.movers"
204752,933,"a45_49","m","eo_eeo_Ukrainian","official_lang","work.official_lang","married","other.attached","non.movers"
742265,933,"a35_39","m","eo_bio_Irish","official_lang","work.official_lang","married","other.attached","non.movers"
650611,933,"a0_4","f","eo_bio_Irish","official_lang","work.no.official_lang","no.married","other.attached","non.movers"
197193,933,"a15_19","m","naao","official_lang","work.no.official_lang","no.married","other.attached","non.movers"
924348,933,"a10_14","m","naao","official_lang","work.no.official_lang","no.married","other.attached","non.movers"
407116,933,"a25_29","m","naao","official_lang","work.official_lang","no.married","other.attached","non.movers"
126930,933,"a10_14","f","naao","official_lang","work.no.official_lang","no.married","other.attached","non.movers"
184135,933,"a45_49","m","lcsao","official_lang","work.official_lang","married","other.attached","other.movers"
735492,933,"a15_19","m","lcsao","official_lang","work.official_lang","no.married","other.attached","other.movers"
699564,933,"a35_39","m","eo_bio_Scottish","official_lang","work.official_lang","no.married","single.detached.house","non.movers"
390940,933,"a45_49","f","onao_Canadian","official_lang","work.official_lang","divorced","other.attached","non.movers"
174283,933,"a40_44","f","eo_eeo_Hungarian","official_lang","work.no.official_lang","married","other.attached","other.movers"
888383,933,"a45_49","f","onao_Canadian","official_lang","work.official_lang","married","other.attached","non.movers"
410605,933,"a80_84","m","eo_neo","official_lang","work.no.official_lang","married","other.attached","non.movers"
410605,933,"a80_84","m","eo_neo","official_lang","work.no.official_lang","married","other.attached","non.movers"
36995,933,"a5_9","m","ao_sao_ei","official_lang","work.no.official_lang","no.married","other.attached","non.movers"
888488,933,"a45_49","f","ao_sao_ei","official_lang","work.official_lang","divorced","other.attached","non.movers"
43109,933,"a30_34","f","onao_Canadian","official_lang","work.no.official_lang","no.married","other.attached","non.movers"
317621,933,"a0_4","f","ao_esao_Chinese","official_lang","work.no.official_lang","no.married","other.attached","non.movers"
506057,933,"a50_54","f","eo_fo","official_lang","work.official_lang","married","single.detached.house","non.movers"
578872,933,"a80_84","m","eo_weo_German","official_lang","work.no.official_lang","widowed","other.attached","non.movers"
371065,933,"a70_74","f","eo_bio_English","official_lang","work.no.official_lang","married","other.attached","non.movers"
439630,933,"a65_69","f","onao_Canadian","official_lang","work.no.official_lang","married","other.attached","non.movers"
700435,933,"a75_79","f","eo_bio_Irish","official_lang","work.no.official_lang","married","other.attached","non.movers"
697447,933,"a65_69","m","onao_Canadian","official_lang","work.no.official_lang","married","other.attached","other.movers"
697447,933,"a65_69","m","onao_Canadian","official_lang","work.no.official_lang","married","other.attached","other.movers"
212098,933,"a40_44","m","naao","official_lang","work.no.official_lang","married","other.attached","non.movers"
731441,933,"a40_44","m","eo_bio_Irish","official_lang","work.official_lang","married","other.attached","non.movers"
670745,933,"a70_74","m","eo_bio_Irish","official_lang","work.official_lang","divorced","other.attached","non.movers"
23712,933,"a30_34","f","naao","official_lang","work.no.official_lang","no.married","other.attached","non.movers"
68707,933,"a45_49","m","eo_bio_English","official_lang","work.official_lang","no.married","other.attached","non.movers"
822848,933,"a50_54","m","eo_eeo_Russian","official_lang","work.official_lang","married","other.attached","other.movers"
455763,933,"a20_24","m","eo_bio_Irish","official_lang","work.no.official_lang","no.married","other.attached","non.movers"
220585,933,"a55_59","m","naao","official_lang","work.no.official_lang","married","other.attached","non.movers"
256396,933,"a0_4","m","eo_weo_German","official_lang","work.no.official_lang","no.married","other.attached","other.movers"
235348,933,"a40_44","m","eo_oeeo","official_lang","work.official_lang","married","other.attached","non.movers"
531610,933,"a65_69","f","eo_eeo_Hungarian","official_lang","work.no.official_lang","married","other.attached","non.movers"
870683,933,"a70_74","f","eo_bio_English","official_lang","work.no.official_lang","separated","other.attached","non.movers"
483303,933,"a75_79","m","eo_weo_German","official_lang","work.no.official_lang","married","other.attached","non.movers"
91930,933,"a80_84","f","eo_fo","official_lang","work.no.official_lang","widowed","single.detached.house","non.movers"
560399,933,"a70_74","f","eo_bio_English","official_lang","work.no.official_lang","married","other.attached","non.movers"
823211,933,"a70_74","f","eo_bio_English","official_lang","work.no.official_lang","married","other.attached","other.movers"
823211,933,"a70_74","f","eo_bio_English","official_lang","work.no.official_lang","married","other.attached","other.movers"
395284,933,"a0_4","m","eo_oeeo","official_lang","work.no.official_lang","no.married","single.detached.house","non.movers"
671940,933,"a70_74","m","ao_esao_Chinese","official_lang","work.no.official_lang","living.common.law","other.attached","non.movers"
139288,933,"a5_9","f","onao_Canadian","official_lang","work.no.official_lang","no.married","other.attached","non.movers"
167318,933,"a55_59","f","eo_bio_Scottish","official_lang","work.official_lang","married","other.attached","non.movers"
6501,933,"a55_59","m","eo_weo_Dutch","official_lang","work.official_lang","married","other.attached","non.movers"
27072,933,"a50_54","m","eo_obio","official_lang","work.official_lang","married","other.attached","non.movers"
410017,933,"a60_64","f","onao_Canadian","official_lang","work.no.official_lang","no.married","other.attached","non.movers"
759549,933,"a40_44","m","eo_eeo_Ukrainian","official_lang","work.official_lang","divorced","other.attached","other.movers"
759549,933,"a40_44","m","eo_eeo_Ukrainian","official_lang","work.official_lang","divorced","other.attached","other.movers"
622203,933,"a40_44","f","eo_weo_German","official_lang","work.official_lang","divorced","single.detached.house","non.movers"
133873,933,"a5_9","m","ao_esao_Chinese","official_lang","work.no.official_lang","no.married","other.attached","non.movers"
900267,933,"a50_54","f","onao","official_lang","work.no.official_lang","married","single.detached.house","non.movers"
577074,933,"a15_19","f","ao_oesao","official_lang","work.official_lang","no.married","other.attached","non.movers"
73728,933,"a70_74","f","eo_bio_Scottish","official_lang","work.no.official_lang","married","other.attached","non.movers"
856180,933,"a65_69","f","eo_bio_Irish","official_lang","work.official_lang","married","other.attached","non.movers"
302379,933,"a25_29","m","eo_weo_German","official_lang","work.official_lang","living.common.law","other.attached","non.movers"
921558,933,"a15_19","m","ao_oesao","official_lang","work.official_lang","no.married","other.attached","non.movers"
196151,933,"a60_64","f","onao","official_lang","work.official_lang","living.common.law","other.attached","non.movers"
656768,933,"a45_49","m","eo_neo","official_lang","work.official_lang","divorced","other.attached","non.movers"
826519,933,"a40_44","m","eo_bio_English","official_lang","work.official_lang","living.common.law","other.attached","non.movers"
158515,933,"a40_44","f","eo_oeeo","official_lang","work.official_lang","married","other.attached","non.movers"
772948,933,"a65_69","m","onao_Canadian","official_lang","work.no.official_lang","married","other.attached","other.movers"
772948,933,"a65_69","m","onao_Canadian","official_lang","work.no.official_lang","married","other.attached","other.movers"
58939,933,"a65_69","f","onao_Canadian","official_lang","work.no.official_lang","married","other.attached","other.movers"
883194,933,"a50_54","f","ao_sao_ei","official_lang","work.official_lang","divorced","other.attached","non.movers"
114871,933,"a15_19","m","eo_bio_Scottish","official_lang","work.no.official_lang","no.married","other.attached","non.movers"
461225,933,"a30_34","m","ao_esao_Chinese","official_lang","work.official_lang","married","other.attached","non.movers"
430287,933,"a65_69","f","eo_bio_English","official_lang","work.no.official_lang","married","single.detached.house","non.movers"
307634,933,"a10_14","m","ao_sao_ei","official_lang","work.no.official_lang","no.married","other.attached","non.movers"
500037,933,"a65_69","m","eo_weo_German","official_lang","work.no.official_lang","married","single.detached.house","non.movers"
169154,933,"a35_39","m","eo_bio_Irish","official_lang","work.official_lang","married","other.attached","non.movers"
192865,933,"a0_4","m","eo_bio_English","official_lang","work.no.official_lang","no.married","single.detached.house","other.movers"
204986,933,"a45_49","m","eo_bio_Irish","official_lang","work.official_lang","married","other.attached","non.movers"
846245,933,"a60_64","m","eo_oeo","official_lang","work.official_lang","divorced","other.attached","other.movers"
169774,933,"a25_29","m","ao_osao","official_lang","work.no.official_lang","no.married","other.attached","other.movers"
784445,933,"a40_44","m","ao_sao_ei","official_lang","work.official_lang","married","other.attached","non.movers"
862429,933,"a60_64","m","eo_eeo_Hungarian","official_lang","work.no.official_lang","no.married","other.attached","other.movers"
728919,933,"a60_64","m","eo_weo_German","official_lang","work.official_lang","married","single.detached.house","non.movers"
288924,933,"a40_44","f","ao_sao_ei","official_lang","work.official_lang","married","other.attached","non.movers"
874101,933,"a40_44","m","ao_sao_ei","official_lang","work.no.official_lang","divorced","other.attached","non.movers"
310055,933,"a20_24","f","naao","official_lang","work.no.official_lang","living.common.law","other.attached","non.movers"
915459,933,"a60_64","f","lcsao","official_lang","work.official_lang","married","other.attached","non.movers"
505897,933,"a75_79","f","eo_oeeo","official_lang","work.no.official_lang","married","other.attached","other.movers"
505897,933,"a75_79","f","eo_oeeo","official_lang","work.no.official_lang","married","other.attached","other.movers"
302776,933,"a25_29","f","lcsao","official_lang","work.no.official_lang","no.married","other.attached","non.movers"
390736,933,"a0_4","f","ao_sao_ei","official_lang","work.no.official_lang","no.married","other.attached","non.movers"
304811,933,"a60_64","f","onao_Canadian","official_lang","work.no.official_lang","married","other.attached","other.movers"
279542,933,"a35_39","f","eo_bio_Scottish","official_lang","work.official_lang","married","other.attached","other.movers"
484918,933,"a60_64","f","onao_Canadian","official_lang","work.official_lang","married","other.attached","non.movers"
548996,933,"a50_54","f","ao_esao_Chinese","no.official_lang","work.no.official_lang","divorced","other.attached","other.movers"
31269,933,"a70_74","m","eo_bio_English","official_lang","work.no.official_lang","married","other.attached","non.movers"
880979,933,"a50_54","m","ao_esao_Filipino","official_lang","work.official_lang","married","other.attached","other.movers"
117360,933,"a20_24","m","ao_esao_Filipino","official_lang","work.official_lang","no.married","other.attached","other.movers"
462777,933,"a50_54","m","eo_fo","official_lang","work.official_lang","living.common.law","single.detached.house","non.movers"
476018,933,"a15_19","f","eo_fo","official_lang","work.no.official_lang","no.married","other.attached","non.movers"
131794,933,"a30_34","m","eo_bio_English","official_lang","work.official_lang","living.common.law","other.attached","nonmigrants.movers"
810140,933,"a55_59","f","eo_seo_Italian","official_lang","work.no.official_lang","married","other.attached","non.movers"
548900,933,"a40_44","f","eo_bio_Irish","official_lang","work.official_lang","married","other.attached","non.movers"
891334,933,"a15_19","f","onao_Canadian","official_lang","work.no.official_lang","no.married","other.attached","non.movers"
261577,933,"a40_44","f","eo_bio_English","official_lang","work.official_lang","married","other.attached","non.movers"
579644,933,"a20_24","f","ao_sao_ei","official_lang","work.official_lang","no.married","single.detached.house","non.movers"
859008,933,"a10_14","f","ao_esao_Filipino","official_lang","work.no.official_lang","no.married","other.attached","other.movers"
925367,933,"a45_49","m","eo_fo","official_lang","work.official_lang","married","other.attached","non.movers"
561241,933,"a45_49","m","onao","official_lang","work.official_lang","married","single.detached.house","non.movers"
720601,933,"a70_74","f","eo_neo","official_lang","work.no.official_lang","married","single.detached.house","non.movers"
543863,933,"a60_64","f","eo_bio_English","official_lang","work.no.official_lang","married","other.attached","non.movers"
789789,933,"a35_39","m","onao_Canadian","official_lang","work.official_lang","married","other.attached","non.movers"
383136,933,"a25_29","m","eo_bio_Scottish","official_lang","work.official_lang","living.common.law","other.attached","other.movers"
383136,933,"a25_29","m","eo_bio_Scottish","official_lang","work.official_lang","living.common.law","other.attached","other.movers"
383136,933,"a25_29","m","eo_bio_Scottish","official_lang","work.official_lang","living.common.law","other.attached","other.movers"
31493,933,"a5_9","f","eo_seo_Spanish","official_lang","work.no.official_lang","no.married","other.attached","non.movers"
871531,933,"a40_44","f","ao_sao_ei","official_lang","work.no.official_lang","married","other.attached","nonmigrants.movers"
46544,933,"a30_34","f","eo_bio_Scottish","official_lang","work.official_lang","married","other.attached","non.movers"
569830,933,"a5_9","m","eo_bio_English","official_lang","work.no.official_lang","no.married","other.attached","non.movers"
193818,933,"a40_44","m","onao_Canadian","official_lang","work.official_lang","married","other.attached","non.movers"
565385,933,"a50_54","f","ao_esao_Chinese","official_lang","work.official_lang","married","other.attached","non.movers"
578501,933,"a45_49","m","eo_bio_English","official_lang","work.official_lang","married","other.attached","non.movers"
631346,933,"a55_59","m","ao_sao_ei","official_lang","work.no.official_lang","married","other.attached","non.movers"
