"PPSORT","CMA","AGE","SEX","RACE","KOL","WORKLANG","MARST","DWEL","MOBL"
155043,933,"a80_84","f","eo_weo_German","official_lang","work.no.official_lang","widowed","other.attached","non.movers"
181442,933,"a25_29","f","ao_sao_ei","official_lang","work.official_lang","married","other.attached","non.movers"
829364,933,"a35_39","f","ao_sao_ei","official_lang","work.no.official_lang","married","other.attached","non.movers"
6426,933,"a0_4","f","ao","official_lang","work.no.official_lang","no.married","other.attached","non.movers"
532137,933,"a75_79","f","ao_sao_ei","official_lang","work.no.official_lang","married","single.detached.house","non.movers"
415317,933,"a35_39","f","ao_sao_ei","official_lang","work.official_lang","married","other.attached","non.movers"
645007,933,"a10_14","f","ao_sao_ei","official_lang","work.no.official_lang","no.married","other.attached","other.movers"
202826,933,"a30_34","f","ao_sao_ei","official_lang","work.no.official_lang","married","other.attached","nonmigrants.movers"
202826,933,"a30_34","f","ao_sao_ei","official_lang","work.no.official_lang","married","other.attached","nonmigrants.movers"
7974,933,"a10_14","m","ao_sao_ei","official_lang","work.no.official_lang","no.married","single.detached.house","non.movers"
471371,933,"a85_","m","eo_bio_English","official_lang","work.no.official_lang","married","other.attached","non.movers"
684389,933,"a35_39","m","ao_sao_ei","official_lang","work.official_lang","married","other.attached","non.movers"
63342,933,"a35_39","f","ao_sao_ei","official_lang","work.official_lang","married","other.attached","non.movers"
127504,933,"a5_9","m","ao_sao_ei","no.official_lang","work.no.official_lang","no.married","other.attached","non.movers"
127504,933,"a5_9","m","ao_sao_ei","no.official_lang","work.no.official_lang","no.married","other.attached","non.movers"
127504,933,"a5_9","m","ao_sao_ei","no.official_lang","work.no.official_lang","no.married","other.attached","non.movers"
517500,933,"a0_4","f","ao_sao_ei","no.official_lang","work.no.official_lang","no.married","other.attached","other.movers"
517500,933,"a0_4","f","ao_sao_ei","no.official_lang","work.no.official_lang","no.married","other.attached","other.movers"
682796,933,"a40_44","m","ao_sao_ei","no.official_lang","work.no.official_lang","married","single.detached.house","non.movers"
145028,933,"a75_79","f","ao_sao_ei","no.official_lang","work.no.official_lang","married","other.attached","non.movers"
145028,933,"a75_79","f","ao_sao_ei","no.official_lang","work.no.official_lang","married","other.attached","non.movers"
145028,933,"a75_79","f","ao_sao_ei","no.official_lang","work.no.official_lang","married","other.attached","non.movers"
145028,933,"a75_79","f","ao_sao_ei","no.official_lang","work.no.official_lang","married","other.attached","non.movers"
86455,933,"a45_49","m","eo_bio_English","official_lang","work.official_lang","married","single.detached.house","non.movers"
523922,933,"a50_54","m","onao_Canadian","official_lang","work.official_lang","no.married","other.attached","non.movers"
6720,933,"a60_64","f","ao_sao_ei","no.official_lang","work.no.official_lang","widowed","other.attached","non.movers"
6720,933,"a60_64","f","ao_sao_ei","no.official_lang","work.no.official_lang","widowed","other.attached","non.movers"
316845,933,"a50_54","m","ao_sao_ei","official_lang","work.official_lang","married","other.attached","non.movers"
490944,933,"a40_44","f","ao_osao","official_lang","work.official_lang","married","other.attached","non.movers"
758972,933,"a10_14","f","ao_sao_ei","official_lang","work.no.official_lang","no.married","other.attached","non.movers"
315352,933,"a70_74","m","ao_sao_ei","official_lang","work.no.official_lang","married","other.attached","non.movers"
800262,933,"a55_59","m","ao_sao_ei","official_lang","work.official_lang","married","other.attached","non.movers"
578915,933,"a25_29","m","ao","official_lang","work.official_lang","no.married","other.attached","non.movers"
225523,933,"a35_39","f","ao_osao","official_lang","work.no.official_lang","married","other.attached","nonmigrants.movers"
265388,933,"a50_54","f","ao_sao_ei","no.official_lang","work.official_lang","divorced","other.attached","nonmigrants.movers"
730967,933,"a15_19","f","ao_sao_ei","official_lang","work.official_lang","no.married","other.attached","nonmigrants.movers"
104463,933,"a70_74","f","ao_sao_ei","no.official_lang","work.no.official_lang","widowed","other.attached","non.movers"
104463,933,"a70_74","f","ao_sao_ei","no.official_lang","work.no.official_lang","widowed","other.attached","non.movers"
558444,933,"a60_64","f","ao_sao_ei","official_lang","work.official_lang","married","other.attached","other.movers"
162596,933,"a35_39","f","ao_sao_ei","official_lang","work.official_lang","married","other.attached","nonmigrants.movers"
309898,933,"a25_29","f","eo_bio_English","official_lang","work.no.official_lang","no.married","other.attached","non.movers"
316105,933,"a30_34","m","ao_sao_ei","official_lang","work.official_lang","no.married","other.attached","nonmigrants.movers"
622642,933,"a45_49","f","ao_esao_Filipino","official_lang","work.official_lang","married","other.attached","non.movers"
188950,933,"a5_9","m","ao_sao_ei","official_lang","work.no.official_lang","no.married","other.attached","non.movers"
769146,933,"a5_9","f","ao_osao","official_lang","work.no.official_lang","no.married","other.attached","non.movers"
778441,933,"a75_79","f","ao_esao_Chinese","no.official_lang","work.no.official_lang","married","other.attached","non.movers"
552072,933,"a30_34","f","ao_wcameo","official_lang","work.official_lang","married","other.attached","non.movers"
421142,933,"a50_54","m","ao","official_lang","work.official_lang","married","other.attached","nonmigrants.movers"
593775,933,"a25_29","m","ao","official_lang","work.official_lang","no.married","other.attached","nonmigrants.movers"
608201,933,"a35_39","m","eo_oeeo","official_lang","work.no.official_lang","no.married","other.attached","non.movers"
302990,933,"a20_24","f","ao_osao","official_lang","work.official_lang","no.married","other.attached","non.movers"
643084,933,"a40_44","f","onao_Canadian","official_lang","work.official_lang","no.married","other.attached","non.movers"
463100,933,"a40_44","f","ao_sao_ei","official_lang","work.no.official_lang","divorced","other.attached","non.movers"
271077,933,"a60_64","m","ao","official_lang","work.official_lang","living.common.law","other.attached","non.movers"
425876,933,"a25_29","m","ao","official_lang","work.no.official_lang","no.married","other.attached","non.movers"
426583,933,"a70_74","f","ao_sao_ei","no.official_lang","work.no.official_lang","widowed","other.attached","non.movers"
426583,933,"a70_74","f","ao_sao_ei","no.official_lang","work.no.official_lang","widowed","other.attached","non.movers"
908405,933,"a25_29","m","ao_sao_ei","official_lang","work.official_lang","no.married","single.detached.house","non.movers"
778858,933,"a15_19","m","ao_osao","official_lang","work.no.official_lang","no.married","other.attached","non.movers"
809301,933,"a15_19","m","ao_sao_ei","official_lang","work.no.official_lang","no.married","single.detached.house","non.movers"
731336,933,"a45_49","f","ao_osao","official_lang","work.official_lang","married","other.attached","non.movers"
732025,933,"a20_24","m","ao_sao_ei","official_lang","work.official_lang","no.married","single.detached.house","non.movers"
131742,933,"a65_69","f","ao_sao_ei","no.official_lang","work.no.official_lang","married","other.attached","non.movers"
131742,933,"a65_69","f","ao_sao_ei","no.official_lang","work.no.official_lang","married","other.attached","non.movers"
801907,933,"a45_49","f","ao_sao_ei","official_lang","work.official_lang","married","other.attached","non.movers"
83856,933,"a5_9","m","ao_osao","official_lang","work.no.official_lang","no.married","other.attached","non.movers"
83856,933,"a5_9","m","ao_osao","official_lang","work.no.official_lang","no.married","other.attached","non.movers"
717536,933,"a35_39","f","ao_sao_ei","official_lang","work.official_lang","married","other.attached","non.movers"
833540,933,"a65_69","m","ao_sao_ei","official_lang","work.no.official_lang","married","other.attached","non.movers"
186328,933,"a65_69","f","ao_osao","no.official_lang","work.no.official_lang","married","single.detached.house","nonmigrants.movers"
513943,933,"a75_79","f","ao_sao_ei","official_lang","work.no.official_lang","married","single.detached.house","non.movers"
285696,933,"a60_64","f","eo_weo_German","official_lang","work.official_lang","living.common.law","other.attached","non.movers"
695341,933,"a20_24","f","ao_osao","official_lang","work.no.official_lang","no.married","single.detached.house","non.movers"
130715,933,"a15_19","m","ao","official_lang","work.no.official_lang","no.married","other.attached","non.movers"
377143,933,"a10_14","f","ao","official_lang","work.no.official_lang","no.married","other.attached","non.movers"
559513,933,"a65_69","m","eo_weo_German","official_lang","work.no.official_lang","divorced","other.attached","non.movers"
317677,933,"a30_34","f","ao_sao_ei","official_lang","work.no.official_lang","married","other.attached","non.movers"
811887,933,"a70_74","f","eo_bio_English","official_lang","work.no.official_lang","no.married","other.attached","non.movers"
713295,933,"a85_","f","eo_bio_English","official_lang","work.no.official_lang","widowed","other.attached","non.movers"
249120,933,"a0_4","m","ao_sao_ei","official_lang","work.no.official_lang","no.married","other.attached","non.movers"
505960,933,"a5_9","f","ao","official_lang","work.no.official_lang","no.married","other.attached","non.movers"
790643,933,"a20_24","f","ao_osao","official_lang","work.no.official_lang","no.married","other.attached","non.movers"
790643,933,"a20_24","f","ao_osao","official_lang","work.no.official_lang","no.married","other.attached","non.movers"
790643,933,"a20_24","f","ao_osao","official_lang","work.no.official_lang","no.married","other.attached","non.movers"
51146,933,"a10_14","m","ao_sao_ei","official_lang","work.no.official_lang","no.married","other.attached","non.movers"
86553,933,"a5_9","f","ao_sao_ei","official_lang","work.no.official_lang","no.married","other.attached","non.movers"
632166,933,"a50_54","m","ao_sao_ei","official_lang","work.official_lang","married","single.detached.house","non.movers"
713925,933,"a70_74","f","ao_sao_ei","no.official_lang","work.no.official_lang","married","single.detached.house","non.movers"
490936,933,"a20_24","f","ao_sao_ei","official_lang","work.official_lang","no.married","other.attached","other.movers"
229031,933,"a75_79","m","onao_Canadian","official_lang","work.no.official_lang","married","other.attached","non.movers"
94774,933,"a35_39","m","eo_bio_English","official_lang","work.official_lang","married","other.attached","non.movers"
344289,933,"a0_4","m","ao_osao","official_lang","work.no.official_lang","no.married","other.attached","non.movers"
176399,933,"a55_59","m","ao_osao","official_lang","work.official_lang","married","other.attached","non.movers"
609878,933,"a20_24","m","ao_osao","official_lang","work.no.official_lang","no.married","other.attached","non.movers"
609878,933,"a20_24","m","ao_osao","official_lang","work.no.official_lang","no.married","other.attached","non.movers"
609878,933,"a20_24","m","ao_osao","official_lang","work.no.official_lang","no.married","other.attached","non.movers"
883047,933,"a35_39","f","ao_esao_Filipino","official_lang","work.official_lang","married","other.attached","non.movers"
620560,933,"a20_24","f","ao_sao_ei","official_lang","work.official_lang","no.married","other.attached","non.movers"
693270,933,"a10_14","m","ao_sao_ei","official_lang","work.no.official_lang","no.married","other.attached","non.movers"
567144,933,"a60_64","m","ao_sao_ei","no.official_lang","work.no.official_lang","married","other.attached","non.movers"
567144,933,"a60_64","m","ao_sao_ei","no.official_lang","work.no.official_lang","married","other.attached","non.movers"
567144,933,"a60_64","m","ao_sao_ei","no.official_lang","work.no.official_lang","married","other.attached","non.movers"
791465,933,"a0_4","f","ao_sao_ei","no.official_lang","work.no.official_lang","no.married","single.detached.house","non.movers"
633420,933,"a5_9","f","ao_sao_ei","official_lang","work.no.official_lang","no.married","other.attached","other.movers"
136248,933,"a65_69","m","ao_sao_ei","no.official_lang","work.no.official_lang","married","other.attached","other.movers"
136248,933,"a65_69","m","ao_sao_ei","no.official_lang","work.no.official_lang","married","other.attached","other.movers"
136248,933,"a65_69","m","ao_sao_ei","no.official_lang","work.no.official_lang","married","other.attached","other.movers"
888695,933,"a0_4","m","ao_sao_ei","official_lang","work.no.official_lang","no.married","single.detached.house","other.movers"
607048,933,"a55_59","m","ao_sao_ei","official_lang","work.official_lang","married","single.detached.house","non.movers"
6955,933,"a45_49","f","eo_bio_English","official_lang","work.official_lang","living.common.law","other.attached","other.movers"
430145,933,"a20_24","f","ao_sao_ei","official_lang","work.official_lang","no.married","other.attached","non.movers"
29139,933,"a20_24","f","ao_sao_ei","official_lang","work.official_lang","no.married","other.attached","non.movers"
507507,933,"a30_34","m","ao_osao","official_lang","work.official_lang","married","other.attached","non.movers"
507507,933,"a30_34","m","ao_osao","official_lang","work.official_lang","married","other.attached","non.movers"
715021,933,"a45_49","f","ao_sao_ei","official_lang","work.official_lang","divorced","other.attached","non.movers"
736758,933,"a45_49","f","ao_osao","official_lang","work.official_lang","married","other.attached","non.movers"
276224,933,"a85_","f","ao_sao_ei","no.official_lang","work.no.official_lang","married","single.detached.house","non.movers"
37300,933,"a35_39","m","ao_sao_ei","official_lang","work.official_lang","married","other.attached","non.movers"
185633,933,"a55_59","f","ao_esao_Chinese","official_lang","work.official_lang","divorced","other.attached","non.movers"
618156,933,"a5_9","f","ao_sao_ei","official_lang","work.no.official_lang","no.married","other.attached","non.movers"
904231,933,"a25_29","f","ao_sao_ei","official_lang","work.official_lang","married","other.attached","non.movers"
904231,933,"a25_29","f","ao_sao_ei","official_lang","work.official_lang","married","other.attached","non.movers"
215101,933,"a85_","f","eo_weo_German","official_lang","work.no.official_lang","married","single.detached.house","non.movers"
423843,933,"a50_54","f","ao_sao_ei","official_lang","work.no.official_lang","married","single.detached.house","nonmigrants.movers"
119919,933,"a15_19","m","onao_Canadian","official_lang","work.official_lang","no.married","other.attached","non.movers"
85696,933,"a20_24","m","ao","official_lang","work.official_lang","no.married","other.attached","non.movers"
709472,933,"a35_39","m","ao_osao","official_lang","work.official_lang","married","other.attached","nonmigrants.movers"
90427,933,"a60_64","m","ao_sao_ei","official_lang","work.no.official_lang","married","other.attached","non.movers"
715039,933,"a55_59","f","ao_sao_ei","official_lang","work.official_lang","married","other.attached","non.movers"
706570,933,"a5_9","f","ao_sao_ei","official_lang","work.no.official_lang","no.married","other.attached","non.movers"
415943,933,"a0_4","f","ao_sao_ei","official_lang","work.no.official_lang","no.married","other.attached","non.movers"
270924,933,"a0_4","m","ao_sao_ei","official_lang","work.no.official_lang","no.married","other.attached","other.movers"
437604,933,"a70_74","m","ao_sao_ei","official_lang","work.no.official_lang","married","other.attached","nonmigrants.movers"
70045,933,"a70_74","f","ao_sao_ei","official_lang","work.no.official_lang","married","other.attached","nonmigrants.movers"
70045,933,"a70_74","f","ao_sao_ei","official_lang","work.no.official_lang","married","other.attached","nonmigrants.movers"
832832,933,"a15_19","m","ao_sao_ei","official_lang","work.official_lang","no.married","other.attached","non.movers"
595798,933,"a55_59","f","ao_sao_ei","official_lang","work.no.official_lang","married","single.detached.house","non.movers"
903570,933,"a5_9","f","onao_Canadian","official_lang","work.no.official_lang","no.married","other.attached","non.movers"
205720,933,"a60_64","f","ao_sao_ei","no.official_lang","work.no.official_lang","married","single.detached.house","non.movers"
664394,933,"a5_9","m","ao_sao_ei","official_lang","work.no.official_lang","no.married","single.detached.house","non.movers"
713380,933,"a25_29","f","ao_esao_Chinese","official_lang","work.no.official_lang","married","other.attached","non.movers"
491475,933,"a25_29","f","eo_weo_German","official_lang","work.official_lang","no.married","other.attached","non.movers"
504226,933,"a20_24","m","ao_osao","official_lang","work.official_lang","no.married","other.attached","non.movers"
504226,933,"a20_24","m","ao_osao","official_lang","work.official_lang","no.married","other.attached","non.movers"
274088,933,"a15_19","f","ao_osao","official_lang","work.no.official_lang","no.married","other.attached","non.movers"
274088,933,"a15_19","f","ao_osao","official_lang","work.no.official_lang","no.married","other.attached","non.movers"
487108,933,"a60_64","m","ao_sao_ei","official_lang","work.official_lang","married","other.attached","non.movers"
531454,933,"a50_54","m","eo_weo_German","official_lang","work.no.official_lang","married","other.attached","non.movers"
928615,933,"a10_14","m","ao_osao","official_lang","work.no.official_lang","no.married","other.attached","non.movers"
105160,933,"a10_14","m","ao_sao_ei","official_lang","work.no.official_lang","no.married","other.attached","nonmigrants.movers"
460588,933,"a65_69","f","ao_sao_ei","official_lang","work.official_lang","widowed","other.attached","non.movers"
750845,933,"a35_39","f","eo_bio_English","official_lang","work.official_lang","married","other.attached","non.movers"
618593,933,"a70_74","f","ao_sao_ei","no.official_lang","work.no.official_lang","married","single.detached.house","non.movers"
503375,933,"a85_","f","eo_bio_English","official_lang","work.no.official_lang","widowed","other.attached","non.movers"
798652,933,"a60_64","f","eo_bio_English","official_lang","work.no.official_lang","widowed","other.attached","non.movers"
33498,933,"a70_74","m","eo_weo_German","official_lang","work.no.official_lang","married","other.attached","non.movers"
373756,933,"a45_49","m","ao_sao_ei","official_lang","work.official_lang","married","other.attached","non.movers"
329437,933,"a30_34","m","ao_sao_ei","official_lang","work.official_lang","married","other.attached","non.movers"
521596,933,"a5_9","m","ao_sao_ei","official_lang","work.no.official_lang","no.married","single.detached.house","non.movers"
276813,933,"a50_54","m","eo_weo_German","official_lang","work.official_lang","no.married","other.attached","non.movers"
312725,933,"a15_19","f","ao_sao_ei","official_lang","work.no.official_lang","no.married","single.detached.house","non.movers"
634278,933,"a45_49","m","ao_sao_ei","official_lang","work.official_lang","married","other.attached","non.movers"
358032,933,"a25_29","m","ao_sao_ei","official_lang","work.official_lang","no.married","other.attached","non.movers"
457051,933,"a20_24","f","ao_sao_ei","official_lang","work.official_lang","no.married","other.attached","non.movers"
665062,933,"a5_9","f","ao_esao_Filipino","official_lang","work.no.official_lang","no.married","other.attached","non.movers"
60233,933,"a10_14","f","ao_sao_ei","official_lang","work.no.official_lang","no.married","other.attached","non.movers"
20716,933,"a45_49","f","ao_sao_ei","official_lang","work.official_lang","married","other.attached","non.movers"
749229,933,"a0_4","m","ao_sao_ei","official_lang","work.no.official_lang","no.married","other.attached","non.movers"
295185,933,"a0_4","m","onao_Canadian","official_lang","work.no.official_lang","no.married","other.attached","nonmigrants.movers"
803759,933,"a65_69","f","ao_sao_ei","official_lang","work.no.official_lang","widowed","other.attached","non.movers"
859049,933,"a15_19","f","eo_weo_German","official_lang","work.no.official_lang","no.married","other.attached","non.movers"
616083,933,"a25_29","f","ao_wcameo","official_lang","work.no.official_lang","no.married","other.attached","non.movers"
617225,933,"a5_9","f","ao_osao","official_lang","work.no.official_lang","no.married","other.attached","nonmigrants.movers"
134260,933,"a35_39","f","ao","official_lang","work.no.official_lang","married","other.attached","other.movers"
370627,933,"a5_9","f","ao","official_lang","work.no.official_lang","no.married","other.attached","other.movers"
122499,933,"a25_29","m","ao_sao_ei","official_lang","work.no.official_lang","no.married","other.attached","non.movers"
122499,933,"a25_29","m","ao_sao_ei","official_lang","work.no.official_lang","no.married","other.attached","non.movers"
830166,933,"a15_19","m","ao_osao","official_lang","work.official_lang","no.married","other.attached","non.movers"
858779,933,"a65_69","m","ao_sao_ei","official_lang","work.official_lang","married","other.attached","non.movers"
157232,933,"a15_19","f","ao_sao_ei","official_lang","work.no.official_lang","no.married","other.attached","non.movers"
264890,933,"a0_4","m","ao_osao","official_lang","work.no.official_lang","no.married","other.attached","other.movers"
75649,933,"a0_4","m","ao_osao","official_lang","work.no.official_lang","no.married","other.attached","non.movers"
75649,933,"a0_4","m","ao_osao","official_lang","work.no.official_lang","no.married","other.attached","non.movers"
227471,933,"a35_39","f","ao_sao_ei","official_lang","work.official_lang","married","other.attached","nonmigrants.movers"
478441,933,"a20_24","f","ao_sao_ei","official_lang","work.official_lang","no.married","other.attached","nonmigrants.movers"
353457,933,"a20_24","m","ao_sao_ei","official_lang","work.no.official_lang","no.married","other.attached","non.movers"
353457,933,"a20_24","m","ao_sao_ei","official_lang","work.no.official_lang","no.married","other.attached","non.movers"
443436,933,"a55_59","m","ao_sao_ei","official_lang","work.official_lang","married","single.detached.house","non.movers"
405545,933,"a55_59","f","ao_sao_ei","no.official_lang","work.no.official_lang","married","other.attached","non.movers"
405545,933,"a55_59","f","ao_sao_ei","no.official_lang","work.no.official_lang","married","other.attached","non.movers"
405545,933,"a55_59","f","ao_sao_ei","no.official_lang","work.no.official_lang","married","other.attached","non.movers"
405545,933,"a55_59","f","ao_sao_ei","no.official_lang","work.no.official_lang","married","other.attached","non.movers"
89918,933,"a50_54","m","ao_sao_ei","official_lang","work.official_lang","married","single.detached.house","non.movers"
748739,933,"a35_39","m","ao_osao","official_lang","work.official_lang","married","other.attached","non.movers"
435309,933,"a55_59","f","ao_sao_ei","official_lang","work.no.official_lang","married","single.detached.house","other.movers"
811007,933,"a10_14","m","ao_osao","official_lang","work.no.official_lang","no.married","single.detached.house","non.movers"
68454,933,"a30_34","f","onao_Canadian","official_lang","work.no.official_lang","married","other.attached","non.movers"
494849,933,"a20_24","m","ao_sao_ei","official_lang","work.no.official_lang","no.married","other.attached","nonmigrants.movers"
766969,933,"a15_19","f","ao_sao_ei","official_lang","work.no.official_lang","no.married","other.attached","nonmigrants.movers"
505537,933,"a5_9","m","ao_sao_ei","official_lang","work.no.official_lang","no.married","other.attached","non.movers"
876715,933,"a35_39","m","ao_sao_ei","official_lang","work.official_lang","married","other.attached","non.movers"
812234,933,"a80_84","f","ao_osao","official_lang","work.no.official_lang","no.married","other.attached","non.movers"
249504,933,"a10_14","m","ao_esao_Filipino","official_lang","work.no.official_lang","no.married","other.attached","other.movers"
160998,933,"a60_64","m","ao_osao","official_lang","work.no.official_lang","married","other.attached","non.movers"
160998,933,"a60_64","m","ao_osao","official_lang","work.no.official_lang","married","other.attached","non.movers"
616539,933,"a25_29","m","ao_osao","official_lang","work.official_lang","no.married","other.attached","non.movers"
179986,933,"a45_49","f","ao_osao","no.official_lang","work.no.official_lang","married","single.detached.house","non.movers"
720124,933,"a45_49","f","ao_sao_ei","official_lang","work.official_lang","married","single.detached.house","non.movers"
9247,933,"a35_39","m","ao_osao","official_lang","work.no.official_lang","married","single.detached.house","non.movers"
608058,933,"a60_64","m","ao_sao_ei","no.official_lang","work.no.official_lang","married","single.detached.house","other.movers"
700255,933,"a75_79","m","ao_esao_Filipino","official_lang","work.no.official_lang","married","other.attached","non.movers"
442647,933,"a50_54","f","ao_sao_ei","official_lang","work.official_lang","married","other.attached","non.movers"
367249,933,"a20_24","m","ao_sao_ei","official_lang","work.official_lang","no.married","other.attached","non.movers"
630307,933,"a50_54","f","ao_osao","official_lang","work.official_lang","married","single.detached.house","non.movers"
440349,933,"a60_64","f","ao_sao_ei","official_lang","work.official_lang","married","single.detached.house","non.movers"
774447,933,"a5_9","f","ao_sao_ei","official_lang","work.no.official_lang","no.married","other.attached","nonmigrants.movers"
604201,933,"a15_19","m","ao","official_lang","work.no.official_lang","no.married","other.attached","non.movers"
33636,933,"a50_54","f","ao_osao","official_lang","work.no.official_lang","living.common.law","other.attached","non.movers"
128553,933,"a65_69","f","ao_osao","official_lang","work.no.official_lang","divorced","other.attached","non.movers"
703012,933,"a35_39","m","ao_osao","official_lang","work.official_lang","married","other.attached","non.movers"
465165,933,"a25_29","m","ao_sao_ei","official_lang","work.official_lang","no.married","single.detached.house","non.movers"
909537,933,"a45_49","m","ao_wcameo","no.official_lang","work.no.official_lang","married","other.attached","non.movers"
419356,933,"a25_29","f","ao_esao_Filipino","official_lang","work.official_lang","married","other.attached","non.movers"
732268,933,"a15_19","m","ao_wcameo","official_lang","work.no.official_lang","no.married","single.detached.house","nonmigrants.movers"
338228,933,"a35_39","m","ao_sao_ei","official_lang","work.official_lang","married","other.attached","non.movers"
665111,933,"a50_54","f","ao_sao_ei","official_lang","work.official_lang","married","single.detached.house","non.movers"
189517,933,"a45_49","f","ao_sao_ei","official_lang","work.official_lang","married","other.attached","nonmigrants.movers"
867196,933,"a25_29","f","ao_sao_ei","official_lang","work.official_lang","separated","other.attached","nonmigrants.movers"
560488,933,"a35_39","m","ao_sao_ei","official_lang","work.official_lang","married","other.attached","non.movers"
28013,933,"a55_59","f","ao_sao_ei","official_lang","work.official_lang","married","other.attached","other.movers"
235488,933,"a25_29","f","ao_sao_ei","official_lang","work.official_lang","no.married","other.attached","other.movers"
235488,933,"a25_29","f","ao_sao_ei","official_lang","work.official_lang","no.married","other.attached","other.movers"
402571,933,"a40_44","f","ao","official_lang","work.no.official_lang","married","other.attached","non.movers"
757202,933,"a15_19","m","ao","official_lang","work.no.official_lang","no.married","other.attached","non.movers"
402235,933,"a55_59","f","ao_sao_ei","no.official_lang","work.no.official_lang","married","single.detached.house","nonmigrants.movers"
133610,933,"a60_64","m","ao_sao_ei","no.official_lang","work.no.official_lang","married","other.attached","non.movers"
133610,933,"a60_64","m","ao_sao_ei","no.official_lang","work.no.official_lang","married","other.attached","non.movers"
133610,933,"a60_64","m","ao_sao_ei","no.official_lang","work.no.official_lang","married","other.attached","non.movers"
133610,933,"a60_64","m","ao_sao_ei","no.official_lang","work.no.official_lang","married","other.attached","non.movers"
381974,933,"a65_69","f","ao_sao_ei","no.official_lang","work.no.official_lang","married","other.attached","non.movers"
381974,933,"a65_69","f","ao_sao_ei","no.official_lang","work.no.official_lang","married","other.attached","non.movers"
381974,933,"a65_69","f","ao_sao_ei","no.official_lang","work.no.official_lang","married","other.attached","non.movers"
610351,933,"a45_49","m","eo_oeeo","official_lang","work.official_lang","married","other.attached","non.movers"
199601,933,"a25_29","f","ao_sao_ei","official_lang","work.official_lang","married","other.attached","nonmigrants.movers"
191175,933,"a40_44","f","ao","official_lang","work.no.official_lang","separated","other.attached","non.movers"
922804,933,"a15_19","f","ao","official_lang","work.no.official_lang","no.married","other.attached","non.movers"
398445,933,"a60_64","f","eo_bio_English","official_lang","work.no.official_lang","married","other.attached","non.movers"
207768,933,"a40_44","m","ao_sao_ei","official_lang","work.official_lang","married","other.attached","non.movers"
311695,933,"a15_19","f","ao_sao_ei","official_lang","work.official_lang","no.married","other.attached","non.movers"
270327,933,"a45_49","m","ao","official_lang","work.official_lang","married","other.attached","non.movers"
113892,933,"a20_24","m","ao","official_lang","work.official_lang","no.married","other.attached","non.movers"
63688,933,"a70_74","m","eo_bio_English","official_lang","work.no.official_lang","married","other.attached","non.movers"
821491,933,"a20_24","f","ao_osao","official_lang","work.no.official_lang","no.married","other.attached","non.movers"
821491,933,"a20_24","f","ao_osao","official_lang","work.no.official_lang","no.married","other.attached","non.movers"
807677,933,"a45_49","f","ao_sao_ei","official_lang","work.official_lang","married","other.attached","non.movers"
307503,933,"a15_19","f","ao_sao_ei","official_lang","work.no.official_lang","no.married","other.attached","non.movers"
507483,933,"a75_79","f","ao_sao_ei","no.official_lang","work.no.official_lang","married","single.detached.house","other.movers"
24327,933,"a65_69","f","ao_sao_ei","no.official_lang","work.no.official_lang","married","other.attached","non.movers"
24327,933,"a65_69","f","ao_sao_ei","no.official_lang","work.no.official_lang","married","other.attached","non.movers"
24327,933,"a65_69","f","ao_sao_ei","no.official_lang","work.no.official_lang","married","other.attached","non.movers"
76337,933,"a5_9","f","ao_sao_ei","no.official_lang","work.no.official_lang","no.married","other.attached","non.movers"
76337,933,"a5_9","f","ao_sao_ei","no.official_lang","work.no.official_lang","no.married","other.attached","non.movers"
490161,933,"a65_69","m","ao_sao_ei","official_lang","work.no.official_lang","married","other.attached","nonmigrants.movers"
627502,933,"a50_54","m","eo_bio_English","official_lang","work.official_lang","married","other.attached","non.movers"
485694,933,"a20_24","m","ao_sao_ei","official_lang","work.official_lang","no.married","single.detached.house","non.movers"
20619,933,"a15_19","m","ao_esao_Filipino","official_lang","work.official_lang","no.married","other.attached","non.movers"
334412,933,"a10_14","f","ao_esao_Filipino","official_lang","work.no.official_lang","no.married","other.attached","non.movers"
376033,933,"a10_14","m","ao_sao_ei","official_lang","work.no.official_lang","no.married","single.detached.house","non.movers"
516261,933,"a5_9","m","ao_sao_ei","official_lang","work.no.official_lang","no.married","other.attached","non.movers"
529804,933,"a0_4","f","ao_sao_ei","no.official_lang","work.no.official_lang","no.married","other.attached","non.movers"
529804,933,"a0_4","f","ao_sao_ei","no.official_lang","work.no.official_lang","no.married","other.attached","non.movers"
734944,933,"a25_29","f","ao_esao_Filipino","official_lang","work.no.official_lang","living.common.law","other.attached","non.movers"
4389,933,"a35_39","m","ao_sao_ei","official_lang","work.official_lang","married","other.attached","non.movers"
540071,933,"a45_49","f","ao_sao_ei","official_lang","work.official_lang","married","other.attached","non.movers"
868061,933,"a85_","m","onao_Canadian","official_lang","work.no.official_lang","married","other.attached","non.movers"
701894,933,"a20_24","m","ao_sao_ei","official_lang","work.official_lang","no.married","single.detached.house","non.movers"
290857,933,"a55_59","f","ao_sao_ei","no.official_lang","work.no.official_lang","widowed","other.attached","nonmigrants.movers"
521461,933,"a25_29","f","ao_wcameo","official_lang","work.official_lang","no.married","other.attached","non.movers"
169592,933,"a10_14","m","ao_osao","official_lang","work.no.official_lang","no.married","other.attached","non.movers"
169592,933,"a10_14","m","ao_osao","official_lang","work.no.official_lang","no.married","other.attached","non.movers"
146171,933,"a15_19","f","ao_sao_ei","official_lang","work.official_lang","no.married","other.attached","non.movers"
688202,933,"a65_69","f","eo_bio_English","official_lang","work.official_lang","divorced","other.attached","non.movers"
792954,933,"a85_","m","ao_sao_ei","official_lang","work.no.official_lang","married","single.detached.house","non.movers"
913517,933,"a35_39","f","ao_sao_ei","official_lang","work.no.official_lang","no.married","other.attached","non.movers"
217205,933,"a45_49","f","ao_sao_ei","official_lang","work.official_lang","divorced","single.detached.house","non.movers"
753971,933,"a20_24","m","ao_esao_Filipino","official_lang","work.official_lang","no.married","other.attached","non.movers"
824723,933,"a0_4","m","ao_sao_ei","official_lang","work.no.official_lang","no.married","single.detached.house","non.movers"
216172,933,"a5_9","f","ao_sao_ei","official_lang","work.no.official_lang","no.married","other.attached","non.movers"
447213,933,"a35_39","f","ao","official_lang","work.official_lang","married","other.attached","non.movers"
868003,933,"a20_24","f","ao_sao_ei","official_lang","work.official_lang","no.married","other.attached","non.movers"
824020,933,"a35_39","m","ao_sao_ei","official_lang","work.official_lang","married","other.attached","non.movers"
351258,933,"a0_4","m","ao_sao_ei","official_lang","work.no.official_lang","no.married","other.attached","non.movers"
221169,933,"a25_29","m","ao_sao_ei","official_lang","work.official_lang","no.married","other.attached","nonmigrants.movers"
706496,933,"a35_39","m","ao_sao_ei","official_lang","work.official_lang","married","other.attached","nonmigrants.movers"
363722,933,"a65_69","m","ao_sao_ei","official_lang","work.official_lang","married","other.attached","non.movers"
312341,933,"a55_59","f","ao_sao_ei","official_lang","work.no.official_lang","married","other.attached","non.movers"
803720,933,"a40_44","m","ao_sao_ei","official_lang","work.official_lang","no.married","other.attached","non.movers"
169646,933,"a60_64","m","ao_sao_ei","no.official_lang","work.no.official_lang","married","single.detached.house","non.movers"
72169,933,"a25_29","m","ao_sao_ei","official_lang","work.official_lang","no.married","other.attached","other.movers"
360230,933,"a0_4","m","ao_sao_ei","official_lang","work.no.official_lang","no.married","single.detached.house","non.movers"
610024,933,"a50_54","f","ao_osao","official_lang","work.no.official_lang","married","single.detached.house","non.movers"
593096,933,"a35_39","f","ao_sao_ei","official_lang","work.no.official_lang","married","other.attached","nonmigrants.movers"
720539,933,"a45_49","m","ao_sao_ei","official_lang","work.official_lang","married","single.detached.house","non.movers"
39225,933,"a25_29","m","ao_sao_ei","official_lang","work.official_lang","no.married","single.detached.house","non.movers"
290410,933,"a10_14","m","ao_sao_ei","official_lang","work.no.official_lang","no.married","single.detached.house","non.movers"
119820,933,"a50_54","f","ao_sao_ei","official_lang","work.official_lang","married","other.attached","non.movers"
387384,933,"a70_74","m","eo_bio_English","official_lang","work.no.official_lang","married","other.attached","non.movers"
827441,933,"a80_84","f","ao_osao","no.official_lang","work.no.official_lang","married","single.detached.house","non.movers"
222755,933,"a10_14","m","ao_sao_ei","official_lang","work.no.official_lang","no.married","other.attached","non.movers"
251326,933,"a70_74","f","eo_weo_German","no.official_lang","work.no.official_lang","widowed","other.attached","non.movers"
492640,933,"a70_74","m","ao_esao_Filipino","official_lang","work.no.official_lang","married","other.attached","non.movers"
220377,933,"a45_49","m","ao_osao","official_lang","work.official_lang","married","other.attached","non.movers"
206230,933,"a10_14","m","ao_osao","official_lang","work.no.official_lang","no.married","other.attached","non.movers"
375815,933,"a25_29","f","eo_bio_English","official_lang","work.official_lang","no.married","other.attached","non.movers"
644602,933,"a40_44","f","eo_oeeo","official_lang","work.no.official_lang","married","other.attached","non.movers"
551556,933,"a20_24","m","ao_sao_ei","official_lang","work.official_lang","no.married","other.attached","other.movers"
478592,933,"a10_14","f","onao_Canadian","official_lang","work.no.official_lang","no.married","other.attached","non.movers"
674188,933,"a10_14","f","onao_Canadian","official_lang","work.no.official_lang","no.married","other.attached","non.movers"
832301,933,"a30_34","m","onao_Canadian","official_lang","work.official_lang","living.common.law","other.attached","nonmigrants.movers"
706282,933,"a55_59","f","eo_bio_English","official_lang","work.official_lang","separated","other.attached","non.movers"
844441,933,"a55_59","m","onao_Canadian","official_lang","work.official_lang","married","other.attached","non.movers"
562740,933,"a80_84","f","ao_sao_ei","no.official_lang","work.no.official_lang","married","single.detached.house","non.movers"
823024,933,"a45_49","m","ao_osao","no.official_lang","work.no.official_lang","married","other.attached","other.movers"
823024,933,"a45_49","m","ao_osao","no.official_lang","work.no.official_lang","married","other.attached","other.movers"
823024,933,"a45_49","m","ao_osao","no.official_lang","work.no.official_lang","married","other.attached","other.movers"
823024,933,"a45_49","m","ao_osao","no.official_lang","work.no.official_lang","married","other.attached","other.movers"
823024,933,"a45_49","m","ao_osao","no.official_lang","work.no.official_lang","married","other.attached","other.movers"
823024,933,"a45_49","m","ao_osao","no.official_lang","work.no.official_lang","married","other.attached","other.movers"
823024,933,"a45_49","m","ao_osao","no.official_lang","work.no.official_lang","married","other.attached","other.movers"
823024,933,"a45_49","m","ao_osao","no.official_lang","work.no.official_lang","married","other.attached","other.movers"
823024,933,"a45_49","m","ao_osao","no.official_lang","work.no.official_lang","married","other.attached","other.movers"
653166,933,"a10_14","f","ao_osao","official_lang","work.no.official_lang","no.married","other.attached","non.movers"
380145,933,"a70_74","m","eo_weo_German","official_lang","work.no.official_lang","married","other.attached","non.movers"
356900,933,"a50_54","m","ao_osao","official_lang","work.official_lang","married","other.attached","nonmigrants.movers"
686704,933,"a40_44","f","ao_osao","official_lang","work.no.official_lang","married","other.attached","nonmigrants.movers"
722929,933,"a0_4","f","ao_wcameo","official_lang","work.no.official_lang","no.married","single.detached.house","other.movers"
376943,933,"a60_64","f","eo_weo_German","official_lang","work.no.official_lang","married","other.attached","non.movers"
300131,933,"a5_9","f","ao_sao_ei","official_lang","work.no.official_lang","no.married","other.attached","non.movers"
815077,933,"a75_79","m","ao_wcameo","official_lang","work.no.official_lang","married","other.attached","non.movers"
758965,933,"a35_39","f","ao_sao_ei","official_lang","work.official_lang","married","other.attached","non.movers"
430339,933,"a0_4","m","ao_sao_ei","official_lang","work.no.official_lang","no.married","other.attached","non.movers"
757690,933,"a75_79","f","eo_weo_German","official_lang","work.no.official_lang","widowed","other.attached","non.movers"
886373,933,"a20_24","m","ao_sao_ei","official_lang","work.no.official_lang","no.married","other.attached","nonmigrants.movers"
886373,933,"a20_24","m","ao_sao_ei","official_lang","work.no.official_lang","no.married","other.attached","nonmigrants.movers"
189212,933,"a70_74","m","eo_oeeo","official_lang","work.no.official_lang","married","other.attached","non.movers"
770594,933,"a5_9","m","ao_sao_ei","official_lang","work.no.official_lang","no.married","other.attached","non.movers"
700388,933,"a65_69","m","ao_sao_ei","no.official_lang","work.official_lang","married","other.attached","non.movers"
674639,933,"a55_59","f","ao_sao_ei","no.official_lang","work.no.official_lang","married","other.attached","non.movers"
674639,933,"a55_59","f","ao_sao_ei","no.official_lang","work.no.official_lang","married","other.attached","non.movers"
674639,933,"a55_59","f","ao_sao_ei","no.official_lang","work.no.official_lang","married","other.attached","non.movers"
104238,933,"a25_29","m","ao_esao_Filipino","official_lang","work.official_lang","no.married","other.attached","other.movers"
379086,933,"a55_59","m","onao_Canadian","official_lang","work.official_lang","no.married","other.attached","non.movers"
649882,933,"a10_14","f","ao_sao_ei","official_lang","work.no.official_lang","no.married","other.attached","other.movers"
441254,933,"a40_44","m","onao_Canadian","official_lang","work.no.official_lang","no.married","other.attached","non.movers"
463058,933,"a50_54","m","ao_sao_ei","official_lang","work.official_lang","married","single.detached.house","non.movers"
424596,933,"a55_59","f","eo_bio_English","official_lang","work.no.official_lang","married","other.attached","non.movers"
847304,933,"a40_44","f","ao_sao_ei","official_lang","work.no.official_lang","widowed","other.attached","nonmigrants.movers"
407466,933,"a75_79","m","ao_sao_ei","no.official_lang","work.no.official_lang","married","single.detached.house","non.movers"
293162,933,"a30_34","f","ao_esao_Filipino","official_lang","work.official_lang","living.common.law","other.attached","non.movers"
862705,933,"a75_79","m","ao_sao_ei","official_lang","work.no.official_lang","married","other.attached","non.movers"
720932,933,"a60_64","f","ao_sao_ei","official_lang","work.official_lang","married","other.attached","non.movers"
13939,933,"a15_19","m","ao_sao_ei","official_lang","work.no.official_lang","no.married","single.detached.house","non.movers"
145265,933,"a35_39","m","ao_sao_ei","official_lang","work.no.official_lang","no.married","other.attached","non.movers"
446865,933,"a55_59","f","ao","official_lang","work.official_lang","no.married","other.attached","non.movers"
720900,933,"a10_14","m","ao_sao_ei","official_lang","work.no.official_lang","no.married","other.attached","non.movers"
894142,933,"a65_69","m","ao_sao_ei","official_lang","work.no.official_lang","married","single.detached.house","non.movers"
835451,933,"a85_","f","eo_bio_English","official_lang","work.no.official_lang","widowed","single.detached.house","non.movers"
347447,933,"a45_49","f","eo_bio_English","official_lang","work.official_lang","married","other.attached","other.movers"
503132,933,"a25_29","m","ao_sao_ei","official_lang","work.official_lang","married","single.detached.house","non.movers"
7138,933,"a10_14","m","ao","official_lang","work.no.official_lang","no.married","other.attached","non.movers"
629469,933,"a75_79","m","ao_sao_ei","no.official_lang","work.no.official_lang","married","single.detached.house","non.movers"
180988,933,"a80_84","f","ao_sao_ei","official_lang","work.no.official_lang","married","other.attached","non.movers"
381511,933,"a35_39","f","ao_sao_ei","official_lang","work.official_lang","no.married","other.attached","non.movers"
363337,933,"a65_69","m","ao_osao","official_lang","work.official_lang","married","other.attached","non.movers"
284058,933,"a70_74","f","ao_sao_ei","official_lang","work.no.official_lang","married","other.attached","nonmigrants.movers"
94237,933,"a0_4","m","ao_sao_ei","official_lang","work.no.official_lang","no.married","single.detached.house","non.movers"
678051,933,"a70_74","m","ao_sao_ei","official_lang","work.no.official_lang","married","other.attached","non.movers"
467250,933,"a70_74","m","ao_sao_ei","no.official_lang","work.no.official_lang","married","single.detached.house","nonmigrants.movers"
813484,933,"a45_49","f","ao_sao_ei","official_lang","work.no.official_lang","married","other.attached","non.movers"
797608,933,"a45_49","f","ao_sao_ei","official_lang","work.official_lang","married","other.attached","nonmigrants.movers"
27726,933,"a45_49","m","ao_sao_ei","official_lang","work.official_lang","married","other.attached","nonmigrants.movers"
104507,933,"a15_19","m","ao_sao_ei","official_lang","work.no.official_lang","no.married","single.detached.house","non.movers"
262142,933,"a30_34","f","ao_sao_ei","official_lang","work.official_lang","no.married","other.attached","non.movers"
312752,933,"a40_44","f","ao_sao_ei","official_lang","work.official_lang","married","other.attached","non.movers"
383575,933,"a5_9","m","ao_sao_ei","official_lang","work.no.official_lang","no.married","other.attached","non.movers"
509339,933,"a50_54","m","ao_osao","no.official_lang","work.official_lang","married","single.detached.house","non.movers"
347457,933,"a25_29","f","ao_sao_ei","official_lang","work.official_lang","no.married","other.attached","non.movers"
928532,933,"a30_34","f","ao_osao","official_lang","work.no.official_lang","married","other.attached","non.movers"
928532,933,"a30_34","f","ao_osao","official_lang","work.no.official_lang","married","other.attached","non.movers"
928532,933,"a30_34","f","ao_osao","official_lang","work.no.official_lang","married","other.attached","non.movers"
189266,933,"a45_49","f","ao","no.official_lang","work.no.official_lang","married","other.attached","non.movers"
685644,933,"a60_64","f","onao_Canadian","official_lang","work.no.official_lang","divorced","other.attached","non.movers"
715637,933,"a50_54","f","ao_wcameo","official_lang","work.official_lang","married","other.attached","non.movers"
328506,933,"a70_74","m","ao_sao_ei","no.official_lang","work.no.official_lang","married","single.detached.house","non.movers"
422130,933,"a60_64","f","ao_sao_ei","official_lang","work.official_lang","married","other.attached","nonmigrants.movers"
430146,933,"a70_74","f","ao_sao_ei","official_lang","work.no.official_lang","married","other.attached","non.movers"
482921,933,"a40_44","m","ao_sao_ei","official_lang","work.official_lang","no.married","other.attached","non.movers"
704192,933,"a70_74","f","ao_sao_ei","no.official_lang","work.no.official_lang","widowed","other.attached","nonmigrants.movers"
704192,933,"a70_74","f","ao_sao_ei","no.official_lang","work.no.official_lang","widowed","other.attached","nonmigrants.movers"
485958,933,"a40_44","f","ao_osao","official_lang","work.no.official_lang","married","other.attached","non.movers"
222251,933,"a5_9","m","ao_osao","official_lang","work.no.official_lang","no.married","other.attached","non.movers"
430123,933,"a0_4","f","ao_osao","official_lang","work.no.official_lang","no.married","other.attached","non.movers"
542190,933,"a60_64","m","ao_sao_ei","official_lang","work.official_lang","married","other.attached","non.movers"
706074,933,"a60_64","f","ao_sao_ei","official_lang","work.no.official_lang","married","other.attached","non.movers"
731615,933,"a30_34","f","ao_osao","official_lang","work.no.official_lang","separated","other.attached","non.movers"
731615,933,"a30_34","f","ao_osao","official_lang","work.no.official_lang","separated","other.attached","non.movers"
63768,933,"a5_9","f","ao_osao","official_lang","work.no.official_lang","no.married","other.attached","non.movers"
289559,933,"a55_59","f","ao_sao_ei","official_lang","work.official_lang","married","other.attached","non.movers"
112016,933,"a70_74","m","ao_sao_ei","official_lang","work.no.official_lang","married","other.attached","other.movers"
112016,933,"a70_74","m","ao_sao_ei","official_lang","work.no.official_lang","married","other.attached","other.movers"
329218,933,"a20_24","f","onao_Canadian","official_lang","work.official_lang","no.married","other.attached","nonmigrants.movers"
836529,933,"a35_39","m","ao_sao_ei","official_lang","work.official_lang","married","other.attached","non.movers"
910491,933,"a0_4","m","ao_osao","official_lang","work.no.official_lang","no.married","other.attached","non.movers"
366218,933,"a45_49","f","ao_sao_ei","official_lang","work.official_lang","married","other.attached","non.movers"
104233,933,"a30_34","m","onao_Canadian","official_lang","work.official_lang","married","other.attached","non.movers"
446644,933,"a20_24","f","ao_sao_ei","official_lang","work.official_lang","no.married","single.detached.house","non.movers"
202650,933,"a55_59","f","eo_bio_English","official_lang","work.official_lang","widowed","other.attached","non.movers"
915045,933,"a75_79","f","ao_sao_ei","official_lang","work.no.official_lang","married","other.attached","non.movers"
915045,933,"a75_79","f","ao_sao_ei","official_lang","work.no.official_lang","married","other.attached","non.movers"
203683,933,"a15_19","f","ao_sao_ei","official_lang","work.official_lang","no.married","single.detached.house","non.movers"
674269,933,"a70_74","m","eo_bio_English","official_lang","work.no.official_lang","living.common.law","other.attached","non.movers"
142469,933,"a40_44","f","ao_osao","official_lang","work.official_lang","no.married","other.attached","non.movers"
276236,933,"a10_14","f","ao_sao_ei","official_lang","work.no.official_lang","no.married","other.attached","non.movers"
374919,933,"a50_54","f","ao_sao_ei","official_lang","work.official_lang","married","other.attached","non.movers"
900210,933,"a20_24","m","ao_sao_ei","official_lang","work.no.official_lang","no.married","other.attached","non.movers"
900210,933,"a20_24","m","ao_sao_ei","official_lang","work.no.official_lang","no.married","other.attached","non.movers"
149906,933,"a20_24","f","ao_sao_ei","official_lang","work.official_lang","married","other.attached","non.movers"
757646,933,"a15_19","m","ao_sao_ei","official_lang","work.no.official_lang","no.married","other.attached","non.movers"
613856,933,"a25_29","f","ao_sao_ei","official_lang","work.official_lang","no.married","other.attached","non.movers"
352307,933,"a35_39","m","ao_esao_Filipino","official_lang","work.official_lang","married","other.attached","non.movers"
398371,933,"a25_29","f","onao_Canadian","official_lang","work.official_lang","married","other.attached","nonmigrants.movers"
400120,933,"a60_64","m","ao_sao_ei","no.official_lang","work.no.official_lang","married","single.detached.house","non.movers"
82141,933,"a65_69","f","ao_sao_ei","no.official_lang","work.no.official_lang","married","single.detached.house","non.movers"
651619,933,"a15_19","m","ao_osao","official_lang","work.no.official_lang","no.married","other.attached","non.movers"
651619,933,"a15_19","m","ao_osao","official_lang","work.no.official_lang","no.married","other.attached","non.movers"
144155,933,"a45_49","f","onao_Canadian","official_lang","work.official_lang","no.married","other.attached","nonmigrants.movers"
766894,933,"a55_59","m","eo_bio_English","official_lang","work.official_lang","married","other.attached","non.movers"
837181,933,"a35_39","f","ao","no.official_lang","work.no.official_lang","married","other.attached","non.movers"
429849,933,"a45_49","m","ao","no.official_lang","work.no.official_lang","married","other.attached","non.movers"
429849,933,"a45_49","m","ao","no.official_lang","work.no.official_lang","married","other.attached","non.movers"
12869,933,"a5_9","m","ao_sao_ei","official_lang","work.no.official_lang","no.married","single.detached.house","nonmigrants.movers"
193396,933,"a0_4","m","ao_sao_ei","official_lang","work.no.official_lang","no.married","single.detached.house","other.movers"
571715,933,"a25_29","f","ao_sao_ei","official_lang","work.no.official_lang","married","single.detached.house","non.movers"
611084,933,"a75_79","f","ao_sao_ei","official_lang","work.no.official_lang","married","other.attached","non.movers"
110177,933,"a60_64","m","ao_osao","official_lang","work.official_lang","divorced","other.attached","non.movers"
425217,933,"a85_","f","ao_esao_Chinese","no.official_lang","work.no.official_lang","widowed","other.attached","non.movers"
525856,933,"a80_84","f","ao_sao_ei","official_lang","work.no.official_lang","married","single.detached.house","non.movers"
644573,933,"a30_34","m","ao","official_lang","work.official_lang","married","other.attached","other.movers"
567975,933,"a5_9","m","ao_sao_ei","official_lang","work.no.official_lang","no.married","single.detached.house","non.movers"
608527,933,"a40_44","m","ao_osao","official_lang","work.no.official_lang","married","other.attached","non.movers"
608527,933,"a40_44","m","ao_osao","official_lang","work.no.official_lang","married","other.attached","non.movers"
351569,933,"a60_64","m","ao_osao","official_lang","work.official_lang","married","other.attached","non.movers"
597532,933,"a75_79","m","ao","official_lang","work.no.official_lang","married","other.attached","non.movers"
808033,933,"a5_9","m","ao_wcameo","official_lang","work.no.official_lang","no.married","other.attached","non.movers"
32665,933,"a45_49","m","ao_esao_Filipino","official_lang","work.official_lang","married","other.attached","non.movers"
183906,933,"a70_74","m","ao_sao_ei","official_lang","work.no.official_lang","married","single.detached.house","non.movers"
504466,933,"a55_59","f","ao_wcameo","official_lang","work.no.official_lang","married","other.attached","non.movers"
452920,933,"a5_9","f","onao_Canadian","official_lang","work.no.official_lang","no.married","other.attached","non.movers"
57640,933,"a50_54","m","ao_wcameo","official_lang","work.official_lang","married","other.attached","other.movers"
260100,933,"a60_64","m","ao_wcameo","official_lang","work.official_lang","married","other.attached","non.movers"
162141,933,"a50_54","f","ao_sao_ei","official_lang","work.official_lang","married","other.attached","non.movers"
282494,933,"a25_29","f","ao_osao","official_lang","work.official_lang","no.married","other.attached","non.movers"
282494,933,"a25_29","f","ao_osao","official_lang","work.official_lang","no.married","other.attached","non.movers"
250885,933,"a70_74","f","ao_sao_ei","official_lang","work.no.official_lang","married","other.attached","non.movers"
929622,933,"a35_39","m","ao_sao_ei","official_lang","work.official_lang","married","single.detached.house","non.movers"
543978,933,"a60_64","f","ao_sao_ei","official_lang","work.no.official_lang","married","other.attached","non.movers"
389320,933,"a40_44","m","ao_sao_ei","official_lang","work.official_lang","divorced","single.detached.house","non.movers"
453372,933,"a65_69","m","ao_wcameo","official_lang","work.official_lang","married","other.attached","non.movers"
864771,933,"a25_29","m","ao_esao_Filipino","official_lang","work.official_lang","no.married","other.attached","non.movers"
430332,933,"a75_79","f","ao_sao_ei","official_lang","work.no.official_lang","widowed","other.attached","non.movers"
315216,933,"a50_54","f","ao_osao","official_lang","work.official_lang","married","other.attached","non.movers"
398575,933,"a20_24","f","ao_osao","official_lang","work.official_lang","no.married","other.attached","non.movers"
58010,933,"a15_19","f","ao","official_lang","work.no.official_lang","no.married","other.attached","non.movers"
866218,933,"a60_64","f","ao_sao_ei","official_lang","work.no.official_lang","married","other.attached","non.movers"
879247,933,"a60_64","f","ao_sao_ei","official_lang","work.official_lang","married","other.attached","non.movers"
307948,933,"a35_39","m","ao_sao_ei","official_lang","work.official_lang","married","other.attached","non.movers"
395254,933,"a60_64","f","ao_sao_ei","official_lang","work.no.official_lang","married","other.attached","non.movers"
149611,933,"a45_49","f","ao","official_lang","work.no.official_lang","divorced","other.attached","non.movers"
266408,933,"a35_39","f","ao_sao_ei","official_lang","work.official_lang","married","other.attached","non.movers"
77376,933,"a45_49","m","ao_sao_ei","official_lang","work.official_lang","married","other.attached","other.movers"
390186,933,"a5_9","m","ao_sao_ei","official_lang","work.no.official_lang","no.married","other.attached","other.movers"
390186,933,"a5_9","m","ao_sao_ei","official_lang","work.no.official_lang","no.married","other.attached","other.movers"
514922,933,"a70_74","f","eo_bio_English","official_lang","work.official_lang","living.common.law","other.attached","non.movers"
271665,933,"a70_74","f","oo","official_lang","work.no.official_lang","divorced","other.attached","non.movers"
675166,933,"a60_64","f","ao_sao_ei","no.official_lang","work.no.official_lang","married","single.detached.house","non.movers"
374906,933,"a75_79","f","eo_weo_German","official_lang","work.no.official_lang","married","other.attached","non.movers"
879740,933,"a30_34","f","ao_sao_ei","official_lang","work.official_lang","married","other.attached","non.movers"
9977,933,"a55_59","m","ao","official_lang","work.official_lang","married","other.attached","non.movers"
452529,933,"a50_54","f","ao","official_lang","work.official_lang","married","other.attached","non.movers"
747100,933,"a55_59","m","onao_Canadian","official_lang","work.no.official_lang","married","other.attached","non.movers"
706989,933,"a30_34","m","ao_sao_ei","official_lang","work.official_lang","married","other.attached","non.movers"
895136,933,"a25_29","m","ao_sao_ei","no.official_lang","work.official_lang","married","other.attached","non.movers"
895136,933,"a25_29","m","ao_sao_ei","no.official_lang","work.official_lang","married","other.attached","non.movers"
895136,933,"a25_29","m","ao_sao_ei","no.official_lang","work.official_lang","married","other.attached","non.movers"
895136,933,"a25_29","m","ao_sao_ei","no.official_lang","work.official_lang","married","other.attached","non.movers"
44763,933,"a25_29","f","ao_sao_ei","official_lang","work.official_lang","married","other.attached","non.movers"
338805,933,"a0_4","m","onao_Canadian","official_lang","work.no.official_lang","no.married","other.attached","non.movers"
204550,933,"a45_49","f","ao_sao_ei","official_lang","work.official_lang","divorced","other.attached","non.movers"
804027,933,"a0_4","m","ao_sao_ei","official_lang","work.no.official_lang","no.married","other.attached","non.movers"
662586,933,"a20_24","f","ao_sao_ei","official_lang","work.official_lang","no.married","single.detached.house","non.movers"
467836,933,"a85_","m","eo_bio_English","official_lang","work.no.official_lang","married","other.attached","non.movers"
639358,933,"a60_64","f","ao_sao_ei","official_lang","work.no.official_lang","married","other.attached","non.movers"
408662,933,"a65_69","m","ao_sao_ei","official_lang","work.official_lang","married","other.attached","non.movers"
799998,933,"a20_24","m","onao_Canadian","no.official_lang","work.no.official_lang","no.married","other.attached","non.movers"
77290,933,"a80_84","m","ao_sao_ei","no.official_lang","work.no.official_lang","married","single.detached.house","non.movers"
171627,933,"a55_59","f","ao_esao_Filipino","official_lang","work.official_lang","married","other.attached","non.movers"
296923,933,"a0_4","f","ao_sao_ei","official_lang","work.no.official_lang","no.married","single.detached.house","other.movers"
705735,933,"a25_29","m","ao_sao_ei","official_lang","work.official_lang","married","other.attached","non.movers"
202934,933,"a45_49","f","ao_sao_ei","official_lang","work.official_lang","married","other.attached","non.movers"
572422,933,"a20_24","f","ao_sao_ei","official_lang","work.official_lang","no.married","other.attached","non.movers"
777991,933,"a25_29","f","ao_sao_ei","official_lang","work.official_lang","married","other.attached","non.movers"
869977,933,"a20_24","m","ao","official_lang","work.no.official_lang","no.married","other.attached","non.movers"
576071,933,"a45_49","f","ao_sao_ei","official_lang","work.official_lang","widowed","other.attached","non.movers"
451709,933,"a20_24","f","ao_sao_ei","official_lang","work.official_lang","no.married","other.attached","non.movers"
239966,933,"a30_34","f","ao_esao_Chinese","official_lang","work.official_lang","no.married","single.detached.house","non.movers"
67133,933,"a45_49","m","ao_sao_ei","official_lang","work.official_lang","married","other.attached","other.movers"
203363,933,"a15_19","m","ao_sao_ei","official_lang","work.no.official_lang","no.married","other.attached","other.movers"
203363,933,"a15_19","m","ao_sao_ei","official_lang","work.no.official_lang","no.married","other.attached","other.movers"
591577,933,"a80_84","m","eo_bio_English","official_lang","work.no.official_lang","widowed","single.detached.house","non.movers"
642972,933,"a15_19","m","onao_Canadian","official_lang","work.official_lang","no.married","other.attached","non.movers"
188484,933,"a65_69","m","ao_sao_ei","official_lang","work.official_lang","married","single.detached.house","non.movers"
458399,933,"a50_54","m","ao_sao_ei","official_lang","work.official_lang","no.married","other.attached","non.movers"
165003,933,"a25_29","f","ao_sao_ei","official_lang","work.official_lang","married","single.detached.house","non.movers"
287953,933,"a55_59","f","ao_sao_ei","official_lang","work.official_lang","divorced","other.attached","non.movers"
296985,933,"a50_54","m","onao_Canadian","official_lang","work.official_lang","married","other.attached","non.movers"
585110,933,"a65_69","m","ao_sao_ei","official_lang","work.no.official_lang","married","other.attached","non.movers"
790536,933,"a10_14","f","eo_oeeo","official_lang","work.no.official_lang","no.married","other.attached","non.movers"
610923,933,"a30_34","f","ao_sao_ei","official_lang","work.official_lang","married","other.attached","non.movers"
93727,933,"a30_34","f","ao_osao","official_lang","work.official_lang","married","other.attached","nonmigrants.movers"
460763,933,"a60_64","f","ao_osao","no.official_lang","work.no.official_lang","widowed","other.attached","nonmigrants.movers"
460763,933,"a60_64","f","ao_osao","no.official_lang","work.no.official_lang","widowed","other.attached","nonmigrants.movers"
434537,933,"a40_44","m","ao_osao","no.official_lang","work.no.official_lang","married","other.attached","non.movers"
434537,933,"a40_44","m","ao_osao","no.official_lang","work.no.official_lang","married","other.attached","non.movers"
434537,933,"a40_44","m","ao_osao","no.official_lang","work.no.official_lang","married","other.attached","non.movers"
434537,933,"a40_44","m","ao_osao","no.official_lang","work.no.official_lang","married","other.attached","non.movers"
819688,933,"a80_84","f","ao_sao_ei","official_lang","work.no.official_lang","married","other.attached","non.movers"
772492,933,"a15_19","f","ao_esao_Filipino","official_lang","work.no.official_lang","no.married","other.attached","nonmigrants.movers"
457274,933,"a50_54","f","ao_sao_ei","official_lang","work.no.official_lang","married","single.detached.house","non.movers"
724397,933,"a75_79","m","ao_sao_ei","official_lang","work.no.official_lang","married","single.detached.house","non.movers"
689472,933,"a45_49","f","ao_osao","official_lang","work.official_lang","married","other.attached","non.movers"
128973,933,"a30_34","f","eo_oeeo","official_lang","work.official_lang","married","other.attached","non.movers"
547648,933,"a0_4","m","ao_osao","official_lang","work.no.official_lang","no.married","other.attached","nonmigrants.movers"
509836,933,"a45_49","f","ao_sao_ei","official_lang","work.official_lang","separated","other.attached","non.movers"
296053,933,"a35_39","f","ao_sao_ei","official_lang","work.official_lang","married","other.attached","non.movers"
383612,933,"a5_9","f","ao_sao_ei","official_lang","work.no.official_lang","no.married","other.attached","non.movers"
82254,933,"a10_14","m","ao_sao_ei","official_lang","work.no.official_lang","no.married","other.attached","non.movers"
287353,933,"a15_19","m","ao_sao_ei","official_lang","work.no.official_lang","no.married","other.attached","non.movers"
287353,933,"a15_19","m","ao_sao_ei","official_lang","work.no.official_lang","no.married","other.attached","non.movers"
29516,933,"a15_19","f","ao_sao_ei","official_lang","work.no.official_lang","no.married","other.attached","non.movers"
259478,933,"a50_54","f","ao_sao_ei","official_lang","work.official_lang","divorced","other.attached","non.movers"
548552,933,"a0_4","f","onao_Canadian","official_lang","work.no.official_lang","no.married","other.attached","other.movers"
731318,933,"a15_19","m","ao_osao","official_lang","work.no.official_lang","no.married","other.attached","non.movers"
731318,933,"a15_19","m","ao_osao","official_lang","work.no.official_lang","no.married","other.attached","non.movers"
64322,933,"a30_34","m","ao_sao_ei","official_lang","work.official_lang","married","other.attached","other.movers"
448018,933,"a25_29","m","ao_osao","official_lang","work.no.official_lang","married","other.attached","nonmigrants.movers"
448018,933,"a25_29","m","ao_osao","official_lang","work.no.official_lang","married","other.attached","nonmigrants.movers"
448018,933,"a25_29","m","ao_osao","official_lang","work.no.official_lang","married","other.attached","nonmigrants.movers"
448018,933,"a25_29","m","ao_osao","official_lang","work.no.official_lang","married","other.attached","nonmigrants.movers"
467934,933,"a20_24","m","ao_sao_ei","official_lang","work.official_lang","no.married","other.attached","non.movers"
108945,933,"a10_14","m","ao_sao_ei","official_lang","work.no.official_lang","no.married","other.attached","non.movers"
927065,933,"a5_9","m","ao_sao_ei","official_lang","work.no.official_lang","no.married","other.attached","non.movers"
325533,933,"a10_14","f","ao_sao_ei","official_lang","work.no.official_lang","no.married","other.attached","non.movers"
389545,933,"a50_54","f","ao_osao","official_lang","work.official_lang","married","single.detached.house","non.movers"
96113,933,"a50_54","m","ao_wcameo","official_lang","work.no.official_lang","married","other.attached","non.movers"
846097,933,"a10_14","f","ao_sao_ei","official_lang","work.no.official_lang","no.married","other.attached","non.movers"
787879,933,"a55_59","f","ao_sao_ei","no.official_lang","work.no.official_lang","married","single.detached.house","nonmigrants.movers"
683215,933,"a50_54","m","ao_sao_ei","official_lang","work.official_lang","married","other.attached","non.movers"
128273,933,"a45_49","f","ao_sao_ei","official_lang","work.official_lang","married","single.detached.house","non.movers"
912967,933,"a35_39","m","ao_sao_ei","official_lang","work.no.official_lang","married","other.attached","nonmigrants.movers"
912967,933,"a35_39","m","ao_sao_ei","official_lang","work.no.official_lang","married","other.attached","nonmigrants.movers"
352465,933,"a35_39","m","eo_weo_German","official_lang","work.official_lang","living.common.law","other.attached","nonmigrants.movers"
457403,933,"a55_59","f","ao_sao_ei","official_lang","work.official_lang","married","other.attached","non.movers"
261318,933,"a40_44","m","ao_sao_ei","official_lang","work.official_lang","married","other.attached","non.movers"
899510,933,"a10_14","m","ao_sao_ei","official_lang","work.no.official_lang","no.married","other.attached","non.movers"
863074,933,"a30_34","m","ao_osao","official_lang","work.official_lang","married","other.attached","non.movers"
838020,933,"a20_24","m","ao_osao","official_lang","work.official_lang","no.married","other.attached","non.movers"
838020,933,"a20_24","m","ao_osao","official_lang","work.official_lang","no.married","other.attached","non.movers"
579940,933,"a0_4","m","ao_osao","official_lang","work.no.official_lang","no.married","other.attached","non.movers"
55505,933,"a25_29","f","ao_sao_ei","official_lang","work.no.official_lang","married","single.detached.house","nonmigrants.movers"
419874,933,"a85_","m","ao_sao_ei","no.official_lang","work.no.official_lang","married","single.detached.house","non.movers"
41023,933,"a45_49","f","ao_sao_ei","official_lang","work.official_lang","married","other.attached","non.movers"
43353,933,"a30_34","f","ao_osao","official_lang","work.official_lang","married","other.attached","non.movers"
248648,933,"a35_39","m","ao_sao_ei","official_lang","work.official_lang","married","other.attached","non.movers"
704075,933,"a10_14","m","ao_sao_ei","official_lang","work.no.official_lang","no.married","other.attached","non.movers"
810944,933,"a60_64","m","eo_bio_English","official_lang","work.no.official_lang","married","other.attached","non.movers"
523139,933,"a15_19","f","ao_sao_ei","official_lang","work.no.official_lang","no.married","other.attached","non.movers"
185911,933,"a10_14","m","ao_sao_ei","official_lang","work.no.official_lang","no.married","other.attached","non.movers"
540688,933,"a75_79","f","ao_osao","no.official_lang","work.no.official_lang","married","single.detached.house","non.movers"
642572,933,"a65_69","f","ao_sao_ei","official_lang","work.no.official_lang","widowed","other.attached","non.movers"
476508,933,"a55_59","f","ao_sao_ei","no.official_lang","work.no.official_lang","widowed","other.attached","non.movers"
476508,933,"a55_59","f","ao_sao_ei","no.official_lang","work.no.official_lang","widowed","other.attached","non.movers"
651867,933,"a65_69","f","eo_oeeo","official_lang","work.no.official_lang","married","single.detached.house","non.movers"
722893,933,"a50_54","m","ao_osao","official_lang","work.official_lang","married","other.attached","nonmigrants.movers"
722893,933,"a50_54","m","ao_osao","official_lang","work.official_lang","married","other.attached","nonmigrants.movers"
861695,933,"a15_19","m","ao_osao","official_lang","work.official_lang","no.married","other.attached","nonmigrants.movers"
316748,933,"a15_19","m","ao_osao","official_lang","work.official_lang","no.married","other.attached","nonmigrants.movers"
234350,933,"a55_59","f","eo_weo_German","official_lang","work.no.official_lang","married","other.attached","non.movers"
452753,933,"a30_34","m","ao_sao_ei","official_lang","work.official_lang","no.married","other.attached","non.movers"
482999,933,"a55_59","m","eo_oeeo","official_lang","work.official_lang","married","other.attached","nonmigrants.movers"
649347,933,"a55_59","m","ao","official_lang","work.official_lang","married","other.attached","non.movers"
563634,933,"a20_24","m","ao","official_lang","work.official_lang","no.married","other.attached","non.movers"
387598,933,"a70_74","m","eo_weo_German","official_lang","work.official_lang","married","other.attached","non.movers"
432768,933,"a30_34","m","ao_sao_ei","official_lang","work.official_lang","married","other.attached","non.movers"
176312,933,"a40_44","f","ao_sao_ei","no.official_lang","work.no.official_lang","married","single.detached.house","non.movers"
47535,933,"a60_64","m","ao_esao_Filipino","no.official_lang","work.no.official_lang","separated","other.attached","non.movers"
378754,933,"a45_49","f","ao_sao_ei","official_lang","work.official_lang","married","single.detached.house","non.movers"
62308,933,"a5_9","f","ao_sao_ei","official_lang","work.no.official_lang","no.married","other.attached","other.movers"
182912,933,"a50_54","m","ao_sao_ei","official_lang","work.official_lang","married","other.attached","non.movers"
250161,933,"a35_39","m","ao_sao_ei","official_lang","work.official_lang","living.common.law","other.attached","nonmigrants.movers"
282969,933,"a5_9","m","ao_osao","official_lang","work.no.official_lang","no.married","other.attached","non.movers"
431203,933,"a15_19","f","ao_sao_ei","official_lang","work.no.official_lang","no.married","other.attached","non.movers"
757351,933,"a55_59","f","ao_esao_Filipino","official_lang","work.no.official_lang","living.common.law","other.attached","non.movers"
271353,933,"a80_84","f","ao_sao_ei","official_lang","work.no.official_lang","married","single.detached.house","non.movers"
519046,933,"a45_49","f","ao_sao_ei","official_lang","work.official_lang","married","single.detached.house","non.movers"
435845,933,"a10_14","m","ao_sao_ei","official_lang","work.no.official_lang","no.married","other.attached","non.movers"
799317,933,"a60_64","m","ao_wcameo","official_lang","work.no.official_lang","divorced","other.attached","non.movers"
497004,933,"a55_59","f","ao_esao_Filipino","official_lang","work.official_lang","married","other.attached","non.movers"
197116,933,"a20_24","m","ao_esao_Filipino","official_lang","work.official_lang","no.married","other.attached","non.movers"
488081,933,"a50_54","f","ao_sao_ei","no.official_lang","work.no.official_lang","married","single.detached.house","non.movers"
331535,933,"a35_39","f","ao_sao_ei","no.official_lang","work.no.official_lang","married","single.detached.house","non.movers"
322362,933,"a55_59","m","ao_wcameo","official_lang","work.no.official_lang","married","single.detached.house","non.movers"
374881,933,"a50_54","f","ao_sao_ei","official_lang","work.official_lang","divorced","other.attached","non.movers"
315572,933,"a15_19","f","ao_osao","official_lang","work.official_lang","no.married","other.attached","non.movers"
271564,933,"a15_19","f","ao_sao_ei","official_lang","work.no.official_lang","no.married","single.detached.house","non.movers"
871450,933,"a75_79","m","ao_sao_ei","official_lang","work.no.official_lang","married","single.detached.house","non.movers"
604047,933,"a25_29","f","ao_sao_ei","official_lang","work.no.official_lang","married","other.attached","non.movers"
604047,933,"a25_29","f","ao_sao_ei","official_lang","work.no.official_lang","married","other.attached","non.movers"
604047,933,"a25_29","f","ao_sao_ei","official_lang","work.no.official_lang","married","other.attached","non.movers"
765351,933,"a40_44","m","ao_sao_ei","official_lang","work.official_lang","married","other.attached","nonmigrants.movers"
911334,933,"a65_69","f","ao_osao","no.official_lang","work.no.official_lang","married","single.detached.house","non.movers"
254957,933,"a15_19","m","ao_sao_ei","official_lang","work.official_lang","no.married","single.detached.house","non.movers"
67080,933,"a55_59","m","ao_sao_ei","official_lang","work.official_lang","married","other.attached","non.movers"
353020,933,"a20_24","m","ao_osao","official_lang","work.official_lang","no.married","other.attached","non.movers"
371455,933,"a45_49","f","ao_sao_ei","official_lang","work.official_lang","separated","other.attached","non.movers"
350236,933,"a15_19","f","ao_sao_ei","official_lang","work.official_lang","no.married","other.attached","non.movers"
398666,933,"a60_64","m","ao_sao_ei","official_lang","work.no.official_lang","married","other.attached","non.movers"
813424,933,"a50_54","f","ao_sao_ei","official_lang","work.no.official_lang","married","other.attached","non.movers"
813424,933,"a50_54","f","ao_sao_ei","official_lang","work.no.official_lang","married","other.attached","non.movers"
756816,933,"a35_39","m","ao_sao_ei","official_lang","work.official_lang","married","other.attached","non.movers"
36995,933,"a5_9","m","ao_sao_ei","official_lang","work.no.official_lang","no.married","other.attached","non.movers"
784334,933,"a40_44","f","eo_oeeo","official_lang","work.official_lang","living.common.law","other.attached","other.movers"
706016,933,"a10_14","m","ao_osao","official_lang","work.no.official_lang","no.married","other.attached","non.movers"
706016,933,"a10_14","m","ao_osao","official_lang","work.no.official_lang","no.married","other.attached","non.movers"
328646,933,"a60_64","m","ao_sao_ei","official_lang","work.no.official_lang","married","single.detached.house","non.movers"
272394,933,"a50_54","f","ao_sao_ei","official_lang","work.no.official_lang","no.married","other.attached","non.movers"
113384,933,"a40_44","m","onao_Canadian","official_lang","work.official_lang","married","other.attached","non.movers"
813587,933,"a70_74","m","eo_bio_English","official_lang","work.no.official_lang","married","other.attached","nonmigrants.movers"
517449,933,"a75_79","m","ao_sao_ei","official_lang","work.no.official_lang","married","other.attached","nonmigrants.movers"
81636,933,"a65_69","f","ao_sao_ei","no.official_lang","work.no.official_lang","married","other.attached","nonmigrants.movers"
81636,933,"a65_69","f","ao_sao_ei","no.official_lang","work.no.official_lang","married","other.attached","nonmigrants.movers"
311285,933,"a5_9","f","ao_sao_ei","official_lang","work.no.official_lang","no.married","single.detached.house","non.movers"
292150,933,"a25_29","m","ao_esao_Filipino","official_lang","work.official_lang","no.married","other.attached","non.movers"
483303,933,"a75_79","m","eo_weo_German","official_lang","work.no.official_lang","married","other.attached","non.movers"
563950,933,"a0_4","f","ao_wcameo","no.official_lang","work.no.official_lang","no.married","other.attached","non.movers"
292005,933,"a0_4","f","ao_sao_ei","no.official_lang","work.no.official_lang","no.married","single.detached.house","non.movers"
601954,933,"a10_14","f","ao_sao_ei","official_lang","work.no.official_lang","no.married","other.attached","non.movers"
846122,933,"a10_14","f","ao_sao_ei","official_lang","work.no.official_lang","no.married","other.attached","non.movers"
269785,933,"a5_9","m","ao_sao_ei","official_lang","work.no.official_lang","no.married","other.attached","non.movers"
699463,933,"a45_49","f","ao_sao_ei","no.official_lang","work.official_lang","married","other.attached","non.movers"
699463,933,"a45_49","f","ao_sao_ei","no.official_lang","work.official_lang","married","other.attached","non.movers"
883194,933,"a50_54","f","ao_sao_ei","official_lang","work.official_lang","divorced","other.attached","non.movers"
424031,933,"a40_44","f","ao_sao_ei","official_lang","work.no.official_lang","married","other.attached","non.movers"
594298,933,"a15_19","f","ao_sao_ei","official_lang","work.no.official_lang","no.married","other.attached","non.movers"
263777,933,"a10_14","f","ao_sao_ei","official_lang","work.no.official_lang","no.married","other.attached","non.movers"
307634,933,"a10_14","m","ao_sao_ei","official_lang","work.no.official_lang","no.married","other.attached","non.movers"
310192,933,"a5_9","m","ao_sao_ei","official_lang","work.no.official_lang","no.married","other.attached","non.movers"
346961,933,"a55_59","m","ao_sao_ei","no.official_lang","work.no.official_lang","married","single.detached.house","non.movers"
797399,933,"a50_54","f","ao_osao","official_lang","work.official_lang","married","other.attached","non.movers"
797399,933,"a50_54","f","ao_osao","official_lang","work.official_lang","married","other.attached","non.movers"
212793,933,"a20_24","f","ao_osao","official_lang","work.official_lang","no.married","other.attached","non.movers"
6525,933,"a15_19","f","ao_wcameo","official_lang","work.no.official_lang","no.married","other.attached","non.movers"
407217,933,"a30_34","f","ao_sao_ei","official_lang","work.official_lang","married","other.attached","non.movers"
376661,933,"a15_19","f","ao","official_lang","work.official_lang","no.married","other.attached","non.movers"
142462,933,"a30_34","m","ao","official_lang","work.official_lang","no.married","other.attached","non.movers"
541895,933,"a65_69","m","eo_bio_English","official_lang","work.no.official_lang","married","single.detached.house","non.movers"
714943,933,"a20_24","f","ao_osao","official_lang","work.official_lang","no.married","other.attached","non.movers"
169774,933,"a25_29","m","ao_osao","official_lang","work.no.official_lang","no.married","other.attached","other.movers"
169774,933,"a25_29","m","ao_osao","official_lang","work.no.official_lang","no.married","other.attached","other.movers"
169774,933,"a25_29","m","ao_osao","official_lang","work.no.official_lang","no.married","other.attached","other.movers"
169774,933,"a25_29","m","ao_osao","official_lang","work.no.official_lang","no.married","other.attached","other.movers"
169774,933,"a25_29","m","ao_osao","official_lang","work.no.official_lang","no.married","other.attached","other.movers"
169774,933,"a25_29","m","ao_osao","official_lang","work.no.official_lang","no.married","other.attached","other.movers"
334756,933,"a70_74","m","ao_sao_ei","no.official_lang","work.official_lang","married","other.attached","non.movers"
334756,933,"a70_74","m","ao_sao_ei","no.official_lang","work.official_lang","married","other.attached","non.movers"
234970,933,"a10_14","f","ao_sao_ei","official_lang","work.no.official_lang","no.married","other.attached","non.movers"
878412,933,"a65_69","f","ao_sao_ei","official_lang","work.official_lang","married","single.detached.house","non.movers"
288924,933,"a40_44","f","ao_sao_ei","official_lang","work.official_lang","married","other.attached","non.movers"
599862,933,"a30_34","m","ao_sao_ei","official_lang","work.no.official_lang","no.married","other.attached","non.movers"
21391,933,"a70_74","m","ao_sao_ei","official_lang","work.no.official_lang","married","other.attached","non.movers"
498301,933,"a65_69","f","ao_sao_ei","no.official_lang","work.no.official_lang","married","other.attached","non.movers"
498301,933,"a65_69","f","ao_sao_ei","no.official_lang","work.no.official_lang","married","other.attached","non.movers"
498301,933,"a65_69","f","ao_sao_ei","no.official_lang","work.no.official_lang","married","other.attached","non.movers"
874101,933,"a40_44","m","ao_sao_ei","official_lang","work.no.official_lang","divorced","other.attached","non.movers"
615995,933,"a25_29","f","ao","official_lang","work.no.official_lang","separated","other.attached","non.movers"
423616,933,"a20_24","f","ao_sao_ei","official_lang","work.official_lang","no.married","other.attached","non.movers"
390736,933,"a0_4","f","ao_sao_ei","official_lang","work.no.official_lang","no.married","other.attached","non.movers"
95267,933,"a80_84","f","ao_sao_ei","official_lang","work.no.official_lang","widowed","other.attached","non.movers"
612223,933,"a25_29","m","ao_esao_Filipino","official_lang","work.official_lang","married","other.attached","other.movers"
127472,933,"a10_14","m","ao","official_lang","work.no.official_lang","no.married","single.detached.house","nonmigrants.movers"
25804,933,"a30_34","m","ao_sao_ei","official_lang","work.official_lang","no.married","other.attached","non.movers"
623389,933,"a15_19","f","ao","official_lang","work.no.official_lang","no.married","other.attached","non.movers"
448628,933,"a45_49","m","ao_sao_ei","official_lang","work.no.official_lang","married","single.detached.house","non.movers"
27616,933,"a35_39","f","ao_sao_ei","official_lang","work.no.official_lang","married","single.detached.house","non.movers"
24598,933,"a10_14","m","ao_sao_ei","official_lang","work.no.official_lang","no.married","single.detached.house","non.movers"
871531,933,"a40_44","f","ao_sao_ei","official_lang","work.no.official_lang","married","other.attached","nonmigrants.movers"
156695,933,"a75_79","m","eo_weo_German","official_lang","work.no.official_lang","married","other.attached","non.movers"
188350,933,"a40_44","f","ao_sao_ei","official_lang","work.official_lang","no.married","other.attached","non.movers"
928743,933,"a75_79","f","eo_weo_German","official_lang","work.no.official_lang","widowed","other.attached","non.movers"
631346,933,"a55_59","m","ao_sao_ei","official_lang","work.no.official_lang","married","other.attached","non.movers"
631346,933,"a55_59","m","ao_sao_ei","official_lang","work.no.official_lang","married","other.attached","non.movers"
