"PPSORT","CMA","AGE","SEX","RACE","KOL","WORKLANG","MARST","DWEL","MOBL"
829364,933,"a35_39","f","ao_sao_ei","official_lang","work.no.official_lang","married","other.attached","non.movers"
6426,933,"a0_4","f","ao","official_lang","work.no.official_lang","no.married","other.attached","non.movers"
626766,933,"a35_39","m","ao_sao_ei","official_lang","work.official_lang","married","other.attached","non.movers"
415317,933,"a35_39","f","ao_sao_ei","official_lang","work.official_lang","married","other.attached","non.movers"
396028,933,"a35_39","f","ao_wcameo","official_lang","work.no.official_lang","married","other.attached","non.movers"
193210,933,"a85_","f","eo_eeo_Russian","official_lang","work.no.official_lang","married","other.attached","non.movers"
365816,933,"a55_59","f","ao_oesao","official_lang","work.no.official_lang","separated","other.attached","non.movers"
217686,933,"a20_24","m","ao_wcameo","official_lang","work.no.official_lang","no.married","other.attached","non.movers"
558734,933,"a20_24","m","onao_Canadian","official_lang","work.no.official_lang","no.married","other.attached","non.movers"
83565,933,"a35_39","m","ao_wcameo","official_lang","work.official_lang","married","other.attached","non.movers"
684389,933,"a35_39","m","ao_sao_ei","official_lang","work.official_lang","married","other.attached","non.movers"
63342,933,"a35_39","f","ao_sao_ei","official_lang","work.official_lang","married","other.attached","non.movers"
928454,933,"a20_24","m","ao_oesao","official_lang","work.official_lang","no.married","other.attached","non.movers"
145028,933,"a75_79","f","ao_sao_ei","no.official_lang","work.no.official_lang","married","other.attached","non.movers"
500763,933,"a10_14","m","ao_sao_ei","official_lang","work.no.official_lang","no.married","single.detached.house","non.movers"
523922,933,"a50_54","m","onao_Canadian","official_lang","work.official_lang","no.married","other.attached","non.movers"
928299,933,"a50_54","m","eo_weo_Dutch","official_lang","work.official_lang","divorced","other.attached","non.movers"
6720,933,"a60_64","f","ao_sao_ei","no.official_lang","work.no.official_lang","widowed","other.attached","non.movers"
697083,933,"a45_49","m","eo_oweo","official_lang","work.official_lang","married","other.attached","nonmigrants.movers"
130792,933,"a65_69","m","oco","official_lang","work.no.official_lang","married","single.detached.house","non.movers"
744636,933,"a20_24","f","ao_sao_ei","official_lang","work.official_lang","no.married","other.attached","non.movers"
511266,933,"a65_69","m","onao_Canadian","official_lang","work.official_lang","married","other.attached","non.movers"
1633,933,"a10_14","f","ao_oesao","official_lang","work.no.official_lang","no.married","other.attached","non.movers"
225523,933,"a35_39","f","ao_osao","official_lang","work.no.official_lang","married","other.attached","nonmigrants.movers"
192505,933,"a0_4","f","eo_neo","official_lang","work.no.official_lang","no.married","other.attached","non.movers"
730967,933,"a15_19","f","ao_sao_ei","official_lang","work.official_lang","no.married","other.attached","nonmigrants.movers"
205740,933,"a35_39","m","ao_wcameo","official_lang","work.official_lang","married","other.attached","non.movers"
490429,933,"a20_24","f","ao_esao_Chinese","official_lang","work.no.official_lang","no.married","other.attached","non.movers"
687115,933,"a25_29","m","ao_sao_ei","official_lang","work.official_lang","no.married","single.detached.house","non.movers"
346355,933,"a75_79","f","eo_obio","official_lang","work.no.official_lang","married","other.attached","non.movers"
562085,933,"a40_44","m","eo_bio_English","official_lang","work.official_lang","no.married","other.attached","non.movers"
633244,933,"a60_64","f","eo_bio_English","official_lang","work.no.official_lang","divorced","other.attached","non.movers"
453399,933,"a40_44","f","ao_sao_ei","official_lang","work.official_lang","divorced","other.attached","non.movers"
687087,933,"a55_59","m","ao_esao_Chinese","official_lang","work.official_lang","married","other.attached","non.movers"
57574,933,"a40_44","m","onao_Canadian","official_lang","work.no.official_lang","no.married","other.attached","non.movers"
919040,933,"a40_44","f","ao_sao_ei","official_lang","work.official_lang","divorced","other.attached","non.movers"
748889,933,"a55_59","f","eo_neo","official_lang","work.official_lang","divorced","single.detached.house","non.movers"
792887,933,"a60_64","f","ao_esao_Chinese","official_lang","work.no.official_lang","divorced","other.attached","non.movers"
426583,933,"a70_74","f","ao_sao_ei","no.official_lang","work.no.official_lang","widowed","other.attached","non.movers"
750583,933,"a45_49","m","eo_eeo_Russian","official_lang","work.no.official_lang","married","other.attached","non.movers"
409453,933,"a75_79","m","eo_weo_German","official_lang","work.no.official_lang","married","other.attached","non.movers"
161737,933,"a50_54","f","eo_obio","official_lang","work.official_lang","married","single.detached.house","non.movers"
497930,933,"a5_9","m","eo_bio_Scottish","official_lang","work.no.official_lang","no.married","single.detached.house","non.movers"
356229,933,"a5_9","f","eo_bio_English","official_lang","work.no.official_lang","no.married","single.detached.house","non.movers"
731336,933,"a45_49","f","ao_osao","official_lang","work.official_lang","married","other.attached","non.movers"
545942,933,"a60_64","m","ao_sao_ei","official_lang","work.official_lang","married","single.detached.house","non.movers"
862747,933,"a55_59","f","ao_wcameo","official_lang","work.official_lang","married","other.attached","non.movers"
131742,933,"a65_69","f","ao_sao_ei","no.official_lang","work.no.official_lang","married","other.attached","non.movers"
927548,933,"a35_39","m","ao_sao_ei","official_lang","work.official_lang","married","other.attached","non.movers"
729409,933,"a10_14","f","ao_sao_ei","official_lang","work.no.official_lang","no.married","other.attached","non.movers"
235487,933,"a55_59","f","ao_sao_ei","official_lang","work.official_lang","divorced","other.attached","non.movers"
566161,933,"a60_64","f","ao_sao_ei","official_lang","work.no.official_lang","married","single.detached.house","non.movers"
358661,933,"a50_54","m","eo_bio_English","official_lang","work.official_lang","separated","other.attached","non.movers"
833540,933,"a65_69","m","ao_sao_ei","official_lang","work.no.official_lang","married","other.attached","non.movers"
126833,933,"a65_69","m","eo_weo_German","official_lang","work.official_lang","married","other.attached","non.movers"
445072,933,"a45_49","f","onao","official_lang","work.official_lang","married","single.detached.house","non.movers"
183274,933,"a50_54","f","eo_bio_Scottish","official_lang","work.official_lang","divorced","other.attached","non.movers"
849568,933,"a55_59","m","eo_neo","official_lang","work.no.official_lang","no.married","other.attached","non.movers"
107839,933,"a35_39","f","ao_sao_ei","official_lang","work.official_lang","married","single.detached.house","non.movers"
285696,933,"a60_64","f","eo_weo_German","official_lang","work.official_lang","living.common.law","other.attached","non.movers"
466985,933,"a60_64","m","eo_bio_Scottish","official_lang","work.no.official_lang","married","single.detached.house","non.movers"
281298,933,"a35_39","f","ao_esao_Chinese","no.official_lang","work.no.official_lang","married","other.attached","non.movers"
559513,933,"a65_69","m","eo_weo_German","official_lang","work.no.official_lang","divorced","other.attached","non.movers"
317677,933,"a30_34","f","ao_sao_ei","official_lang","work.no.official_lang","married","other.attached","non.movers"
811887,933,"a70_74","f","eo_bio_English","official_lang","work.no.official_lang","no.married","other.attached","non.movers"
390151,933,"a35_39","m","eo_obio","official_lang","work.official_lang","no.married","other.attached","non.movers"
130116,933,"a65_69","f","eo_eeo_Russian","official_lang","work.no.official_lang","married","other.attached","non.movers"
117306,933,"a25_29","f","ao_esao_Chinese","official_lang","work.official_lang","no.married","other.attached","non.movers"
721397,933,"a20_24","f","lcsao","official_lang","work.no.official_lang","no.married","other.attached","non.movers"
249120,933,"a0_4","m","ao_sao_ei","official_lang","work.no.official_lang","no.married","other.attached","non.movers"
330878,933,"a20_24","f","ao_oesao","official_lang","work.no.official_lang","no.married","other.attached","non.movers"
790643,933,"a20_24","f","ao_osao","official_lang","work.no.official_lang","no.married","other.attached","non.movers"
537790,933,"a50_54","m","ao_oesao","official_lang","work.no.official_lang","no.married","other.attached","non.movers"
352992,933,"a30_34","m","eo_bio_Irish","official_lang","work.official_lang","living.common.law","other.attached","non.movers"
335407,933,"a15_19","m","onao_Canadian","official_lang","work.no.official_lang","no.married","single.detached.house","non.movers"
51146,933,"a10_14","m","ao_sao_ei","official_lang","work.no.official_lang","no.married","other.attached","non.movers"
86553,933,"a5_9","f","ao_sao_ei","official_lang","work.no.official_lang","no.married","other.attached","non.movers"
493184,933,"a50_54","f","ao_esao_Chinese","no.official_lang","work.official_lang","married","single.detached.house","non.movers"
195525,933,"a55_59","f","eo_eeo_Russian","official_lang","work.no.official_lang","married","other.attached","non.movers"
489153,933,"a60_64","m","ao_esao_Chinese","official_lang","work.no.official_lang","married","other.attached","non.movers"
250939,933,"a75_79","f","ao_esao_Filipino","official_lang","work.no.official_lang","no.married","other.attached","non.movers"
479240,933,"a85_","f","eo_weo_German","official_lang","work.no.official_lang","widowed","other.attached","non.movers"
300416,933,"a40_44","m","ao_esao_Filipino","official_lang","work.official_lang","married","other.attached","non.movers"
285364,933,"a60_64","m","onao_Canadian","official_lang","work.no.official_lang","married","single.detached.house","non.movers"
458685,933,"a30_34","m","ao_sao_ei","official_lang","work.official_lang","married","other.attached","interprovincial.movers"
574264,933,"a20_24","f","ao_sao_ei","official_lang","work.official_lang","no.married","single.detached.house","non.movers"
379793,933,"a65_69","f","eo_oweo","official_lang","work.no.official_lang","married","single.detached.house","non.movers"
835981,933,"a75_79","f","ao_oesao","official_lang","work.no.official_lang","married","other.attached","non.movers"
609878,933,"a20_24","m","ao_osao","official_lang","work.no.official_lang","no.married","other.attached","non.movers"
327723,933,"a25_29","m","eo_eeo_Russian","official_lang","work.official_lang","no.married","single.detached.house","non.movers"
620560,933,"a20_24","f","ao_sao_ei","official_lang","work.official_lang","no.married","other.attached","non.movers"
339578,933,"a45_49","f","ao_sao_ei","official_lang","work.official_lang","married","other.attached","non.movers"
693270,933,"a10_14","m","ao_sao_ei","official_lang","work.no.official_lang","no.married","other.attached","non.movers"
567144,933,"a60_64","m","ao_sao_ei","no.official_lang","work.no.official_lang","married","other.attached","non.movers"
157322,933,"a55_59","f","ao_oesao","official_lang","work.official_lang","widowed","other.attached","non.movers"
57287,933,"a20_24","m","onao_Canadian","official_lang","work.official_lang","no.married","other.attached","non.movers"
350911,933,"a25_29","f","onao_Canadian","official_lang","work.official_lang","no.married","single.detached.house","non.movers"
304786,933,"a65_69","m","eo_bio_English","official_lang","work.official_lang","married","other.attached","non.movers"
601556,933,"a55_59","m","eo_oweo","official_lang","work.official_lang","married","single.detached.house","non.movers"
790715,933,"a25_29","f","eo_seo_Spanish","official_lang","work.official_lang","no.married","other.attached","non.movers"
826737,933,"a45_49","f","ao_oesao","official_lang","work.official_lang","married","other.attached","non.movers"
302044,933,"a60_64","f","eo_bio_Scottish","official_lang","work.no.official_lang","married","other.attached","non.movers"
155229,933,"a75_79","m","eo_oseo","official_lang","work.no.official_lang","married","single.detached.house","non.movers"
831641,933,"a25_29","f","naao","official_lang","work.no.official_lang","no.married","other.attached","non.movers"
165430,933,"a25_29","m","onao_Canadian","official_lang","work.official_lang","no.married","other.attached","non.movers"
24311,933,"a35_39","f","eo_oseo","official_lang","work.official_lang","married","other.attached","non.movers"
198866,933,"a5_9","f","eo_oseo","official_lang","work.no.official_lang","no.married","other.attached","non.movers"
430145,933,"a20_24","f","ao_sao_ei","official_lang","work.official_lang","no.married","other.attached","non.movers"
132645,933,"a40_44","f","eo_oeeo","official_lang","work.official_lang","divorced","other.attached","non.movers"
507507,933,"a30_34","m","ao_osao","official_lang","work.official_lang","married","other.attached","non.movers"
306651,933,"a20_24","m","lcsao","official_lang","work.official_lang","no.married","other.attached","non.movers"
470814,933,"a45_49","m","onao_Canadian","official_lang","work.official_lang","married","other.attached","non.movers"
818092,933,"a40_44","f","eo_weo_German","official_lang","work.official_lang","married","other.attached","non.movers"
186813,933,"a65_69","m","eo_bio_English","official_lang","work.no.official_lang","married","single.detached.house","non.movers"
393482,933,"a10_14","f","ao_wcameo","official_lang","work.no.official_lang","no.married","other.attached","non.movers"
676365,933,"a35_39","f","ao_wcameo","official_lang","work.no.official_lang","married","other.attached","non.movers"
827706,933,"a35_39","m","onao_Canadian","official_lang","work.official_lang","married","other.attached","nonmigrants.movers"
132671,933,"a35_39","f","ao_esao_Chinese","official_lang","work.no.official_lang","married","other.attached","non.movers"
396998,933,"a5_9","m","eo_eeo_Russian","official_lang","work.no.official_lang","no.married","other.attached","non.movers"
485541,933,"a65_69","f","ao","official_lang","work.no.official_lang","married","single.detached.house","non.movers"
811761,933,"a0_4","f","lcsao","official_lang","work.no.official_lang","no.married","other.attached","non.movers"
37300,933,"a35_39","m","ao_sao_ei","official_lang","work.official_lang","married","other.attached","non.movers"
618156,933,"a5_9","f","ao_sao_ei","official_lang","work.no.official_lang","no.married","other.attached","non.movers"
438924,933,"a50_54","m","eo_weo_German","official_lang","work.official_lang","married","other.attached","non.movers"
769709,933,"a55_59","m","eo_weo_German","official_lang","work.official_lang","married","other.attached","non.movers"
165648,933,"a25_29","m","lcsao","official_lang","work.official_lang","no.married","other.attached","non.movers"
334988,933,"a60_64","m","ao_sao_ei","official_lang","work.no.official_lang","married","single.detached.house","non.movers"
85696,933,"a20_24","m","ao","official_lang","work.official_lang","no.married","other.attached","non.movers"
494960,933,"a70_74","m","eo_fo","official_lang","work.no.official_lang","married","other.attached","non.movers"
697433,933,"a25_29","m","eo_weo_German","official_lang","work.official_lang","no.married","single.detached.house","non.movers"
90427,933,"a60_64","m","ao_sao_ei","official_lang","work.no.official_lang","married","other.attached","non.movers"
706570,933,"a5_9","f","ao_sao_ei","official_lang","work.no.official_lang","no.married","other.attached","non.movers"
415943,933,"a0_4","f","ao_sao_ei","official_lang","work.no.official_lang","no.married","other.attached","non.movers"
391117,933,"a60_64","f","eo_obio","official_lang","work.no.official_lang","married","other.attached","non.movers"
506565,933,"a40_44","f","ao_oesao","official_lang","work.no.official_lang","married","other.attached","non.movers"
211170,933,"a45_49","m","eo_seo_Spanish","official_lang","work.official_lang","married","other.attached","non.movers"
70972,933,"a30_34","f","eo_oeeo","official_lang","work.no.official_lang","married","other.attached","non.movers"
751839,933,"a5_9","f","lcsao","official_lang","work.no.official_lang","no.married","other.attached","non.movers"
207825,933,"a20_24","m","ao_oesao","official_lang","work.official_lang","no.married","other.attached","non.movers"
93072,933,"a15_19","m","ao_oesao","official_lang","work.official_lang","no.married","other.attached","non.movers"
773451,933,"a50_54","m","ao_sao_ei","official_lang","work.official_lang","married","other.attached","non.movers"
832832,933,"a15_19","m","ao_sao_ei","official_lang","work.official_lang","no.married","other.attached","non.movers"
32907,933,"a80_84","m","eo_seo_Portuguese","official_lang","work.no.official_lang","widowed","single.detached.house","non.movers"
162256,933,"a55_59","f","eo_bio_English","official_lang","work.official_lang","married","other.attached","non.movers"
464403,933,"a80_84","m","eo_bio_English","official_lang","work.no.official_lang","married","other.attached","non.movers"
415529,933,"a60_64","m","ao_oesao","official_lang","work.no.official_lang","married","other.attached","non.movers"
851924,933,"a30_34","m","eo_weo_German","official_lang","work.official_lang","no.married","other.attached","non.movers"
862699,933,"a20_24","m","ao_oesao","official_lang","work.no.official_lang","no.married","other.attached","non.movers"
358318,933,"a40_44","f","eo_bio_Scottish","official_lang","work.official_lang","living.common.law","other.attached","non.movers"
664394,933,"a5_9","m","ao_sao_ei","official_lang","work.no.official_lang","no.married","single.detached.house","non.movers"
504226,933,"a20_24","m","ao_osao","official_lang","work.official_lang","no.married","other.attached","non.movers"
274088,933,"a15_19","f","ao_osao","official_lang","work.no.official_lang","no.married","other.attached","non.movers"
127495,933,"a0_4","f","ao_sao_ei","official_lang","work.no.official_lang","no.married","other.attached","non.movers"
119605,933,"a25_29","m","oo","official_lang","work.no.official_lang","no.married","single.detached.house","non.movers"
487108,933,"a60_64","m","ao_sao_ei","official_lang","work.official_lang","married","other.attached","non.movers"
783017,933,"a75_79","m","eo_bio_Scottish","official_lang","work.no.official_lang","married","other.attached","non.movers"
473954,933,"a25_29","f","ao_sao_ei","no.official_lang","work.no.official_lang","widowed","single.detached.house","non.movers"
893990,933,"a60_64","f","ao_sao_ei","official_lang","work.official_lang","divorced","other.attached","non.movers"
265620,933,"a20_24","f","lcsao","official_lang","work.official_lang","no.married","other.attached","non.movers"
460588,933,"a65_69","f","ao_sao_ei","official_lang","work.official_lang","widowed","other.attached","non.movers"
884655,933,"a30_34","f","naao","official_lang","work.official_lang","married","single.detached.house","non.movers"
87590,933,"a40_44","f","ao","official_lang","work.official_lang","married","other.attached","non.movers"
123231,933,"a25_29","m","eo_bio_English","official_lang","work.no.official_lang","no.married","other.attached","non.movers"
866569,933,"a5_9","m","onao_Canadian","official_lang","work.no.official_lang","no.married","single.detached.house","non.movers"
100299,933,"a60_64","f","eo_bio_English","official_lang","work.official_lang","no.married","other.attached","non.movers"
418530,933,"a75_79","f","eo_obio","official_lang","work.no.official_lang","divorced","other.attached","non.movers"
373756,933,"a45_49","m","ao_sao_ei","official_lang","work.official_lang","married","other.attached","non.movers"
577762,933,"a65_69","f","ao_oesao","official_lang","work.no.official_lang","married","other.attached","non.movers"
666976,933,"a65_69","f","eo_bio_English","official_lang","work.no.official_lang","married","single.detached.house","non.movers"
358032,933,"a25_29","m","ao_sao_ei","official_lang","work.official_lang","no.married","other.attached","non.movers"
457051,933,"a20_24","f","ao_sao_ei","official_lang","work.official_lang","no.married","other.attached","non.movers"
439011,933,"a30_34","f","ao_sao_ei","official_lang","work.official_lang","no.married","single.detached.house","non.movers"
713767,933,"a20_24","m","ao_oesao","official_lang","work.no.official_lang","no.married","other.attached","non.movers"
150833,933,"a40_44","m","ao_oesao","official_lang","work.no.official_lang","married","other.attached","non.movers"
868035,933,"a0_4","f","onao_Canadian","official_lang","work.no.official_lang","no.married","other.attached","non.movers"
273381,933,"a45_49","f","ao_oesao","official_lang","work.no.official_lang","married","other.attached","non.movers"
749229,933,"a0_4","m","ao_sao_ei","official_lang","work.no.official_lang","no.married","other.attached","non.movers"
104804,933,"a0_4","f","eo_eeo_Russian","official_lang","work.no.official_lang","no.married","other.attached","non.movers"
395958,933,"a25_29","m","eo_seo_Portuguese","official_lang","work.official_lang","married","other.attached","non.movers"
420708,933,"a0_4","m","naao","official_lang","work.no.official_lang","no.married","other.attached","non.movers"
351491,933,"a35_39","f","ao_sao_ei","official_lang","work.official_lang","married","other.attached","non.movers"
773971,933,"a40_44","f","ao_oesao","official_lang","work.official_lang","married","other.attached","non.movers"
803759,933,"a65_69","f","ao_sao_ei","official_lang","work.no.official_lang","widowed","other.attached","non.movers"
79426,933,"a60_64","f","ao_sao_ei","official_lang","work.no.official_lang","married","single.detached.house","non.movers"
35118,933,"a35_39","f","eo_seo_Portuguese","official_lang","work.official_lang","no.married","other.attached","non.movers"
171901,933,"a40_44","m","onao","official_lang","work.official_lang","married","other.attached","non.movers"
171901,933,"a40_44","m","onao","official_lang","work.official_lang","married","other.attached","non.movers"
171901,933,"a40_44","m","onao","official_lang","work.official_lang","married","other.attached","non.movers"
704305,933,"a5_9","m","onao","official_lang","work.no.official_lang","no.married","other.attached","non.movers"
704305,933,"a5_9","m","onao","official_lang","work.no.official_lang","no.married","other.attached","non.movers"
704305,933,"a5_9","m","onao","official_lang","work.no.official_lang","no.married","other.attached","non.movers"
704305,933,"a5_9","m","onao","official_lang","work.no.official_lang","no.married","other.attached","non.movers"
617225,933,"a5_9","f","ao_osao","official_lang","work.no.official_lang","no.married","other.attached","nonmigrants.movers"
19370,933,"a5_9","f","ao","official_lang","work.no.official_lang","no.married","other.attached","non.movers"
393990,933,"a5_9","m","onao_Canadian","official_lang","work.no.official_lang","no.married","other.attached","non.movers"
882024,933,"a10_14","m","eo_bio_English","official_lang","work.no.official_lang","no.married","other.attached","non.movers"
122499,933,"a25_29","m","ao_sao_ei","official_lang","work.no.official_lang","no.married","other.attached","non.movers"
122499,933,"a25_29","m","ao_sao_ei","official_lang","work.no.official_lang","no.married","other.attached","non.movers"
176247,933,"a75_79","f","eo_bio_Irish","official_lang","work.no.official_lang","widowed","other.attached","non.movers"
616514,933,"a50_54","f","onao_Canadian","official_lang","work.official_lang","married","single.detached.house","non.movers"
858779,933,"a65_69","m","ao_sao_ei","official_lang","work.official_lang","married","other.attached","non.movers"
561460,933,"a45_49","f","ao_sao_ei","official_lang","work.official_lang","married","single.detached.house","non.movers"
126558,933,"a15_19","m","ao_sao_ei","official_lang","work.official_lang","no.married","single.detached.house","non.movers"
478441,933,"a20_24","f","ao_sao_ei","official_lang","work.official_lang","no.married","other.attached","nonmigrants.movers"
524224,933,"a5_9","m","ao_sao_ei","official_lang","work.no.official_lang","no.married","single.detached.house","non.movers"
128462,933,"a70_74","f","eo_obio","official_lang","work.no.official_lang","no.married","other.attached","non.movers"
2532,933,"a0_4","f","lcsao","official_lang","work.no.official_lang","no.married","other.attached","non.movers"
439050,933,"a75_79","f","eo_bio_English","official_lang","work.no.official_lang","widowed","other.attached","non.movers"
30556,933,"a30_34","f","ao_sao_ei","official_lang","work.official_lang","married","other.attached","non.movers"
405545,933,"a55_59","f","ao_sao_ei","no.official_lang","work.no.official_lang","married","other.attached","non.movers"
342439,933,"a75_79","f","eo_weo_German","official_lang","work.no.official_lang","divorced","other.attached","non.movers"
46197,933,"a40_44","f","eo_neo","official_lang","work.official_lang","married","other.attached","non.movers"
325743,933,"a15_19","f","ao_oesao","official_lang","work.no.official_lang","no.married","other.attached","non.movers"
724437,933,"a85_","f","eo_bio_Irish","official_lang","work.no.official_lang","widowed","single.detached.house","non.movers"
150870,933,"a0_4","m","eo_obio","official_lang","work.no.official_lang","no.married","other.attached","non.movers"
789738,933,"a45_49","f","eo_eeo_Ukrainian","official_lang","work.official_lang","married","other.attached","non.movers"
505537,933,"a5_9","m","ao_sao_ei","official_lang","work.no.official_lang","no.married","other.attached","non.movers"
405257,933,"a0_4","f","ao_sao_ei","official_lang","work.no.official_lang","no.married","other.attached","non.movers"
467416,933,"a30_34","f","ao_sao_ei","official_lang","work.no.official_lang","no.married","single.detached.house","non.movers"
26975,933,"a30_34","f","eo_weo_German","official_lang","work.official_lang","married","single.detached.house","non.movers"
743042,933,"a0_4","m","onao_Canadian","official_lang","work.no.official_lang","no.married","single.detached.house","non.movers"
821301,933,"a35_39","m","eo_fo","official_lang","work.official_lang","married","other.attached","non.movers"
160998,933,"a60_64","m","ao_osao","official_lang","work.no.official_lang","married","other.attached","non.movers"
378948,933,"a55_59","f","eo_seo_Spanish","no.official_lang","work.no.official_lang","divorced","other.attached","non.movers"
844226,933,"a40_44","m","ao_wcameo","official_lang","work.official_lang","married","other.attached","non.movers"
213878,933,"a55_59","f","eo_neo","official_lang","work.official_lang","living.common.law","other.attached","non.movers"
555797,933,"a5_9","f","ao_oesao","official_lang","work.no.official_lang","no.married","other.attached","non.movers"
700255,933,"a75_79","m","ao_esao_Filipino","official_lang","work.no.official_lang","married","other.attached","non.movers"
845577,933,"a50_54","f","eo_weo_German","official_lang","work.official_lang","divorced","other.attached","non.movers"
443265,933,"a50_54","m","eo_bio_English","official_lang","work.official_lang","living.common.law","other.attached","non.movers"
217830,933,"a50_54","f","eo_weo_German","official_lang","work.official_lang","no.married","single.detached.house","non.movers"
100454,933,"a10_14","f","ao_sao_ei","official_lang","work.no.official_lang","no.married","single.detached.house","non.movers"
50530,933,"a45_49","f","eo_obio","official_lang","work.official_lang","married","other.attached","non.movers"
33769,933,"a75_79","m","eo_bio_English","official_lang","work.no.official_lang","married","single.detached.house","non.movers"
604201,933,"a15_19","m","ao","official_lang","work.no.official_lang","no.married","other.attached","non.movers"
757613,933,"a35_39","m","ao_sao_ei","official_lang","work.official_lang","married","single.detached.house","non.movers"
619160,933,"a40_44","f","lcsao","official_lang","work.official_lang","married","other.attached","non.movers"
901348,933,"a50_54","m","eo_neo","official_lang","work.official_lang","married","single.detached.house","non.movers"
799414,933,"a45_49","m","eo_eeo_Ukrainian","official_lang","work.official_lang","married","other.attached","non.movers"
395491,933,"a15_19","m","ao_oesao","official_lang","work.no.official_lang","no.married","other.attached","non.movers"
456852,933,"a40_44","f","eo_weo_German","official_lang","work.official_lang","no.married","other.attached","non.movers"
627145,933,"a75_79","f","ao_esao_Chinese","official_lang","work.no.official_lang","married","other.attached","non.movers"
414549,933,"a75_79","m","eo_seo_Spanish","official_lang","work.official_lang","married","other.attached","non.movers"
184587,933,"a15_19","m","ao_wcameo","no.official_lang","work.no.official_lang","no.married","other.attached","non.movers"
582873,933,"a65_69","m","ao_sao_ei","official_lang","work.official_lang","married","other.attached","non.movers"
722699,933,"a55_59","m","ao_sao_ei","official_lang","work.official_lang","married","single.detached.house","non.movers"
560488,933,"a35_39","m","ao_sao_ei","official_lang","work.official_lang","married","other.attached","non.movers"
879152,933,"a25_29","f","eo_bio_Irish","official_lang","work.official_lang","married","other.attached","non.movers"
918530,933,"a60_64","m","eo_eeo_Ukrainian","official_lang","work.no.official_lang","married","single.detached.house","non.movers"
41269,933,"a45_49","m","eo_bio_English","official_lang","work.official_lang","living.common.law","other.attached","non.movers"
757202,933,"a15_19","m","ao","official_lang","work.no.official_lang","no.married","other.attached","non.movers"
837727,933,"a5_9","m","ao","official_lang","work.no.official_lang","no.married","other.attached","non.movers"
341469,933,"a20_24","f","ao_oesao","official_lang","work.official_lang","no.married","single.detached.house","non.movers"
381974,933,"a65_69","f","ao_sao_ei","no.official_lang","work.no.official_lang","married","other.attached","non.movers"
610351,933,"a45_49","m","eo_oeeo","official_lang","work.official_lang","married","other.attached","non.movers"
199601,933,"a25_29","f","ao_sao_ei","official_lang","work.official_lang","married","other.attached","nonmigrants.movers"
191175,933,"a40_44","f","ao","official_lang","work.no.official_lang","separated","other.attached","non.movers"
867822,933,"a70_74","m","eo_bio_English","official_lang","work.no.official_lang","separated","other.attached","non.movers"
827350,933,"a40_44","m","eo_weo_German","official_lang","work.official_lang","married","single.detached.house","non.movers"
705127,933,"a5_9","f","ao_oesao","official_lang","work.no.official_lang","no.married","other.attached","non.movers"
457148,933,"a65_69","m","eo_oeeo","official_lang","work.no.official_lang","married","single.detached.house","non.movers"
207768,933,"a40_44","m","ao_sao_ei","official_lang","work.official_lang","married","other.attached","non.movers"
587575,933,"a25_29","m","eo_oseo","official_lang","work.official_lang","living.common.law","other.attached","non.movers"
630368,933,"a5_9","f","ao_oesao","official_lang","work.no.official_lang","no.married","other.attached","non.movers"
808432,933,"a70_74","f","eo_oweo","official_lang","work.no.official_lang","married","other.attached","non.movers"
808432,933,"a70_74","f","eo_oweo","official_lang","work.no.official_lang","married","other.attached","non.movers"
159502,933,"a25_29","f","ao_esao_Chinese","official_lang","work.no.official_lang","no.married","other.attached","non.movers"
446521,933,"a15_19","f","ao_esao_Filipino","official_lang","work.no.official_lang","no.married","other.attached","non.movers"
307503,933,"a15_19","f","ao_sao_ei","official_lang","work.no.official_lang","no.married","other.attached","non.movers"
726553,933,"a55_59","m","eo_weo_German","official_lang","work.no.official_lang","no.married","single.detached.house","non.movers"
311993,933,"a45_49","f","eo_bio_English","official_lang","work.no.official_lang","married","single.detached.house","non.movers"
76337,933,"a5_9","f","ao_sao_ei","no.official_lang","work.no.official_lang","no.married","other.attached","non.movers"
719001,933,"a40_44","m","eo_bio_Irish","official_lang","work.official_lang","married","other.attached","non.movers"
584364,933,"a45_49","f","ao_oesao","official_lang","work.no.official_lang","married","other.attached","non.movers"
142589,933,"a30_34","f","ao_wcameo","official_lang","work.official_lang","no.married","other.attached","non.movers"
370318,933,"a50_54","m","ao_sao_ei","official_lang","work.official_lang","married","single.detached.house","non.movers"
144594,933,"a35_39","m","ao_sao_ei","official_lang","work.official_lang","married","other.attached","non.movers"
196434,933,"a45_49","m","eo_bio_Irish","official_lang","work.official_lang","separated","other.attached","non.movers"
490161,933,"a65_69","m","ao_sao_ei","official_lang","work.no.official_lang","married","other.attached","nonmigrants.movers"
368935,933,"a70_74","m","ao_sao_ei","official_lang","work.no.official_lang","married","single.detached.house","non.movers"
819800,933,"a50_54","m","ao_esao_Filipino","official_lang","work.official_lang","married","other.attached","non.movers"
773783,933,"a55_59","m","eo_oweo","official_lang","work.official_lang","divorced","other.attached","non.movers"
773783,933,"a55_59","m","eo_oweo","official_lang","work.official_lang","divorced","other.attached","non.movers"
773783,933,"a55_59","m","eo_oweo","official_lang","work.official_lang","divorced","other.attached","non.movers"
773783,933,"a55_59","m","eo_oweo","official_lang","work.official_lang","divorced","other.attached","non.movers"
773783,933,"a55_59","m","eo_oweo","official_lang","work.official_lang","divorced","other.attached","non.movers"
773783,933,"a55_59","m","eo_oweo","official_lang","work.official_lang","divorced","other.attached","non.movers"
916640,933,"a20_24","f","ao_esao_Chinese","official_lang","work.official_lang","no.married","other.attached","non.movers"
671910,933,"a10_14","f","oco","official_lang","work.no.official_lang","no.married","single.detached.house","non.movers"
234902,933,"a30_34","f","oco","official_lang","work.official_lang","married","other.attached","non.movers"
234902,933,"a30_34","f","oco","official_lang","work.official_lang","married","other.attached","non.movers"
234902,933,"a30_34","f","oco","official_lang","work.official_lang","married","other.attached","non.movers"
234902,933,"a30_34","f","oco","official_lang","work.official_lang","married","other.attached","non.movers"
234902,933,"a30_34","f","oco","official_lang","work.official_lang","married","other.attached","non.movers"
234902,933,"a30_34","f","oco","official_lang","work.official_lang","married","other.attached","non.movers"
234902,933,"a30_34","f","oco","official_lang","work.official_lang","married","other.attached","non.movers"
234902,933,"a30_34","f","oco","official_lang","work.official_lang","married","other.attached","non.movers"
98836,933,"a50_54","f","eo_eeo_Russian","official_lang","work.no.official_lang","married","other.attached","non.movers"
517115,933,"a60_64","m","eo_bio_Scottish","official_lang","work.official_lang","living.common.law","other.attached","non.movers"
397457,933,"a5_9","f","onao_Canadian","official_lang","work.no.official_lang","no.married","other.attached","non.movers"
801431,933,"a75_79","m","ao_sao_ei","official_lang","work.no.official_lang","married","single.detached.house","non.movers"
308904,933,"a70_74","f","ao_sao_ei","official_lang","work.no.official_lang","married","single.detached.house","non.movers"
475357,933,"a20_24","f","ao_wcameo","official_lang","work.no.official_lang","no.married","other.attached","non.movers"
331637,933,"a10_14","f","ao_sao_ei","official_lang","work.no.official_lang","no.married","single.detached.house","non.movers"
782579,933,"a35_39","m","ao_sao_ei","official_lang","work.official_lang","married","other.attached","non.movers"
516261,933,"a5_9","m","ao_sao_ei","official_lang","work.no.official_lang","no.married","other.attached","non.movers"
529804,933,"a0_4","f","ao_sao_ei","no.official_lang","work.no.official_lang","no.married","other.attached","non.movers"
924030,933,"a60_64","f","eo_fo","official_lang","work.no.official_lang","married","other.attached","non.movers"
872109,933,"a30_34","m","eo_bio_Irish","official_lang","work.official_lang","no.married","other.attached","non.movers"
824074,933,"a55_59","m","eo_weo_German","official_lang","work.official_lang","married","single.detached.house","non.movers"
540071,933,"a45_49","f","ao_sao_ei","official_lang","work.official_lang","married","other.attached","non.movers"
311471,933,"a55_59","f","eo_bio_Irish","official_lang","work.no.official_lang","no.married","other.attached","non.movers"
500364,933,"a40_44","f","naao","official_lang","work.official_lang","no.married","other.attached","non.movers"
521461,933,"a25_29","f","ao_wcameo","official_lang","work.official_lang","no.married","other.attached","non.movers"
160618,933,"a65_69","m","eo_bio_English","official_lang","work.no.official_lang","married","other.attached","non.movers"
462738,933,"a0_4","m","eo_oeeo","official_lang","work.no.official_lang","no.married","other.attached","non.movers"
146171,933,"a15_19","f","ao_sao_ei","official_lang","work.official_lang","no.married","other.attached","non.movers"
338787,933,"a50_54","f","ao_wcameo","official_lang","work.no.official_lang","married","other.attached","non.movers"
913517,933,"a35_39","f","ao_sao_ei","official_lang","work.no.official_lang","no.married","other.attached","non.movers"
708921,933,"a30_34","m","eo_neo","official_lang","work.official_lang","married","other.attached","non.movers"
523972,933,"a40_44","f","eo_seo_Spanish","official_lang","work.official_lang","married","other.attached","non.movers"
646806,933,"a20_24","f","ao_oesao","official_lang","work.official_lang","no.married","single.detached.house","non.movers"
69867,933,"a15_19","f","ao_wcameo","official_lang","work.official_lang","no.married","other.attached","non.movers"
144266,933,"a85_","m","eo_bio_English","official_lang","work.no.official_lang","widowed","other.attached","non.movers"
488475,933,"a50_54","m","eo_eeo_Russian","official_lang","work.official_lang","married","other.attached","non.movers"
517281,933,"a75_79","m","eo_weo_German","official_lang","work.no.official_lang","married","single.detached.house","non.movers"
16975,933,"a65_69","m","ao_oesao","official_lang","work.official_lang","married","other.attached","non.movers"
355211,933,"a40_44","f","ao_sao_ei","official_lang","work.official_lang","no.married","single.detached.house","non.movers"
868003,933,"a20_24","f","ao_sao_ei","official_lang","work.official_lang","no.married","other.attached","non.movers"
622340,933,"a50_54","f","naao","official_lang","work.official_lang","divorced","other.attached","non.movers"
598508,933,"a55_59","f","onao_Canadian","official_lang","work.no.official_lang","divorced","other.attached","non.movers"
919481,933,"a40_44","f","ao_wcameo","official_lang","work.official_lang","married","other.attached","non.movers"
824020,933,"a35_39","m","ao_sao_ei","official_lang","work.official_lang","married","other.attached","non.movers"
351258,933,"a0_4","m","ao_sao_ei","official_lang","work.no.official_lang","no.married","other.attached","non.movers"
221169,933,"a25_29","m","ao_sao_ei","official_lang","work.official_lang","no.married","other.attached","nonmigrants.movers"
243837,933,"a30_34","m","ao_esao_Filipino","official_lang","work.official_lang","married","other.attached","non.movers"
170342,933,"a35_39","m","onao_Canadian","official_lang","work.official_lang","living.common.law","other.attached","non.movers"
312341,933,"a55_59","f","ao_sao_ei","official_lang","work.no.official_lang","married","other.attached","non.movers"
134440,933,"a25_29","m","onao_Canadian","official_lang","work.no.official_lang","no.married","single.detached.house","non.movers"
634530,933,"a25_29","f","ao_sao_ei","official_lang","work.official_lang","no.married","single.detached.house","non.movers"
190381,933,"a15_19","m","ao_wcameo","official_lang","work.official_lang","no.married","other.attached","non.movers"
841683,933,"a5_9","m","ao_oesao","official_lang","work.no.official_lang","no.married","other.attached","non.movers"
415343,933,"a15_19","f","eo_seo_Spanish","official_lang","work.no.official_lang","no.married","other.attached","non.movers"
3693,933,"a65_69","m","lcsao","official_lang","work.official_lang","married","other.attached","non.movers"
300761,933,"a20_24","f","lcsao","official_lang","work.official_lang","no.married","other.attached","non.movers"
460833,933,"a25_29","f","ao_esao_Chinese","official_lang","work.no.official_lang","married","other.attached","non.movers"
795994,933,"a15_19","f","onao_Canadian","official_lang","work.no.official_lang","no.married","other.attached","non.movers"
202093,933,"a45_49","m","eo_weo_German","official_lang","work.official_lang","married","single.detached.house","non.movers"
588147,933,"a30_34","m","eo_bio_Irish","official_lang","work.official_lang","living.common.law","other.attached","non.movers"
525576,933,"a15_19","m","eo_eeo_Russian","official_lang","work.no.official_lang","no.married","other.attached","non.movers"
900365,933,"a65_69","f","ao_sao_ei","official_lang","work.no.official_lang","widowed","other.attached","non.movers"
619975,933,"a5_9","m","eo_bio_English","official_lang","work.no.official_lang","no.married","other.attached","non.movers"
727326,933,"a55_59","f","ao_wcameo","no.official_lang","work.no.official_lang","married","other.attached","non.movers"
675299,933,"a60_64","m","eo_weo_German","official_lang","work.no.official_lang","married","single.detached.house","non.movers"
754193,933,"a40_44","m","ao_osao","official_lang","work.official_lang","married","single.detached.house","non.movers"
371588,933,"a45_49","m","eo_obio","official_lang","work.official_lang","no.married","other.attached","non.movers"
251326,933,"a70_74","f","eo_weo_German","no.official_lang","work.no.official_lang","widowed","other.attached","non.movers"
47211,933,"a75_79","f","eo_neo","official_lang","work.no.official_lang","married","other.attached","non.movers"
292789,933,"a50_54","f","eo_bio_Irish","official_lang","work.no.official_lang","living.common.law","other.attached","non.movers"
350723,933,"a60_64","f","eo_bio_English","official_lang","work.official_lang","divorced","other.attached","non.movers"
865536,933,"a40_44","m","ao_oesao","official_lang","work.no.official_lang","married","other.attached","non.movers"
375815,933,"a25_29","f","eo_bio_English","official_lang","work.official_lang","no.married","other.attached","non.movers"
122356,933,"a40_44","m","eo_oeeo","official_lang","work.official_lang","married","other.attached","non.movers"
493228,933,"a45_49","m","eo_bio_English","official_lang","work.official_lang","married","other.attached","non.movers"
676090,933,"a60_64","m","ao_wcameo","official_lang","work.official_lang","married","other.attached","non.movers"
377923,933,"a50_54","f","ao_esao_Chinese","official_lang","work.no.official_lang","separated","other.attached","non.movers"
245057,933,"a70_74","m","eo_weo_German","official_lang","work.no.official_lang","living.common.law","other.attached","non.movers"
87356,933,"a25_29","f","ao_sao_ei","official_lang","work.official_lang","no.married","single.detached.house","non.movers"
351182,933,"a50_54","f","ao_wcameo","official_lang","work.no.official_lang","separated","other.attached","non.movers"
844441,933,"a55_59","m","onao_Canadian","official_lang","work.official_lang","married","other.attached","non.movers"
263390,933,"a40_44","f","ao_sao_ei","official_lang","work.official_lang","married","other.attached","non.movers"
520661,933,"a25_29","f","eo_weo_German","official_lang","work.official_lang","no.married","single.detached.house","non.movers"
259608,933,"a60_64","f","ao_esao_Chinese","official_lang","work.no.official_lang","married","single.detached.house","non.movers"
300131,933,"a5_9","f","ao_sao_ei","official_lang","work.no.official_lang","no.married","other.attached","non.movers"
24708,933,"a0_4","f","ao_sao_ei","official_lang","work.no.official_lang","no.married","other.attached","non.movers"
64604,933,"a60_64","m","eo_oeeo","official_lang","work.official_lang","married","other.attached","non.movers"
706886,933,"a0_4","f","ao_sao_ei","official_lang","work.no.official_lang","no.married","other.attached","non.movers"
136617,933,"a65_69","m","eo_bio_English","official_lang","work.official_lang","married","other.attached","non.movers"
466743,933,"a35_39","f","ao_sao_ei","official_lang","work.official_lang","married","other.attached","non.movers"
297159,933,"a45_49","f","eo_bio_English","official_lang","work.official_lang","married","other.attached","non.movers"
262654,933,"a30_34","m","ao_wcameo","official_lang","work.official_lang","no.married","other.attached","non.movers"
19533,933,"a25_29","f","onao_Canadian","official_lang","work.official_lang","no.married","single.detached.house","non.movers"
807566,933,"a15_19","f","eo_oseo","official_lang","work.no.official_lang","no.married","other.attached","non.movers"
758965,933,"a35_39","f","ao_sao_ei","official_lang","work.official_lang","married","other.attached","non.movers"
430339,933,"a0_4","m","ao_sao_ei","official_lang","work.no.official_lang","no.married","other.attached","non.movers"
757690,933,"a75_79","f","eo_weo_German","official_lang","work.no.official_lang","widowed","other.attached","non.movers"
762954,933,"a30_34","f","eo_bio_English","official_lang","work.official_lang","married","other.attached","non.movers"
910041,933,"a60_64","f","eo_neo","official_lang","work.no.official_lang","married","single.detached.house","non.movers"
554198,933,"a45_49","f","eo_weo_German","official_lang","work.official_lang","divorced","other.attached","non.movers"
629935,933,"a65_69","m","eo_seo_Spanish","no.official_lang","work.no.official_lang","married","other.attached","non.movers"
247870,933,"a65_69","f","eo_bio_Irish","official_lang","work.no.official_lang","widowed","other.attached","non.movers"
356040,933,"a65_69","m","eo_bio_Scottish","official_lang","work.no.official_lang","married","single.detached.house","non.movers"
313555,933,"a10_14","f","ao_oesao","official_lang","work.no.official_lang","no.married","other.attached","non.movers"
767924,933,"a25_29","m","ao_wcameo","official_lang","work.official_lang","no.married","single.detached.house","non.movers"
862705,933,"a75_79","m","ao_sao_ei","official_lang","work.no.official_lang","married","other.attached","non.movers"
176906,933,"a35_39","f","eo_weo_Dutch","official_lang","work.official_lang","married","single.detached.house","non.movers"
91411,933,"a85_","m","eo_obio","official_lang","work.no.official_lang","married","other.attached","non.movers"
720932,933,"a60_64","f","ao_sao_ei","official_lang","work.official_lang","married","other.attached","non.movers"
282867,933,"a10_14","f","ao_esao_Chinese","official_lang","work.no.official_lang","no.married","other.attached","non.movers"
145265,933,"a35_39","m","ao_sao_ei","official_lang","work.no.official_lang","no.married","other.attached","non.movers"
372638,933,"a55_59","f","eo_weo_German","official_lang","work.official_lang","divorced","other.attached","non.movers"
308463,933,"a5_9","m","ao","official_lang","work.no.official_lang","no.married","other.attached","non.movers"
120574,933,"a75_79","m","ao_sao_ei","official_lang","work.no.official_lang","no.married","single.detached.house","non.movers"
889939,933,"a65_69","m","eo_weo_German","official_lang","work.no.official_lang","married","other.attached","non.movers"
638666,933,"a15_19","f","ao_wcameo","official_lang","work.official_lang","no.married","single.detached.house","non.movers"
822208,933,"a30_34","m","onao_Canadian","official_lang","work.official_lang","no.married","other.attached","non.movers"
603118,933,"a45_49","m","ao_oesao","official_lang","work.official_lang","married","single.detached.house","non.movers"
673980,933,"a60_64","m","ao_esao_Chinese","official_lang","work.official_lang","married","single.detached.house","non.movers"
882466,933,"a20_24","m","onao_Canadian","official_lang","work.official_lang","no.married","other.attached","non.movers"
631707,933,"a75_79","f","eo_bio_Scottish","official_lang","work.no.official_lang","married","other.attached","non.movers"
667286,933,"a0_4","m","onao_Canadian","official_lang","work.no.official_lang","no.married","other.attached","non.movers"
612723,933,"a5_9","f","eo_oeeo","official_lang","work.no.official_lang","no.married","other.attached","non.movers"
366035,933,"a65_69","f","eo_obio","official_lang","work.no.official_lang","married","other.attached","non.movers"
474726,933,"a50_54","m","eo_bio_Irish","official_lang","work.official_lang","married","other.attached","non.movers"
706702,933,"a60_64","m","eo_obio","official_lang","work.official_lang","married","other.attached","non.movers"
223106,933,"a75_79","m","eo_obio","official_lang","work.no.official_lang","married","other.attached","non.movers"
503780,933,"a30_34","m","eo_obio","official_lang","work.official_lang","no.married","other.attached","nonmigrants.movers"
69576,933,"a50_54","f","eo_bio_Scottish","official_lang","work.official_lang","divorced","other.attached","non.movers"
117062,933,"a10_14","m","ao","official_lang","work.no.official_lang","no.married","other.attached","non.movers"
678625,933,"a50_54","m","ao_sao_ei","official_lang","work.official_lang","married","other.attached","non.movers"
207504,933,"a55_59","f","ao_sao_ei","official_lang","work.official_lang","married","single.detached.house","non.movers"
595122,933,"a40_44","m","eo_weo_German","official_lang","work.official_lang","divorced","other.attached","non.movers"
748472,933,"a45_49","m","onao_Canadian","official_lang","work.official_lang","no.married","other.attached","nonmigrants.movers"
117705,933,"a60_64","f","ao_sao_ei","official_lang","work.official_lang","widowed","single.detached.house","non.movers"
20023,933,"a65_69","f","eo_bio_Irish","official_lang","work.no.official_lang","married","other.attached","non.movers"
381511,933,"a35_39","f","ao_sao_ei","official_lang","work.official_lang","no.married","other.attached","non.movers"
261642,933,"a10_14","m","ao_esao_Chinese","official_lang","work.no.official_lang","no.married","other.attached","non.movers"
699701,933,"a45_49","m","oo","official_lang","work.official_lang","living.common.law","other.attached","non.movers"
364528,933,"a30_34","f","eo_bio_Irish","official_lang","work.official_lang","no.married","single.detached.house","nonmigrants.movers"
509870,933,"a35_39","m","lcsao","official_lang","work.official_lang","living.common.law","other.attached","non.movers"
721323,933,"a0_4","m","ao_sao_ei","official_lang","work.no.official_lang","no.married","other.attached","non.movers"
533612,933,"a0_4","m","ao_esao_Filipino","official_lang","work.no.official_lang","no.married","other.attached","non.movers"
477000,933,"a35_39","m","eo_seo_Spanish","official_lang","work.official_lang","no.married","other.attached","non.movers"
220312,933,"a50_54","m","oo","official_lang","work.official_lang","married","other.attached","non.movers"
85635,933,"a15_19","m","ao_wcameo","official_lang","work.no.official_lang","no.married","other.attached","non.movers"
198036,933,"a5_9","f","ao_wcameo","official_lang","work.no.official_lang","no.married","other.attached","non.movers"
98078,933,"a30_34","f","naao","official_lang","work.official_lang","no.married","other.attached","non.movers"
481057,933,"a55_59","f","ao_sao_ei","official_lang","work.official_lang","divorced","other.attached","non.movers"
262142,933,"a30_34","f","ao_sao_ei","official_lang","work.official_lang","no.married","other.attached","non.movers"
700828,933,"a25_29","m","eo_bio_Irish","official_lang","work.no.official_lang","no.married","other.attached","non.movers"
142569,933,"a50_54","m","eo_bio_English","official_lang","work.official_lang","no.married","other.attached","non.movers"
833374,933,"a60_64","m","eo_bio_Irish","official_lang","work.official_lang","married","other.attached","nonmigrants.movers"
130306,933,"a30_34","f","eo_bio_English","official_lang","work.official_lang","married","other.attached","nonmigrants.movers"
347457,933,"a25_29","f","ao_sao_ei","official_lang","work.official_lang","no.married","other.attached","non.movers"
181680,933,"a60_64","f","onao_Canadian","official_lang","work.no.official_lang","married","other.attached","non.movers"
824015,933,"a30_34","f","ao_esao_Chinese","official_lang","work.official_lang","no.married","other.attached","non.movers"
685644,933,"a60_64","f","onao_Canadian","official_lang","work.no.official_lang","divorced","other.attached","non.movers"
386991,933,"a30_34","f","eo_weo_Dutch","official_lang","work.official_lang","no.married","other.attached","non.movers"
691920,933,"a5_9","f","eo_eeo_Russian","official_lang","work.no.official_lang","no.married","other.attached","non.movers"
212427,933,"a65_69","f","eo_neo","official_lang","work.official_lang","widowed","other.attached","non.movers"
919779,933,"a45_49","m","ao_sao_ei","official_lang","work.official_lang","married","single.detached.house","nonmigrants.movers"
613969,933,"a15_19","m","ao_esao_Chinese","official_lang","work.official_lang","no.married","other.attached","non.movers"
129442,933,"a45_49","f","ao_esao_Chinese","no.official_lang","work.no.official_lang","married","single.detached.house","non.movers"
121787,933,"a50_54","m","eo_bio_Scottish","official_lang","work.official_lang","no.married","other.attached","non.movers"
783910,933,"a60_64","f","onao_Canadian","official_lang","work.official_lang","married","other.attached","non.movers"
136842,933,"a45_49","f","eo_obio","official_lang","work.official_lang","married","other.attached","non.movers"
542190,933,"a60_64","m","ao_sao_ei","official_lang","work.official_lang","married","other.attached","non.movers"
731615,933,"a30_34","f","ao_osao","official_lang","work.no.official_lang","separated","other.attached","non.movers"
63768,933,"a5_9","f","ao_osao","official_lang","work.no.official_lang","no.married","other.attached","non.movers"
444878,933,"a10_14","m","eo_eeo_Ukrainian","official_lang","work.no.official_lang","no.married","other.attached","non.movers"
289559,933,"a55_59","f","ao_sao_ei","official_lang","work.official_lang","married","other.attached","non.movers"
916755,933,"a20_24","f","eo_oeeo","official_lang","work.official_lang","no.married","single.detached.house","non.movers"
467066,933,"a30_34","f","eo_bio_Scottish","official_lang","work.official_lang","no.married","other.attached","non.movers"
682592,933,"a55_59","m","eo_bio_Scottish","official_lang","work.official_lang","living.common.law","other.attached","non.movers"
403060,933,"a80_84","f","eo_eeo_Ukrainian","official_lang","work.no.official_lang","married","other.attached","non.movers"
928108,933,"a50_54","m","eo_fo","official_lang","work.official_lang","married","other.attached","non.movers"
416863,933,"a60_64","m","ao_sao_ei","official_lang","work.official_lang","married","single.detached.house","non.movers"
257893,933,"a10_14","f","eo_obio","official_lang","work.no.official_lang","no.married","other.attached","non.movers"
676319,933,"a40_44","m","ao_sao_ei","official_lang","work.official_lang","no.married","other.attached","non.movers"
419005,933,"a85_","m","eo_bio_Irish","official_lang","work.no.official_lang","married","other.attached","non.movers"
190161,933,"a70_74","f","eo_bio_English","official_lang","work.official_lang","married","other.attached","non.movers"
450952,933,"a55_59","f","ao_wcameo","official_lang","work.official_lang","married","single.detached.house","non.movers"
711363,933,"a35_39","f","ao_sao_ei","official_lang","work.official_lang","no.married","other.attached","non.movers"
573481,933,"a60_64","f","eo_weo_German","official_lang","work.official_lang","no.married","other.attached","non.movers"
54440,933,"a25_29","f","ao_oesao","official_lang","work.official_lang","no.married","other.attached","non.movers"
200052,933,"a15_19","m","ao","official_lang","work.no.official_lang","no.married","other.attached","non.movers"
910491,933,"a0_4","m","ao_osao","official_lang","work.no.official_lang","no.married","other.attached","non.movers"
348809,933,"a5_9","m","ao_sao_ei","official_lang","work.no.official_lang","no.married","single.detached.house","non.movers"
16808,933,"a15_19","f","ao_oesao","official_lang","work.no.official_lang","no.married","other.attached","non.movers"
605303,933,"a25_29","m","eo_fo","official_lang","work.official_lang","living.common.law","other.attached","non.movers"
309136,933,"a70_74","f","eo_oweo","official_lang","work.no.official_lang","married","other.attached","non.movers"
309136,933,"a70_74","f","eo_oweo","official_lang","work.no.official_lang","married","other.attached","non.movers"
296377,933,"a85_","m","eo_oseo","official_lang","work.no.official_lang","no.married","other.attached","non.movers"
533140,933,"a70_74","f","eo_bio_English","official_lang","work.no.official_lang","divorced","other.attached","non.movers"
17457,933,"a35_39","f","ao_esao_Chinese","official_lang","work.no.official_lang","married","other.attached","non.movers"
114877,933,"a60_64","m","onao_Canadian","official_lang","work.no.official_lang","no.married","single.detached.house","non.movers"
453813,933,"a50_54","m","eo_obio","official_lang","work.official_lang","divorced","other.attached","non.movers"
484030,933,"a15_19","m","ao_sao_ei","official_lang","work.no.official_lang","no.married","single.detached.house","non.movers"
271371,933,"a30_34","m","ao_oesao","official_lang","work.no.official_lang","no.married","other.attached","non.movers"
276236,933,"a10_14","f","ao_sao_ei","official_lang","work.no.official_lang","no.married","other.attached","non.movers"
126999,933,"a40_44","m","ao_sao_ei","official_lang","work.official_lang","married","single.detached.house","non.movers"
900210,933,"a20_24","m","ao_sao_ei","official_lang","work.no.official_lang","no.married","other.attached","non.movers"
851019,933,"a75_79","f","eo_bio_English","official_lang","work.no.official_lang","married","single.detached.house","non.movers"
360866,933,"a30_34","f","ao_sao_ei","official_lang","work.official_lang","separated","single.detached.house","non.movers"
682665,933,"a35_39","m","ao_sao_ei","official_lang","work.official_lang","married","other.attached","non.movers"
446246,933,"a40_44","m","eo_bio_English","official_lang","work.official_lang","married","other.attached","non.movers"
89460,933,"a25_29","m","eo_weo_German","official_lang","work.official_lang","no.married","other.attached","non.movers"
29969,933,"a45_49","m","ao_sao_ei","official_lang","work.official_lang","married","single.detached.house","non.movers"
837181,933,"a35_39","f","ao","no.official_lang","work.no.official_lang","married","other.attached","non.movers"
497409,933,"a70_74","f","ao_sao_ei","official_lang","work.no.official_lang","widowed","other.attached","non.movers"
611084,933,"a75_79","f","ao_sao_ei","official_lang","work.no.official_lang","married","other.attached","non.movers"
76274,933,"a5_9","m","naao","official_lang","work.no.official_lang","no.married","other.attached","non.movers"
532393,933,"a10_14","f","ao_oesao","official_lang","work.no.official_lang","no.married","other.attached","non.movers"
919625,933,"a55_59","m","ao_esao_Chinese","no.official_lang","work.no.official_lang","married","other.attached","non.movers"
411630,933,"a20_24","m","ao_wcameo","official_lang","work.no.official_lang","no.married","other.attached","non.movers"
2453,933,"a55_59","f","eo_oweo","official_lang","work.official_lang","married","other.attached","nonmigrants.movers"
742173,933,"a50_54","m","eo_weo_German","official_lang","work.official_lang","married","other.attached","non.movers"
481015,933,"a60_64","f","onao_Canadian","official_lang","work.no.official_lang","living.common.law","other.attached","non.movers"
567859,933,"a30_34","m","ao_wcameo","official_lang","work.official_lang","no.married","single.detached.house","non.movers"
555149,933,"a5_9","f","ao_esao_Chinese","official_lang","work.no.official_lang","no.married","other.attached","non.movers"
807689,933,"a25_29","f","ao_esao_Chinese","official_lang","work.no.official_lang","no.married","single.detached.house","non.movers"
260149,933,"a45_49","f","onao_Canadian","official_lang","work.no.official_lang","no.married","other.attached","non.movers"
491740,933,"a55_59","f","eo_fo","official_lang","work.official_lang","living.common.law","single.detached.house","non.movers"
378601,933,"a5_9","f","onao_Canadian","official_lang","work.no.official_lang","no.married","single.detached.house","non.movers"
504466,933,"a55_59","f","ao_wcameo","official_lang","work.no.official_lang","married","other.attached","non.movers"
459445,933,"a20_24","f","ao_wcameo","official_lang","work.official_lang","no.married","other.attached","non.movers"
417561,933,"a35_39","f","oo","official_lang","work.no.official_lang","married","other.attached","non.movers"
414911,933,"a55_59","f","ao_wcameo","official_lang","work.no.official_lang","married","other.attached","non.movers"
53860,933,"a20_24","f","ao_sao_ei","official_lang","work.official_lang","no.married","other.attached","non.movers"
441507,933,"a15_19","m","ao_sao_ei","official_lang","work.official_lang","no.married","single.detached.house","non.movers"
930365,933,"a5_9","f","ao_sao_ei","official_lang","work.no.official_lang","no.married","single.detached.house","nonmigrants.movers"
203949,933,"a10_14","m","onao","official_lang","work.no.official_lang","no.married","single.detached.house","non.movers"
596538,933,"a15_19","f","eo_bio_Irish","official_lang","work.official_lang","no.married","other.attached","non.movers"
910335,933,"a40_44","m","ao_oesao","official_lang","work.no.official_lang","married","other.attached","non.movers"
209312,933,"a10_14","f","ao_oesao","official_lang","work.no.official_lang","no.married","other.attached","non.movers"
64965,933,"a5_9","f","eo_bio_English","official_lang","work.no.official_lang","no.married","other.attached","non.movers"
923585,933,"a15_19","f","ao_oesao","official_lang","work.no.official_lang","no.married","other.attached","non.movers"
758539,933,"a40_44","f","ao_sao_ei","official_lang","work.official_lang","divorced","other.attached","non.movers"
499795,933,"a55_59","f","oco","official_lang","work.official_lang","married","single.detached.house","non.movers"
173191,933,"a15_19","m","eo_bio_English","official_lang","work.no.official_lang","no.married","single.detached.house","non.movers"
566574,933,"a30_34","f","onao_Canadian","official_lang","work.official_lang","married","other.attached","non.movers"
597218,933,"a50_54","m","ao_wcameo","official_lang","work.no.official_lang","married","other.attached","non.movers"
129237,933,"a5_9","m","ao_sao_ei","official_lang","work.no.official_lang","no.married","single.detached.house","non.movers"
315216,933,"a50_54","f","ao_osao","official_lang","work.official_lang","married","other.attached","non.movers"
296763,933,"a55_59","m","eo_eeo_Russian","official_lang","work.official_lang","married","single.detached.house","non.movers"
778930,933,"a15_19","m","ao_sao_ei","official_lang","work.no.official_lang","no.married","single.detached.house","non.movers"
633415,933,"a45_49","f","ao_oesao","no.official_lang","work.no.official_lang","married","other.attached","non.movers"
39276,933,"a35_39","f","ao_sao_ei","official_lang","work.no.official_lang","married","single.detached.house","nonmigrants.movers"
80661,933,"a20_24","m","eo_seo_Portuguese","official_lang","work.official_lang","no.married","other.attached","non.movers"
423013,933,"a35_39","m","eo_bio_English","official_lang","work.official_lang","no.married","single.detached.house","non.movers"
618908,933,"a5_9","m","eo_neo","official_lang","work.no.official_lang","no.married","other.attached","non.movers"
234969,933,"a55_59","f","eo_weo_German","official_lang","work.official_lang","married","single.detached.house","non.movers"
824619,933,"a70_74","m","eo_neo","official_lang","work.no.official_lang","married","single.detached.house","non.movers"
203538,933,"a50_54","m","eo_bio_Scottish","official_lang","work.official_lang","married","other.attached","non.movers"
879247,933,"a60_64","f","ao_sao_ei","official_lang","work.official_lang","married","other.attached","non.movers"
365955,933,"a65_69","m","eo_bio_English","official_lang","work.official_lang","divorced","other.attached","non.movers"
530798,933,"a50_54","m","ao_oesao","official_lang","work.official_lang","married","other.attached","non.movers"
149611,933,"a45_49","f","ao","official_lang","work.no.official_lang","divorced","other.attached","non.movers"
850484,933,"a30_34","f","eo_bio_Scottish","official_lang","work.official_lang","married","other.attached","non.movers"
266408,933,"a35_39","f","ao_sao_ei","official_lang","work.official_lang","married","other.attached","non.movers"
830258,933,"a40_44","f","oco","official_lang","work.official_lang","married","other.attached","non.movers"
830258,933,"a40_44","f","oco","official_lang","work.official_lang","married","other.attached","non.movers"
830258,933,"a40_44","f","oco","official_lang","work.official_lang","married","other.attached","non.movers"
830258,933,"a40_44","f","oco","official_lang","work.official_lang","married","other.attached","non.movers"
335011,933,"a25_29","f","ao","official_lang","work.official_lang","no.married","other.attached","non.movers"
209514,933,"a25_29","f","eo_fo","official_lang","work.official_lang","married","other.attached","non.movers"
816736,933,"a65_69","f","ao_sao_ei","official_lang","work.official_lang","married","other.attached","non.movers"
163035,933,"a15_19","m","ao","official_lang","work.no.official_lang","no.married","other.attached","non.movers"
341203,933,"a60_64","m","ao_oesao","official_lang","work.no.official_lang","married","other.attached","non.movers"
831590,933,"a55_59","m","eo_bio_English","official_lang","work.official_lang","divorced","other.attached","non.movers"
492644,933,"a55_59","f","eo_weo_Dutch","official_lang","work.official_lang","separated","other.attached","non.movers"
218969,933,"a30_34","m","lcsao","official_lang","work.official_lang","no.married","single.detached.house","non.movers"
735170,933,"a0_4","m","ao_esao_Chinese","official_lang","work.no.official_lang","no.married","other.attached","non.movers"
781609,933,"a30_34","m","eo_bio_Scottish","official_lang","work.official_lang","married","other.attached","non.movers"
155856,933,"a35_39","m","ao_sao_ei","no.official_lang","work.official_lang","married","single.detached.house","non.movers"
485701,933,"a45_49","m","ao_oesao","no.official_lang","work.no.official_lang","married","other.attached","non.movers"
914114,933,"a25_29","f","ao","official_lang","work.official_lang","married","other.attached","non.movers"
2538,933,"a0_4","f","ao","official_lang","work.no.official_lang","no.married","other.attached","non.movers"
706989,933,"a30_34","m","ao_sao_ei","official_lang","work.official_lang","married","other.attached","non.movers"
308468,933,"a65_69","m","eo_bio_Scottish","official_lang","work.no.official_lang","no.married","other.attached","non.movers"
895136,933,"a25_29","m","ao_sao_ei","no.official_lang","work.official_lang","married","other.attached","non.movers"
87268,933,"a10_14","m","ao","official_lang","work.no.official_lang","no.married","single.detached.house","non.movers"
148899,933,"a50_54","f","eo_oseo","official_lang","work.official_lang","married","other.attached","non.movers"
433374,933,"a30_34","f","eo_weo_German","official_lang","work.official_lang","married","single.detached.house","non.movers"
854133,933,"a20_24","f","naao","official_lang","work.official_lang","no.married","other.attached","non.movers"
614565,933,"a10_14","f","naao","official_lang","work.no.official_lang","no.married","other.attached","non.movers"
165938,933,"a65_69","f","eo_bio_Irish","official_lang","work.no.official_lang","widowed","other.attached","non.movers"
468115,933,"a55_59","f","eo_oweo","official_lang","work.no.official_lang","married","other.attached","nonmigrants.movers"
468115,933,"a55_59","f","eo_oweo","official_lang","work.no.official_lang","married","other.attached","nonmigrants.movers"
206738,933,"a15_19","m","ao_oesao","official_lang","work.no.official_lang","no.married","other.attached","non.movers"
555381,933,"a20_24","m","ao_wcameo","official_lang","work.no.official_lang","no.married","other.attached","non.movers"
49284,933,"a35_39","m","ao_sao_ei","official_lang","work.official_lang","no.married","single.detached.house","non.movers"
408662,933,"a65_69","m","ao_sao_ei","official_lang","work.official_lang","married","other.attached","non.movers"
202539,933,"a40_44","m","onao","official_lang","work.official_lang","married","other.attached","non.movers"
202539,933,"a40_44","m","onao","official_lang","work.official_lang","married","other.attached","non.movers"
732459,933,"a85_","f","eo_bio_English","official_lang","work.no.official_lang","widowed","other.attached","non.movers"
729625,933,"a25_29","f","ao_oesao","official_lang","work.official_lang","no.married","other.attached","non.movers"
471956,933,"a30_34","m","ao_esao_Chinese","official_lang","work.official_lang","no.married","other.attached","non.movers"
209742,933,"a20_24","m","eo_bio_Scottish","official_lang","work.official_lang","no.married","other.attached","non.movers"
820371,933,"a35_39","f","ao_esao_Chinese","official_lang","work.no.official_lang","married","other.attached","non.movers"
127318,933,"a35_39","m","eo_fo","official_lang","work.official_lang","living.common.law","other.attached","non.movers"
459122,933,"a50_54","m","eo_weo_German","official_lang","work.official_lang","married","other.attached","non.movers"
705735,933,"a25_29","m","ao_sao_ei","official_lang","work.official_lang","married","other.attached","non.movers"
202934,933,"a45_49","f","ao_sao_ei","official_lang","work.official_lang","married","other.attached","non.movers"
858675,933,"a35_39","m","ao_oesao","official_lang","work.official_lang","married","other.attached","non.movers"
890346,933,"a40_44","m","ao_sao_ei","official_lang","work.official_lang","married","single.detached.house","non.movers"
530947,933,"a35_39","f","ao_sao_ei","official_lang","work.official_lang","no.married","other.attached","non.movers"
510568,933,"a55_59","f","eo_weo_German","official_lang","work.no.official_lang","separated","single.detached.house","non.movers"
869977,933,"a20_24","m","ao","official_lang","work.no.official_lang","no.married","other.attached","non.movers"
897124,933,"a30_34","m","ao_sao_ei","official_lang","work.official_lang","no.married","single.detached.house","non.movers"
790631,933,"a15_19","f","ao_wcameo","official_lang","work.no.official_lang","no.married","other.attached","non.movers"
313428,933,"a50_54","m","onao_Canadian","official_lang","work.official_lang","married","other.attached","non.movers"
667405,933,"a5_9","m","lcsao","official_lang","work.no.official_lang","no.married","other.attached","non.movers"
295388,933,"a45_49","f","ao_oesao","official_lang","work.official_lang","widowed","other.attached","non.movers"
221073,933,"a35_39","m","naao","official_lang","work.official_lang","married","other.attached","non.movers"
358954,933,"a5_9","m","eo_oseo","official_lang","work.no.official_lang","no.married","single.detached.house","non.movers"
265448,933,"a80_84","m","eo_bio_Scottish","official_lang","work.no.official_lang","widowed","other.attached","non.movers"
182878,933,"a0_4","m","ao","official_lang","work.no.official_lang","no.married","other.attached","nonmigrants.movers"
31015,933,"a35_39","m","ao_esao_Filipino","official_lang","work.official_lang","no.married","other.attached","non.movers"
574738,933,"a25_29","f","ao_oesao","official_lang","work.official_lang","no.married","other.attached","non.movers"
813838,933,"a45_49","m","eo_obio","official_lang","work.official_lang","married","other.attached","non.movers"
65649,933,"a5_9","m","ao_wcameo","official_lang","work.no.official_lang","no.married","other.attached","non.movers"
585110,933,"a65_69","m","ao_sao_ei","official_lang","work.no.official_lang","married","other.attached","non.movers"
865512,933,"a5_9","m","eo_eeo_Ukrainian","official_lang","work.no.official_lang","no.married","other.attached","non.movers"
136827,933,"a60_64","m","onao","official_lang","work.official_lang","married","single.detached.house","non.movers"
670767,933,"a30_34","m","ao_esao_Chinese","official_lang","work.no.official_lang","no.married","single.detached.house","non.movers"
620785,933,"a5_9","m","eo_bio_Scottish","official_lang","work.no.official_lang","no.married","single.detached.house","non.movers"
701572,933,"a35_39","f","ao_sao_ei","official_lang","work.official_lang","separated","other.attached","non.movers"
432205,933,"a65_69","m","eo_oeeo","official_lang","work.official_lang","married","other.attached","non.movers"
347176,933,"a0_4","f","ao_esao_Chinese","official_lang","work.no.official_lang","no.married","other.attached","non.movers"
790536,933,"a10_14","f","eo_oeeo","official_lang","work.no.official_lang","no.married","other.attached","non.movers"
296642,933,"a60_64","m","eo_bio_Scottish","official_lang","work.official_lang","no.married","single.detached.house","non.movers"
783715,933,"a65_69","f","eo_eeo_Russian","official_lang","work.no.official_lang","widowed","other.attached","non.movers"
876801,933,"a35_39","m","ao_sao_ei","official_lang","work.official_lang","married","other.attached","non.movers"
523122,933,"a60_64","f","eo_eeo_Russian","official_lang","work.no.official_lang","no.married","other.attached","non.movers"
98341,933,"a25_29","f","eo_fo","official_lang","work.official_lang","living.common.law","single.detached.house","non.movers"
466405,933,"a20_24","f","ao_oesao","official_lang","work.official_lang","no.married","other.attached","non.movers"
871593,933,"a10_14","m","ao_sao_ei","official_lang","work.no.official_lang","no.married","other.attached","non.movers"
620843,933,"a45_49","f","eo_seo_Portuguese","official_lang","work.official_lang","married","other.attached","non.movers"
460763,933,"a60_64","f","ao_osao","no.official_lang","work.no.official_lang","widowed","other.attached","nonmigrants.movers"
694975,933,"a20_24","f","eo_oeeo","official_lang","work.official_lang","no.married","single.detached.house","non.movers"
182061,933,"a30_34","f","onao_Canadian","official_lang","work.official_lang","living.common.law","other.attached","non.movers"
743448,933,"a65_69","f","eo_obio","official_lang","work.no.official_lang","married","other.attached","non.movers"
586551,933,"a30_34","m","eo_eeo_Russian","official_lang","work.official_lang","married","other.attached","non.movers"
797480,933,"a60_64","f","eo_eeo_Russian","official_lang","work.official_lang","married","other.attached","non.movers"
903061,933,"a30_34","m","ao_sao_ei","official_lang","work.official_lang","married","other.attached","interprovincial.movers"
93622,933,"a65_69","m","eo_eeo_Russian","official_lang","work.no.official_lang","married","single.detached.house","non.movers"
609486,933,"a75_79","m","eo_bio_English","official_lang","work.no.official_lang","widowed","other.attached","non.movers"
651674,933,"a65_69","m","eo_fo","official_lang","work.official_lang","married","other.attached","non.movers"
913248,933,"a30_34","m","eo_seo_Portuguese","official_lang","work.official_lang","married","other.attached","non.movers"
74146,933,"a60_64","m","ao_sao_ei","official_lang","work.official_lang","married","other.attached","non.movers"
430407,933,"a35_39","m","eo_bio_English","official_lang","work.no.official_lang","divorced","other.attached","non.movers"
546949,933,"a40_44","f","eo_eeo_Russian","official_lang","work.official_lang","married","other.attached","non.movers"
692509,933,"a5_9","f","eo_seo_Spanish","official_lang","work.no.official_lang","no.married","other.attached","non.movers"
206933,933,"a5_9","f","eo_seo_Spanish","official_lang","work.no.official_lang","no.married","other.attached","non.movers"
846150,933,"a10_14","m","ao_osao","official_lang","work.no.official_lang","no.married","single.detached.house","non.movers"
928397,933,"a25_29","f","ao_oesao","official_lang","work.official_lang","no.married","other.attached","non.movers"
85587,933,"a60_64","f","eo_eeo_Ukrainian","official_lang","work.no.official_lang","no.married","other.attached","non.movers"
690598,933,"a65_69","f","eo_obio","official_lang","work.official_lang","married","other.attached","non.movers"
689472,933,"a45_49","f","ao_osao","official_lang","work.official_lang","married","other.attached","non.movers"
740859,933,"a30_34","m","onao_Canadian","official_lang","work.official_lang","living.common.law","other.attached","non.movers"
296053,933,"a35_39","f","ao_sao_ei","official_lang","work.official_lang","married","other.attached","non.movers"
383612,933,"a5_9","f","ao_sao_ei","official_lang","work.no.official_lang","no.married","other.attached","non.movers"
694284,933,"a25_29","f","eo_bio_Irish","official_lang","work.official_lang","no.married","other.attached","non.movers"
495309,933,"a15_19","f","ao_esao_Filipino","official_lang","work.no.official_lang","no.married","other.attached","non.movers"
259478,933,"a50_54","f","ao_sao_ei","official_lang","work.official_lang","divorced","other.attached","non.movers"
306085,933,"a50_54","f","onao_Canadian","official_lang","work.official_lang","divorced","other.attached","nonmigrants.movers"
846012,933,"a50_54","f","eo_eeo_Russian","official_lang","work.official_lang","married","other.attached","non.movers"
711053,933,"a5_9","f","eo_eeo_Russian","official_lang","work.no.official_lang","no.married","other.attached","non.movers"
204075,933,"a40_44","f","ao_sao_ei","official_lang","work.official_lang","married","other.attached","non.movers"
452296,933,"a20_24","f","ao_sao_ei","official_lang","work.no.official_lang","no.married","single.detached.house","non.movers"
823518,933,"a35_39","m","ao_sao_ei","official_lang","work.official_lang","married","other.attached","non.movers"
854619,933,"a55_59","m","eo_weo_German","official_lang","work.official_lang","married","other.attached","non.movers"
787517,933,"a15_19","m","ao","official_lang","work.no.official_lang","no.married","other.attached","non.movers"
755089,933,"a65_69","m","ao_oesao","official_lang","work.no.official_lang","married","single.detached.house","non.movers"
389212,933,"a65_69","m","eo_obio","official_lang","work.official_lang","married","single.detached.house","non.movers"
448018,933,"a25_29","m","ao_osao","official_lang","work.no.official_lang","married","other.attached","nonmigrants.movers"
123207,933,"a50_54","m","ao_sao_ei","official_lang","work.official_lang","married","other.attached","non.movers"
467934,933,"a20_24","m","ao_sao_ei","official_lang","work.official_lang","no.married","other.attached","non.movers"
271794,933,"a55_59","f","ao_esao_Chinese","official_lang","work.no.official_lang","married","other.attached","non.movers"
108945,933,"a10_14","m","ao_sao_ei","official_lang","work.no.official_lang","no.married","other.attached","non.movers"
282526,933,"a15_19","f","eo_bio_Scottish","official_lang","work.official_lang","no.married","other.attached","non.movers"
56834,933,"a40_44","f","ao","official_lang","work.official_lang","no.married","other.attached","non.movers"
323329,933,"a40_44","f","ao_wcameo","official_lang","work.no.official_lang","married","other.attached","non.movers"
315515,933,"a20_24","f","ao_wcameo","official_lang","work.official_lang","no.married","other.attached","non.movers"
846097,933,"a10_14","f","ao_sao_ei","official_lang","work.no.official_lang","no.married","other.attached","non.movers"
445086,933,"a50_54","m","eo_bio_Scottish","official_lang","work.official_lang","no.married","other.attached","non.movers"
121313,933,"a65_69","m","ao_esao_Chinese","official_lang","work.no.official_lang","married","other.attached","non.movers"
120940,933,"a55_59","m","eo_seo_Spanish","official_lang","work.official_lang","married","other.attached","non.movers"
494767,933,"a25_29","m","eo_fo","official_lang","work.official_lang","living.common.law","other.attached","non.movers"
457403,933,"a55_59","f","ao_sao_ei","official_lang","work.official_lang","married","other.attached","non.movers"
579198,933,"a60_64","m","eo_obio","official_lang","work.no.official_lang","married","other.attached","non.movers"
899510,933,"a10_14","m","ao_sao_ei","official_lang","work.no.official_lang","no.married","other.attached","non.movers"
887854,933,"a5_9","f","ao_sao_ei","official_lang","work.no.official_lang","no.married","other.attached","non.movers"
902224,933,"a35_39","m","eo_neo","official_lang","work.official_lang","married","other.attached","non.movers"
877043,933,"a35_39","f","eo_bio_Scottish","official_lang","work.official_lang","married","single.detached.house","non.movers"
11850,933,"a0_4","f","ao","official_lang","work.no.official_lang","no.married","other.attached","non.movers"
566694,933,"a5_9","m","ao_wcameo","official_lang","work.no.official_lang","no.married","other.attached","non.movers"
437399,933,"a85_","f","eo_bio_Scottish","official_lang","work.official_lang","widowed","single.detached.house","non.movers"
849684,933,"a50_54","f","lcsao","official_lang","work.official_lang","divorced","other.attached","non.movers"
506541,933,"a55_59","f","ao_oesao","official_lang","work.no.official_lang","married","single.detached.house","non.movers"
370064,933,"a30_34","m","ao_wcameo","official_lang","work.official_lang","married","other.attached","interprovincial.movers"
810944,933,"a60_64","m","eo_bio_English","official_lang","work.no.official_lang","married","other.attached","non.movers"
172531,933,"a80_84","m","oco","official_lang","work.no.official_lang","married","single.detached.house","non.movers"
152896,933,"a60_64","m","eo_eeo_Russian","official_lang","work.official_lang","married","other.attached","non.movers"
466609,933,"a30_34","f","eo_bio_Irish","official_lang","work.official_lang","married","single.detached.house","non.movers"
316500,933,"a55_59","m","eo_eeo_Russian","official_lang","work.official_lang","married","other.attached","non.movers"
642572,933,"a65_69","f","ao_sao_ei","official_lang","work.no.official_lang","widowed","other.attached","non.movers"
703531,933,"a45_49","m","oco","official_lang","work.official_lang","living.common.law","other.attached","non.movers"
703531,933,"a45_49","m","oco","official_lang","work.official_lang","living.common.law","other.attached","non.movers"
703531,933,"a45_49","m","oco","official_lang","work.official_lang","living.common.law","other.attached","non.movers"
911926,933,"a0_4","f","oco","no.official_lang","work.no.official_lang","no.married","other.attached","non.movers"
911926,933,"a0_4","f","oco","no.official_lang","work.no.official_lang","no.married","other.attached","non.movers"
911926,933,"a0_4","f","oco","no.official_lang","work.no.official_lang","no.married","other.attached","non.movers"
911926,933,"a0_4","f","oco","no.official_lang","work.no.official_lang","no.married","other.attached","non.movers"
911926,933,"a0_4","f","oco","no.official_lang","work.no.official_lang","no.married","other.attached","non.movers"
911926,933,"a0_4","f","oco","no.official_lang","work.no.official_lang","no.married","other.attached","non.movers"
911926,933,"a0_4","f","oco","no.official_lang","work.no.official_lang","no.married","other.attached","non.movers"
911926,933,"a0_4","f","oco","no.official_lang","work.no.official_lang","no.married","other.attached","non.movers"
911926,933,"a0_4","f","oco","no.official_lang","work.no.official_lang","no.married","other.attached","non.movers"
911926,933,"a0_4","f","oco","no.official_lang","work.no.official_lang","no.married","other.attached","non.movers"
157225,933,"a45_49","m","ao_sao_ei","official_lang","work.official_lang","married","other.attached","non.movers"
328153,933,"a5_9","f","ao_oesao","official_lang","work.no.official_lang","no.married","other.attached","non.movers"
476508,933,"a55_59","f","ao_sao_ei","no.official_lang","work.no.official_lang","widowed","other.attached","non.movers"
902960,933,"a40_44","m","eo_bio_English","official_lang","work.official_lang","married","other.attached","non.movers"
248568,933,"a30_34","m","eo_bio_Scottish","official_lang","work.official_lang","married","other.attached","interprovincial.movers"
200003,933,"a0_4","f","onao_Canadian","official_lang","work.no.official_lang","no.married","other.attached","non.movers"
452753,933,"a30_34","m","ao_sao_ei","official_lang","work.official_lang","no.married","other.attached","non.movers"
758094,933,"a60_64","f","ao_oesao","no.official_lang","work.no.official_lang","married","other.attached","non.movers"
315187,933,"a15_19","f","eo_bio_Irish","official_lang","work.no.official_lang","no.married","other.attached","non.movers"
278721,933,"a75_79","f","ao_oesao","no.official_lang","work.no.official_lang","married","single.detached.house","non.movers"
264270,933,"a25_29","m","eo_bio_English","official_lang","work.official_lang","no.married","other.attached","non.movers"
397077,933,"a75_79","f","eo_bio_Scottish","official_lang","work.official_lang","divorced","other.attached","non.movers"
137398,933,"a50_54","f","eo_neo","official_lang","work.official_lang","married","other.attached","non.movers"
138677,933,"a65_69","m","eo_eeo_Ukrainian","official_lang","work.official_lang","widowed","other.attached","non.movers"
352009,933,"a30_34","m","ao","official_lang","work.official_lang","no.married","other.attached","non.movers"
373824,933,"a30_34","f","lcsao","official_lang","work.official_lang","living.common.law","other.attached","non.movers"
25138,933,"a70_74","f","eo_bio_Irish","official_lang","work.no.official_lang","married","other.attached","non.movers"
432768,933,"a30_34","m","ao_sao_ei","official_lang","work.official_lang","married","other.attached","non.movers"
18262,933,"a25_29","m","eo_bio_Scottish","official_lang","work.official_lang","no.married","other.attached","non.movers"
407024,933,"a35_39","m","ao_sao_ei","official_lang","work.official_lang","married","other.attached","non.movers"
898976,933,"a55_59","f","onao_Canadian","official_lang","work.no.official_lang","married","other.attached","non.movers"
520125,933,"a35_39","m","onao_Canadian","official_lang","work.official_lang","no.married","other.attached","non.movers"
501968,933,"a55_59","f","ao_esao_Chinese","official_lang","work.official_lang","divorced","other.attached","non.movers"
4942,933,"a35_39","f","ao_sao_ei","official_lang","work.official_lang","married","single.detached.house","non.movers"
701143,933,"a65_69","f","eo_bio_Scottish","official_lang","work.official_lang","married","other.attached","non.movers"
371865,933,"a55_59","f","ao_oesao","official_lang","work.no.official_lang","divorced","other.attached","non.movers"
263324,933,"a60_64","f","ao_sao_ei","no.official_lang","work.no.official_lang","married","single.detached.house","non.movers"
278586,933,"a55_59","m","eo_weo_German","official_lang","work.official_lang","married","other.attached","non.movers"
19278,933,"a45_49","f","eo_neo","official_lang","work.official_lang","married","other.attached","non.movers"
435845,933,"a10_14","m","ao_sao_ei","official_lang","work.no.official_lang","no.married","other.attached","non.movers"
391438,933,"a50_54","f","ao_oesao","official_lang","work.no.official_lang","married","other.attached","non.movers"
219764,933,"a5_9","m","ao_sao_ei","official_lang","work.no.official_lang","no.married","single.detached.house","non.movers"
866029,933,"a55_59","m","onao","official_lang","work.official_lang","married","other.attached","non.movers"
866029,933,"a55_59","m","onao","official_lang","work.official_lang","married","other.attached","non.movers"
242604,933,"a65_69","f","eo_weo_German","official_lang","work.official_lang","married","other.attached","non.movers"
233952,933,"a20_24","f","ao_oesao","official_lang","work.official_lang","no.married","other.attached","non.movers"
104237,933,"a5_9","f","ao_sao_ei","official_lang","work.no.official_lang","no.married","single.detached.house","non.movers"
848826,933,"a55_59","m","ao_oesao","official_lang","work.no.official_lang","married","single.detached.house","non.movers"
252201,933,"a40_44","f","eo_bio_English","official_lang","work.official_lang","married","other.attached","non.movers"
803873,933,"a65_69","f","eo_eeo_Ukrainian","official_lang","work.no.official_lang","living.common.law","other.attached","non.movers"
316347,933,"a35_39","f","ao_esao_Chinese","official_lang","work.no.official_lang","married","other.attached","non.movers"
802209,933,"a65_69","f","eo_weo_German","official_lang","work.official_lang","married","single.detached.house","non.movers"
233796,933,"a20_24","f","ao_sao_ei","official_lang","work.official_lang","no.married","single.detached.house","non.movers"
728114,933,"a85_","m","eo_neo","official_lang","work.no.official_lang","widowed","other.attached","non.movers"
742265,933,"a35_39","m","eo_bio_Irish","official_lang","work.official_lang","married","other.attached","non.movers"
462402,933,"a15_19","f","ao_wcameo","official_lang","work.official_lang","no.married","other.attached","non.movers"
197193,933,"a15_19","m","naao","official_lang","work.no.official_lang","no.married","other.attached","non.movers"
421702,933,"a80_84","m","eo_bio_English","official_lang","work.no.official_lang","married","single.detached.house","non.movers"
407116,933,"a25_29","m","naao","official_lang","work.official_lang","no.married","other.attached","non.movers"
918604,933,"a65_69","f","eo_bio_Scottish","official_lang","work.no.official_lang","married","single.detached.house","non.movers"
920837,933,"a60_64","f","eo_bio_English","official_lang","work.official_lang","living.common.law","other.attached","non.movers"
350236,933,"a15_19","f","ao_sao_ei","official_lang","work.official_lang","no.married","other.attached","non.movers"
773580,933,"a60_64","m","ao_oesao","official_lang","work.official_lang","married","other.attached","non.movers"
160505,933,"a35_39","f","ao_sao_ei","official_lang","work.official_lang","married","other.attached","non.movers"
53990,933,"a70_74","m","eo_eeo_Ukrainian","official_lang","work.no.official_lang","widowed","other.attached","non.movers"
260016,933,"a35_39","f","ao_sao_ei","official_lang","work.official_lang","married","other.attached","non.movers"
656275,933,"a35_39","f","ao_wcameo","official_lang","work.official_lang","married","other.attached","non.movers"
356343,933,"a25_29","m","ao_wcameo","official_lang","work.official_lang","no.married","other.attached","non.movers"
153641,933,"a15_19","m","eo_oeeo","official_lang","work.no.official_lang","no.married","other.attached","non.movers"
439630,933,"a65_69","f","onao_Canadian","official_lang","work.no.official_lang","married","other.attached","non.movers"
272394,933,"a50_54","f","ao_sao_ei","official_lang","work.no.official_lang","no.married","other.attached","non.movers"
700435,933,"a75_79","f","eo_bio_Irish","official_lang","work.no.official_lang","married","other.attached","non.movers"
212098,933,"a40_44","m","naao","official_lang","work.no.official_lang","married","other.attached","non.movers"
60245,933,"a60_64","m","naao","official_lang","work.official_lang","no.married","other.attached","non.movers"
731441,933,"a40_44","m","eo_bio_Irish","official_lang","work.official_lang","married","other.attached","non.movers"
832410,933,"a25_29","m","ao_oesao","official_lang","work.official_lang","no.married","other.attached","non.movers"
253902,933,"a55_59","f","eo_obio","official_lang","work.official_lang","widowed","other.attached","non.movers"
23712,933,"a30_34","f","naao","official_lang","work.no.official_lang","no.married","other.attached","non.movers"
68707,933,"a45_49","m","eo_bio_English","official_lang","work.official_lang","no.married","other.attached","non.movers"
455763,933,"a20_24","m","eo_bio_Irish","official_lang","work.no.official_lang","no.married","other.attached","non.movers"
797638,933,"a35_39","m","eo_obio","official_lang","work.official_lang","married","single.detached.house","non.movers"
220585,933,"a55_59","m","naao","official_lang","work.no.official_lang","married","other.attached","non.movers"
851250,933,"a5_9","m","eo_eeo_Russian","official_lang","work.no.official_lang","no.married","other.attached","non.movers"
156890,933,"a15_19","f","ao_sao_ei","official_lang","work.official_lang","no.married","single.detached.house","non.movers"
906132,933,"a5_9","f","ao_wcameo","official_lang","work.no.official_lang","no.married","other.attached","non.movers"
560399,933,"a70_74","f","eo_bio_English","official_lang","work.no.official_lang","married","other.attached","non.movers"
321775,933,"a35_39","f","ao_esao_Chinese","official_lang","work.official_lang","no.married","other.attached","non.movers"
220798,933,"a5_9","f","ao_wcameo","official_lang","work.no.official_lang","no.married","other.attached","non.movers"
590039,933,"a65_69","f","eo_eeo_Russian","official_lang","work.no.official_lang","no.married","other.attached","non.movers"
455428,933,"a60_64","m","eo_bio_English","official_lang","work.official_lang","married","other.attached","non.movers"
410017,933,"a60_64","f","onao_Canadian","official_lang","work.no.official_lang","no.married","other.attached","non.movers"
900267,933,"a50_54","f","onao","official_lang","work.no.official_lang","married","single.detached.house","non.movers"
373887,933,"a45_49","f","ao_sao_ei","official_lang","work.official_lang","married","single.detached.house","non.movers"
228640,933,"a35_39","m","eo_seo_Spanish","official_lang","work.official_lang","married","single.detached.house","non.movers"
86867,933,"a60_64","m","eo_oweo","official_lang","work.official_lang","married","other.attached","non.movers"
86867,933,"a60_64","m","eo_oweo","official_lang","work.official_lang","married","other.attached","non.movers"
86867,933,"a60_64","m","eo_oweo","official_lang","work.official_lang","married","other.attached","non.movers"
921558,933,"a15_19","m","ao_oesao","official_lang","work.official_lang","no.married","other.attached","non.movers"
196151,933,"a60_64","f","onao","official_lang","work.official_lang","living.common.law","other.attached","non.movers"
196151,933,"a60_64","f","onao","official_lang","work.official_lang","living.common.law","other.attached","non.movers"
656768,933,"a45_49","m","eo_neo","official_lang","work.official_lang","divorced","other.attached","non.movers"
846122,933,"a10_14","f","ao_sao_ei","official_lang","work.no.official_lang","no.married","other.attached","non.movers"
712475,933,"a0_4","m","eo_seo_Spanish","official_lang","work.no.official_lang","no.married","other.attached","non.movers"
80260,933,"a20_24","f","eo_seo_Spanish","official_lang","work.no.official_lang","no.married","other.attached","non.movers"
191554,933,"a35_39","f","ao_wcameo","official_lang","work.official_lang","married","other.attached","nonmigrants.movers"
883194,933,"a50_54","f","ao_sao_ei","official_lang","work.official_lang","divorced","other.attached","non.movers"
729956,933,"a35_39","m","eo_bio_Scottish","official_lang","work.official_lang","married","other.attached","non.movers"
484851,933,"a70_74","m","ao_oesao","official_lang","work.no.official_lang","married","other.attached","non.movers"
594298,933,"a15_19","f","ao_sao_ei","official_lang","work.no.official_lang","no.married","other.attached","non.movers"
926094,933,"a65_69","f","eo_bio_Irish","official_lang","work.official_lang","living.common.law","other.attached","non.movers"
914503,933,"a45_49","m","eo_bio_Scottish","official_lang","work.official_lang","married","other.attached","non.movers"
448491,933,"a35_39","m","ao_oesao","official_lang","work.no.official_lang","no.married","single.detached.house","non.movers"
566902,933,"a50_54","m","ao_sao_ei","official_lang","work.official_lang","married","single.detached.house","non.movers"
797399,933,"a50_54","f","ao_osao","official_lang","work.official_lang","married","other.attached","non.movers"
571188,933,"a0_4","f","ao_sao_ei","official_lang","work.no.official_lang","no.married","other.attached","non.movers"
752526,933,"a60_64","f","onao_Canadian","official_lang","work.no.official_lang","divorced","other.attached","non.movers"
298840,933,"a65_69","f","naao","official_lang","work.no.official_lang","married","other.attached","non.movers"
647725,933,"a25_29","f","eo_eeo_Russian","official_lang","work.official_lang","married","other.attached","nonmigrants.movers"
768817,933,"a60_64","f","oco","official_lang","work.no.official_lang","separated","single.detached.house","non.movers"
599862,933,"a30_34","m","ao_sao_ei","official_lang","work.no.official_lang","no.married","other.attached","non.movers"
599862,933,"a30_34","m","ao_sao_ei","official_lang","work.no.official_lang","no.married","other.attached","non.movers"
498301,933,"a65_69","f","ao_sao_ei","no.official_lang","work.no.official_lang","married","other.attached","non.movers"
615995,933,"a25_29","f","ao","official_lang","work.no.official_lang","separated","other.attached","non.movers"
423616,933,"a20_24","f","ao_sao_ei","official_lang","work.official_lang","no.married","other.attached","non.movers"
302776,933,"a25_29","f","lcsao","official_lang","work.no.official_lang","no.married","other.attached","non.movers"
110634,933,"a50_54","f","eo_bio_Irish","official_lang","work.official_lang","divorced","other.attached","non.movers"
663472,933,"a65_69","m","eo_bio_Irish","official_lang","work.official_lang","married","other.attached","non.movers"
271360,933,"a35_39","f","eo_bio_English","official_lang","work.official_lang","married","other.attached","non.movers"
879787,933,"a25_29","m","eo_weo_German","official_lang","work.official_lang","living.common.law","other.attached","nonmigrants.movers"
25804,933,"a30_34","m","ao_sao_ei","official_lang","work.official_lang","no.married","other.attached","non.movers"
377027,933,"a30_34","m","ao_sao_ei","official_lang","work.official_lang","no.married","other.attached","non.movers"
404656,933,"a55_59","m","ao_sao_ei","official_lang","work.official_lang","married","other.attached","non.movers"
548900,933,"a40_44","f","eo_bio_Irish","official_lang","work.official_lang","married","other.attached","non.movers"
896323,933,"a25_29","m","ao_wcameo","official_lang","work.official_lang","no.married","other.attached","non.movers"
68606,933,"a50_54","f","eo_bio_English","official_lang","work.official_lang","no.married","other.attached","non.movers"
690589,933,"a50_54","m","eo_eeo_Ukrainian","official_lang","work.official_lang","no.married","other.attached","non.movers"
238675,933,"a50_54","f","eo_eeo_Ukrainian","official_lang","work.official_lang","married","other.attached","non.movers"
310835,933,"a20_24","m","ao_oesao","official_lang","work.no.official_lang","no.married","other.attached","non.movers"
31493,933,"a5_9","f","eo_seo_Spanish","official_lang","work.no.official_lang","no.married","other.attached","non.movers"
785151,933,"a5_9","m","onao_Canadian","official_lang","work.no.official_lang","no.married","other.attached","non.movers"
744022,933,"a75_79","f","ao_sao_ei","no.official_lang","work.no.official_lang","married","single.detached.house","non.movers"
551521,933,"a35_39","m","ao_sao_ei","official_lang","work.no.official_lang","married","single.detached.house","non.movers"
776910,933,"a20_24","f","ao_sao_ei","official_lang","work.official_lang","no.married","single.detached.house","non.movers"
332018,933,"a35_39","f","onao_Canadian","official_lang","work.official_lang","married","other.attached","non.movers"
188350,933,"a40_44","f","ao_sao_ei","official_lang","work.official_lang","no.married","other.attached","non.movers"
928743,933,"a75_79","f","eo_weo_German","official_lang","work.no.official_lang","widowed","other.attached","non.movers"
631346,933,"a55_59","m","ao_sao_ei","official_lang","work.no.official_lang","married","other.attached","non.movers"
441344,933,"a10_14","f","ao_sao_ei","official_lang","work.no.official_lang","no.married","other.attached","non.movers"
430191,933,"a65_69","m","ao_oesao","official_lang","work.no.official_lang","married","other.attached","non.movers"
