"PPSORT","CMA","AGE","SEX","RACE","KOL","WORKLANG","MARST","DWEL","MOBL"
345497,933,"a55_59","f","ao_esao_Chinese","official_lang","work.no.official_lang","married","apartment","non.movers"
626766,933,"a35_39","m","ao_sao_ei","official_lang","work.official_lang","married","other.attached","non.movers"
415317,933,"a35_39","f","ao_sao_ei","official_lang","work.official_lang","married","other.attached","non.movers"
55259,933,"a55_59","m","eo_fo","official_lang","work.official_lang","no.married","other.attached","non.movers"
193210,933,"a85_","f","eo_eeo_Russian","official_lang","work.no.official_lang","married","other.attached","non.movers"
387738,933,"a15_19","m","onao_Canadian","official_lang","work.official_lang","no.married","other.attached","non.movers"
222044,933,"a60_64","f","eo_weo_German","official_lang","work.official_lang","widowed","apartment","nonmigrants.movers"
928454,933,"a20_24","m","ao_oesao","official_lang","work.official_lang","no.married","other.attached","non.movers"
616087,933,"a45_49","f","ao_wcameo","official_lang","work.official_lang","married","single.detached.house","non.movers"
724361,933,"a35_39","f","ao_sao_ei","official_lang","work.official_lang","married","single.detached.house","non.movers"
697083,933,"a45_49","m","eo_oweo","official_lang","work.official_lang","married","other.attached","nonmigrants.movers"
189024,933,"a45_49","m","eo_bio_English","official_lang","work.official_lang","married","other.attached","non.movers"
314199,933,"a0_4","m","onao_Canadian","official_lang","work.no.official_lang","no.married","other.attached","other.movers"
405600,933,"a40_44","f","eo_seo_Italian","official_lang","work.official_lang","married","other.attached","non.movers"
490944,933,"a40_44","f","ao_osao","official_lang","work.official_lang","married","other.attached","non.movers"
386085,933,"a20_24","m","eo_eeo_Hungarian","official_lang","work.official_lang","no.married","other.attached","non.movers"
890505,933,"a60_64","f","onao_Canadian","official_lang","work.official_lang","widowed","single.detached.house","non.movers"
870407,933,"a35_39","m","onao_Canadian","official_lang","work.official_lang","no.married","other.attached","non.movers"
879059,933,"a30_34","m","onao_Canadian","official_lang","work.official_lang","no.married","other.attached","non.movers"
632954,933,"a0_4","m","ao_sao_ei","official_lang","work.no.official_lang","no.married","apartment","non.movers"
121982,933,"a0_4","m","onao_Canadian","official_lang","work.no.official_lang","no.married","other.attached","non.movers"
655960,933,"a40_44","f","ao_esao_Chinese","official_lang","work.official_lang","widowed","other.attached","other.movers"
585467,933,"a40_44","f","ao_oesao","official_lang","work.no.official_lang","married","other.attached","external.movers"
819754,933,"a85_","f","eo_bio_English","official_lang","work.no.official_lang","widowed","single.detached.house","non.movers"
286901,933,"a60_64","f","naao","official_lang","work.official_lang","married","apartment","non.movers"
781155,933,"a40_44","f","naao","official_lang","work.no.official_lang","separated","apartment","nonmigrants.movers"
748889,933,"a55_59","f","eo_neo","official_lang","work.official_lang","divorced","single.detached.house","non.movers"
895936,933,"a35_39","m","onao_Canadian","official_lang","work.official_lang","married","other.attached","non.movers"
170870,933,"a40_44","m","onao_Canadian","official_lang","work.official_lang","married","apartment","non.movers"
750583,933,"a45_49","m","eo_eeo_Russian","official_lang","work.no.official_lang","married","other.attached","non.movers"
525031,933,"a30_34","m","ao_esao_Chinese","official_lang","work.no.official_lang","no.married","apartment","non.movers"
453827,933,"a55_59","f","eo_eeo_Russian","official_lang","work.official_lang","divorced","apartment","nonmigrants.movers"
254032,933,"a75_79","f","eo_fo","official_lang","work.no.official_lang","married","other.attached","non.movers"
99768,933,"a25_29","m","oo","official_lang","work.official_lang","no.married","apartment","nonmigrants.movers"
874296,933,"a85_","m","ao_esao_Chinese","official_lang","work.no.official_lang","widowed","single.detached.house","non.movers"
899571,933,"a80_84","f","eo_eeo_Ukrainian","official_lang","work.no.official_lang","widowed","other.attached","non.movers"
731336,933,"a45_49","f","ao_osao","official_lang","work.official_lang","married","other.attached","non.movers"
183770,933,"a45_49","f","eo_bio_Irish","official_lang","work.official_lang","married","other.attached","non.movers"
183274,933,"a50_54","f","eo_bio_Scottish","official_lang","work.official_lang","divorced","other.attached","non.movers"
111765,933,"a50_54","m","eo_seo_Portuguese","official_lang","work.official_lang","married","other.attached","non.movers"
101623,933,"a35_39","f","eo_weo_German","official_lang","work.official_lang","married","other.attached","non.movers"
299628,933,"a55_59","f","eo_bio_Irish","official_lang","work.official_lang","married","other.attached","non.movers"
54010,933,"a35_39","f","onao_Canadian","official_lang","work.official_lang","married","single.detached.house","non.movers"
713295,933,"a85_","f","eo_bio_English","official_lang","work.no.official_lang","widowed","other.attached","non.movers"
844271,933,"a15_19","m","onao_Canadian","official_lang","work.official_lang","no.married","other.attached","non.movers"
330878,933,"a20_24","f","ao_oesao","official_lang","work.no.official_lang","no.married","other.attached","non.movers"
484458,933,"a50_54","f","eo_bio_Scottish","official_lang","work.official_lang","no.married","other.attached","non.movers"
162013,933,"a65_69","m","eo_fo","official_lang","work.official_lang","married","apartment","non.movers"
535056,933,"a0_4","m","lcsao","official_lang","work.no.official_lang","no.married","other.attached","non.movers"
830869,933,"a50_54","f","eo_bio_Scottish","official_lang","work.official_lang","no.married","other.attached","non.movers"
798906,933,"a40_44","m","eo_bio_English","official_lang","work.official_lang","no.married","single.detached.house","nonmigrants.movers"
174062,933,"a30_34","f","eo_bio_English","official_lang","work.official_lang","living.common.law","other.attached","nonmigrants.movers"
479240,933,"a85_","f","eo_weo_German","official_lang","work.no.official_lang","widowed","other.attached","non.movers"
854586,933,"a0_4","m","ao_esao_Chinese","official_lang","work.no.official_lang","no.married","other.attached","non.movers"
585448,933,"a60_64","f","lcsao","official_lang","work.official_lang","widowed","other.attached","non.movers"
93117,933,"a60_64","f","ao_sao_ei","official_lang","work.official_lang","married","other.attached","non.movers"
43010,933,"a50_54","f","onao_Canadian","official_lang","work.no.official_lang","no.married","single.detached.house","non.movers"
176399,933,"a55_59","m","ao_osao","official_lang","work.official_lang","married","other.attached","non.movers"
407119,933,"a40_44","f","ao_oesao","official_lang","work.official_lang","married","other.attached","non.movers"
802082,933,"a75_79","f","eo_oeo","official_lang","work.no.official_lang","married","other.attached","non.movers"
247058,933,"a20_24","f","ao_sao_ei","official_lang","work.no.official_lang","no.married","other.attached","external.movers"
928949,933,"a50_54","m","eo_bio_Scottish","official_lang","work.official_lang","married","other.attached","external.movers"
246707,933,"a15_19","m","eo_bio_Scottish","official_lang","work.no.official_lang","no.married","other.attached","external.movers"
85824,933,"a50_54","f","ao_sao_ei","no.official_lang","work.no.official_lang","widowed","apartment","non.movers"
798459,933,"a40_44","m","eo_fo","official_lang","work.official_lang","living.common.law","other.attached","other.movers"
926165,933,"a30_34","m","ao_esao_Chinese","official_lang","work.official_lang","no.married","other.attached","other.movers"
537616,933,"a50_54","f","eo_seo_Italian","official_lang","work.official_lang","married","single.detached.house","non.movers"
114902,933,"a10_14","f","naao","official_lang","work.no.official_lang","no.married","other.attached","nonmigrants.movers"
521968,933,"a50_54","m","eo_bio_Scottish","official_lang","work.official_lang","married","other.attached","nonmigrants.movers"
37300,933,"a35_39","m","ao_sao_ei","official_lang","work.official_lang","married","other.attached","non.movers"
125282,933,"a25_29","m","eo_seo_Italian","official_lang","work.no.official_lang","no.married","apartment","external.movers"
210218,933,"a65_69","m","eo_bio_Irish","official_lang","work.official_lang","no.married","apartment","non.movers"
911826,933,"a50_54","m","onao_Canadian","official_lang","work.no.official_lang","no.married","other.attached","non.movers"
414611,933,"a20_24","m","eo_weo_Dutch","official_lang","work.official_lang","no.married","other.attached","non.movers"
667631,933,"a55_59","f","onao_Canadian","official_lang","work.official_lang","living.common.law","other.attached","non.movers"
812671,933,"a40_44","m","onao_Canadian","official_lang","work.official_lang","divorced","single.detached.house","non.movers"
302775,933,"a30_34","m","onao_Canadian","official_lang","work.official_lang","married","other.attached","non.movers"
279391,933,"a50_54","f","eo_bio_Irish","official_lang","work.official_lang","married","apartment","non.movers"
547117,933,"a45_49","f","ao_esao_Chinese","official_lang","work.official_lang","married","apartment","non.movers"
141678,933,"a60_64","m","ao_esao_Chinese","no.official_lang","work.no.official_lang","living.common.law","other.attached","non.movers"
341820,933,"a60_64","m","ao_oesao","official_lang","work.official_lang","married","single.detached.house","nonmigrants.movers"
205702,933,"a35_39","f","onao_Canadian","official_lang","work.official_lang","married","other.attached","non.movers"
694987,933,"a40_44","m","eo_bio_English","official_lang","work.official_lang","married","other.attached","non.movers"
231455,933,"a55_59","m","eo_weo_German","official_lang","work.no.official_lang","divorced","other.attached","non.movers"
837933,933,"a65_69","f","ao_osao","official_lang","work.no.official_lang","married","apartment","non.movers"
615555,933,"a50_54","f","ao_esao_Chinese","official_lang","work.official_lang","married","other.attached","non.movers"
676893,933,"a20_24","f","ao_esao_Chinese","official_lang","work.official_lang","no.married","other.attached","non.movers"
233391,933,"a20_24","m","eo_neo","official_lang","work.official_lang","no.married","single.detached.house","non.movers"
903570,933,"a5_9","f","onao_Canadian","official_lang","work.no.official_lang","no.married","other.attached","non.movers"
276549,933,"a60_64","f","eo_weo_German","official_lang","work.no.official_lang","married","other.attached","non.movers"
491475,933,"a25_29","f","eo_weo_German","official_lang","work.official_lang","no.married","other.attached","non.movers"
142242,933,"a40_44","m","eo_weo_German","official_lang","work.official_lang","married","other.attached","non.movers"
585915,933,"a45_49","m","eo_weo_German","official_lang","work.official_lang","married","other.attached","non.movers"
504226,933,"a20_24","m","ao_osao","official_lang","work.official_lang","no.married","other.attached","non.movers"
361224,933,"a60_64","f","eo_seo_Italian","official_lang","work.official_lang","divorced","single.detached.house","non.movers"
681551,933,"a0_4","f","eo_eeo_Hungarian","official_lang","work.no.official_lang","no.married","apartment","non.movers"
319770,933,"a60_64","m","eo_weo_German","official_lang","work.official_lang","married","single.detached.house","non.movers"
681066,933,"a35_39","m","eo_bio_Irish","official_lang","work.official_lang","married","other.attached","non.movers"
745974,933,"a50_54","m","ao_wcameo","official_lang","work.official_lang","married","single.detached.house","non.movers"
123231,933,"a25_29","m","eo_bio_English","official_lang","work.no.official_lang","no.married","other.attached","non.movers"
62159,933,"a15_19","m","ao_sao_ei","official_lang","work.official_lang","no.married","other.attached","non.movers"
919716,933,"a50_54","m","ao_esao_Chinese","official_lang","work.official_lang","no.married","other.attached","non.movers"
925116,933,"a10_14","f","eo_weo_German","official_lang","work.no.official_lang","no.married","other.attached","non.movers"
183167,933,"a50_54","f","eo_bio_Irish","official_lang","work.official_lang","no.married","other.attached","non.movers"
253466,933,"a10_14","f","onao_Canadian","official_lang","work.no.official_lang","no.married","other.attached","non.movers"
189529,933,"a85_","f","eo_oeo","official_lang","work.no.official_lang","divorced","other.attached","non.movers"
500,933,"a65_69","m","eo_bio_Scottish","official_lang","work.no.official_lang","no.married","apartment","non.movers"
232111,933,"a45_49","f","lcsao","official_lang","work.no.official_lang","married","other.attached","non.movers"
204968,933,"a40_44","f","ao_oesao","official_lang","work.no.official_lang","married","apartment","external.movers"
124933,933,"a25_29","f","eo_bio_Scottish","official_lang","work.official_lang","no.married","other.attached","other.movers"
82340,933,"a30_34","f","ao_esao_Chinese","official_lang","work.no.official_lang","married","other.attached","nonmigrants.movers"
420708,933,"a0_4","m","naao","official_lang","work.no.official_lang","no.married","other.attached","non.movers"
842055,933,"a55_59","f","eo_bio_Scottish","official_lang","work.official_lang","no.married","apartment","non.movers"
282488,933,"a45_49","f","naao","official_lang","work.no.official_lang","living.common.law","other.attached","non.movers"
329119,933,"a60_64","f","eo_bio_English","official_lang","work.official_lang","married","other.attached","nonmigrants.movers"
617225,933,"a5_9","f","ao_osao","official_lang","work.no.official_lang","no.married","other.attached","nonmigrants.movers"
368396,933,"a30_34","f","ao_esao_Chinese","official_lang","work.official_lang","no.married","other.attached","nonmigrants.movers"
271234,933,"a80_84","m","onao_Canadian","official_lang","work.no.official_lang","no.married","apartment","non.movers"
635290,933,"a85_","f","eo_fo","official_lang","work.no.official_lang","widowed","single.detached.house","non.movers"
9972,933,"a60_64","f","ao_esao_Chinese","official_lang","work.no.official_lang","married","other.attached","non.movers"
783883,933,"a30_34","f","eo_weo_German","official_lang","work.official_lang","no.married","apartment","nonmigrants.movers"
829150,933,"a40_44","f","onao_Canadian","official_lang","work.no.official_lang","no.married","single.detached.house","non.movers"
256818,933,"a25_29","f","ao_oesao","official_lang","work.official_lang","no.married","other.attached","non.movers"
504596,933,"a30_34","f","ao_sao_ei","official_lang","work.official_lang","married","single.detached.house","non.movers"
212967,933,"a50_54","f","ao_oesao","official_lang","work.no.official_lang","married","other.attached","non.movers"
22953,933,"a25_29","m","onao_Canadian","official_lang","work.official_lang","married","other.attached","non.movers"
439049,933,"a20_24","m","ao_esao_Chinese","official_lang","work.no.official_lang","no.married","other.attached","non.movers"
701056,933,"a55_59","f","eo_eeo_Ukrainian","official_lang","work.official_lang","married","single.detached.house","non.movers"
16392,933,"a5_9","f","onao_Canadian","official_lang","work.no.official_lang","no.married","other.attached","nonmigrants.movers"
912458,933,"a5_9","m","naao","official_lang","work.no.official_lang","no.married","other.attached","non.movers"
96522,933,"a40_44","f","ao_esao_Chinese","official_lang","work.official_lang","married","other.attached","non.movers"
292135,933,"a0_4","m","eo_eeo_Hungarian","no.official_lang","work.no.official_lang","no.married","other.attached","other.movers"
826093,933,"a35_39","m","oco","official_lang","work.official_lang","married","apartment","non.movers"
515780,933,"a35_39","m","ao_oesao","official_lang","work.official_lang","living.common.law","other.attached","non.movers"
433581,933,"a55_59","f","eo_weo_German","official_lang","work.official_lang","divorced","other.attached","non.movers"
916346,933,"a35_39","m","eo_bio_English","official_lang","work.official_lang","living.common.law","other.attached","non.movers"
50530,933,"a45_49","f","eo_obio","official_lang","work.official_lang","married","other.attached","non.movers"
146867,933,"a10_14","f","eo_bio_Irish","official_lang","work.no.official_lang","no.married","other.attached","non.movers"
505823,933,"a15_19","m","ao_sao_ei","official_lang","work.no.official_lang","no.married","apartment","non.movers"
614517,933,"a35_39","m","eo_seo_Portuguese","official_lang","work.official_lang","married","other.attached","external.movers"
143852,933,"a40_44","m","eo_seo_Italian","official_lang","work.official_lang","married","other.attached","non.movers"
365242,933,"a10_14","f","eo_seo_Italian","official_lang","work.no.official_lang","no.married","other.attached","non.movers"
793238,933,"a50_54","m","ao_esao_Chinese","no.official_lang","work.no.official_lang","married","single.detached.house","non.movers"
98983,933,"a20_24","f","ao_esao_Chinese","official_lang","work.no.official_lang","no.married","other.attached","nonmigrants.movers"
655740,933,"a45_49","f","ao_oesao","official_lang","work.no.official_lang","living.common.law","other.attached","non.movers"
687740,933,"a0_4","m","ao_sao_ei","official_lang","work.no.official_lang","no.married","other.attached","non.movers"
358927,933,"a15_19","f","ao_oesao","official_lang","work.official_lang","no.married","other.attached","nonmigrants.movers"
693160,933,"a10_14","m","oco","official_lang","work.no.official_lang","no.married","single.detached.house","nonmigrants.movers"
582873,933,"a65_69","m","ao_sao_ei","official_lang","work.official_lang","married","other.attached","non.movers"
8377,933,"a35_39","m","eo_bio_Irish","official_lang","work.official_lang","married","apartment","non.movers"
460033,933,"a30_34","f","eo_weo_Dutch","official_lang","work.official_lang","no.married","other.attached","non.movers"
473763,933,"a20_24","f","naao","official_lang","work.official_lang","no.married","apartment","nonmigrants.movers"
603402,933,"a20_24","m","eo_eeo_Hungarian","official_lang","work.official_lang","no.married","apartment","non.movers"
109316,933,"a25_29","f","ao_esao_Chinese","official_lang","work.no.official_lang","no.married","other.attached","nonmigrants.movers"
672947,933,"a35_39","m","onao_Canadian","official_lang","work.official_lang","living.common.law","other.attached","non.movers"
113971,933,"a0_4","m","naao","official_lang","work.no.official_lang","no.married","other.attached","non.movers"
276123,933,"a10_14","m","onao_Canadian","official_lang","work.no.official_lang","no.married","other.attached","non.movers"
98744,933,"a55_59","m","eo_eeo_Ukrainian","official_lang","work.official_lang","no.married","single.detached.house","non.movers"
199601,933,"a25_29","f","ao_sao_ei","official_lang","work.official_lang","married","other.attached","nonmigrants.movers"
685236,933,"a35_39","f","ao_oesao","official_lang","work.official_lang","married","other.attached","non.movers"
785870,933,"a30_34","f","eo_bio_Scottish","official_lang","work.official_lang","married","other.attached","non.movers"
795760,933,"a35_39","f","ao_sao_ei","official_lang","work.official_lang","married","single.detached.house","nonmigrants.movers"
208510,933,"a25_29","m","onao_Canadian","official_lang","work.official_lang","no.married","apartment","non.movers"
693622,933,"a40_44","f","ao_sao_ei","official_lang","work.official_lang","married","other.attached","non.movers"
144594,933,"a35_39","m","ao_sao_ei","official_lang","work.official_lang","married","other.attached","non.movers"
356532,933,"a5_9","m","oco","official_lang","work.no.official_lang","no.married","apartment","non.movers"
773783,933,"a55_59","m","eo_oweo","official_lang","work.official_lang","divorced","other.attached","non.movers"
669486,933,"a10_14","m","onao_Canadian","official_lang","work.no.official_lang","no.married","other.attached","non.movers"
234902,933,"a30_34","f","oco","official_lang","work.official_lang","married","other.attached","non.movers"
232248,933,"a50_54","f","oo","official_lang","work.no.official_lang","married","other.attached","nonmigrants.movers"
334566,933,"a30_34","m","eo_eeo_Ukrainian","official_lang","work.no.official_lang","no.married","other.attached","non.movers"
517115,933,"a60_64","m","eo_bio_Scottish","official_lang","work.official_lang","living.common.law","other.attached","non.movers"
467243,933,"a60_64","f","eo_bio_English","official_lang","work.official_lang","married","other.attached","non.movers"
721253,933,"a25_29","f","ao_esao_Chinese","official_lang","work.official_lang","no.married","other.attached","non.movers"
617105,933,"a50_54","m","oo","official_lang","work.official_lang","married","apartment","non.movers"
674383,933,"a25_29","m","eo_bio_Irish","official_lang","work.official_lang","no.married","other.attached","non.movers"
500364,933,"a40_44","f","naao","official_lang","work.official_lang","no.married","other.attached","non.movers"
339076,933,"a0_4","f","onao_Canadian","official_lang","work.no.official_lang","no.married","other.attached","non.movers"
160618,933,"a65_69","m","eo_bio_English","official_lang","work.no.official_lang","married","other.attached","non.movers"
422748,933,"a85_","f","eo_bio_English","official_lang","work.no.official_lang","widowed","single.detached.house","non.movers"
616209,933,"a60_64","f","eo_weo_German","official_lang","work.official_lang","divorced","other.attached","non.movers"
773422,933,"a10_14","m","ao_wcameo","official_lang","work.no.official_lang","no.married","other.attached","non.movers"
161802,933,"a60_64","f","onao_Canadian","official_lang","work.no.official_lang","married","apartment","nonmigrants.movers"
226703,933,"a45_49","f","onao_Canadian","official_lang","work.official_lang","married","single.detached.house","non.movers"
300287,933,"a65_69","m","eo_neo","official_lang","work.no.official_lang","living.common.law","other.attached","nonmigrants.movers"
725961,933,"a15_19","m","eo_eeo_Russian","official_lang","work.official_lang","no.married","other.attached","non.movers"
710410,933,"a85_","m","eo_bio_Scottish","official_lang","work.no.official_lang","married","single.detached.house","non.movers"
868003,933,"a20_24","f","ao_sao_ei","official_lang","work.official_lang","no.married","other.attached","non.movers"
221169,933,"a25_29","m","ao_sao_ei","official_lang","work.official_lang","no.married","other.attached","nonmigrants.movers"
335321,933,"a20_24","m","ao_sao_ei","official_lang","work.no.official_lang","no.married","apartment","external.movers"
526786,933,"a15_19","m","eo_seo_Italian","official_lang","work.official_lang","no.married","other.attached","non.movers"
268879,933,"a45_49","f","ao_esao_Chinese","official_lang","work.official_lang","married","other.attached","non.movers"
588147,933,"a30_34","m","eo_bio_Irish","official_lang","work.official_lang","living.common.law","other.attached","non.movers"
168555,933,"a40_44","f","onao_Canadian","official_lang","work.official_lang","no.married","other.attached","non.movers"
291894,933,"a65_69","f","ao_sao_ei","official_lang","work.official_lang","married","other.attached","non.movers"
648761,933,"a45_49","m","ao_esao_Chinese","official_lang","work.official_lang","married","other.attached","non.movers"
607144,933,"a5_9","f","onao_Canadian","official_lang","work.no.official_lang","no.married","other.attached","non.movers"
718234,933,"a50_54","f","ao_sao_ei","official_lang","work.official_lang","widowed","apartment","non.movers"
146201,933,"a5_9","m","ao_sao_ei","official_lang","work.no.official_lang","no.married","apartment","nonmigrants.movers"
519430,933,"a55_59","f","eo_bio_English","official_lang","work.official_lang","married","other.attached","non.movers"
597034,933,"a30_34","f","eo_bio_Scottish","official_lang","work.official_lang","no.married","other.attached","non.movers"
357735,933,"a60_64","f","eo_eeo_Ukrainian","official_lang","work.official_lang","married","other.attached","non.movers"
379344,933,"a20_24","m","ao_esao_Chinese","official_lang","work.official_lang","no.married","single.detached.house","non.movers"
35030,933,"a50_54","m","eo_seo_Spanish","official_lang","work.official_lang","living.common.law","other.attached","non.movers"
253355,933,"a25_29","m","ao_esao_Chinese","official_lang","work.official_lang","no.married","other.attached","non.movers"
512700,933,"a0_4","f","ao_osao","official_lang","work.no.official_lang","no.married","apartment","non.movers"
598525,933,"a75_79","m","ao_esao_Chinese","no.official_lang","work.no.official_lang","married","other.attached","non.movers"
820626,933,"a10_14","f","ao_esao_Chinese","official_lang","work.no.official_lang","no.married","other.attached","non.movers"
569431,933,"a45_49","f","eo_weo_German","official_lang","work.official_lang","no.married","single.detached.house","nonmigrants.movers"
318085,933,"a85_","f","eo_seo_Italian","official_lang","work.no.official_lang","widowed","single.detached.house","non.movers"
834559,933,"a45_49","m","eo_weo_Dutch","official_lang","work.official_lang","no.married","other.attached","non.movers"
797606,933,"a60_64","m","eo_bio_English","official_lang","work.no.official_lang","no.married","single.detached.house","non.movers"
242500,933,"a0_4","f","eo_bio_Scottish","official_lang","work.no.official_lang","no.married","other.attached","non.movers"
33024,933,"a0_4","m","eo_bio_Scottish","official_lang","work.no.official_lang","no.married","other.attached","other.movers"
631763,933,"a50_54","m","eo_bio_English","official_lang","work.official_lang","divorced","other.attached","non.movers"
524004,933,"a65_69","f","onao_Canadian","official_lang","work.no.official_lang","widowed","other.attached","non.movers"
356900,933,"a50_54","m","ao_osao","official_lang","work.official_lang","married","other.attached","nonmigrants.movers"
158831,933,"a45_49","f","onao_Canadian","official_lang","work.official_lang","married","other.attached","non.movers"
476193,933,"a5_9","m","lcsao","official_lang","work.no.official_lang","no.married","other.attached","external.movers"
89610,933,"a5_9","f","lcsao","official_lang","work.no.official_lang","no.married","other.attached","external.movers"
10363,933,"a40_44","m","eo_weo_German","official_lang","work.official_lang","married","single.detached.house","non.movers"
389158,933,"a55_59","m","eo_seo_Italian","official_lang","work.official_lang","married","other.attached","external.movers"
486497,933,"a20_24","m","eo_seo_Italian","official_lang","work.official_lang","no.married","other.attached","external.movers"
757690,933,"a75_79","f","eo_weo_German","official_lang","work.no.official_lang","widowed","other.attached","non.movers"
856793,933,"a0_4","m","eo_fo","official_lang","work.no.official_lang","no.married","other.attached","external.movers"
856793,933,"a0_4","m","eo_fo","official_lang","work.no.official_lang","no.married","other.attached","external.movers"
856793,933,"a0_4","m","eo_fo","official_lang","work.no.official_lang","no.married","other.attached","external.movers"
430398,933,"a25_29","f","eo_eeo_Ukrainian","official_lang","work.official_lang","married","other.attached","non.movers"
770594,933,"a5_9","m","ao_sao_ei","official_lang","work.no.official_lang","no.married","other.attached","non.movers"
844833,933,"a35_39","m","onao_Canadian","official_lang","work.official_lang","no.married","other.attached","non.movers"
125619,933,"a10_14","m","eo_bio_English","official_lang","work.no.official_lang","no.married","other.attached","non.movers"
247870,933,"a65_69","f","eo_bio_Irish","official_lang","work.no.official_lang","widowed","other.attached","non.movers"
349959,933,"a70_74","f","eo_weo_German","official_lang","work.official_lang","widowed","other.attached","non.movers"
461777,933,"a55_59","f","onao_Canadian","official_lang","work.official_lang","living.common.law","other.attached","non.movers"
921821,933,"a60_64","f","onao_Canadian","official_lang","work.official_lang","separated","other.attached","non.movers"
282867,933,"a10_14","f","ao_esao_Chinese","official_lang","work.no.official_lang","no.married","other.attached","non.movers"
197294,933,"a45_49","m","eo_eeo_Polish","official_lang","work.official_lang","married","other.attached","non.movers"
104494,933,"a20_24","f","eo_eeo_Polish","official_lang","work.official_lang","no.married","other.attached","non.movers"
372638,933,"a55_59","f","eo_weo_German","official_lang","work.official_lang","divorced","other.attached","non.movers"
882466,933,"a20_24","m","onao_Canadian","official_lang","work.official_lang","no.married","other.attached","non.movers"
520651,933,"a20_24","m","eo_eeo_Russian","official_lang","work.official_lang","no.married","apartment","nonmigrants.movers"
631707,933,"a75_79","f","eo_bio_Scottish","official_lang","work.no.official_lang","married","other.attached","non.movers"
654797,933,"a35_39","f","eo_bio_Scottish","official_lang","work.no.official_lang","living.common.law","apartment","non.movers"
899328,933,"a10_14","f","naao","official_lang","work.no.official_lang","no.married","other.attached","non.movers"
356125,933,"a75_79","f","eo_weo_German","official_lang","work.no.official_lang","married","other.attached","non.movers"
595122,933,"a40_44","m","eo_weo_German","official_lang","work.official_lang","divorced","other.attached","non.movers"
90412,933,"a15_19","f","eo_bio_Scottish","official_lang","work.no.official_lang","no.married","other.attached","non.movers"
381511,933,"a35_39","f","ao_sao_ei","official_lang","work.official_lang","no.married","other.attached","non.movers"
776129,933,"a25_29","f","ao_esao_Chinese","official_lang","work.no.official_lang","no.married","other.attached","non.movers"
555112,933,"a35_39","f","ao_esao_Chinese","official_lang","work.official_lang","married","other.attached","external.movers"
881177,933,"a5_9","f","eo_seo_Italian","official_lang","work.no.official_lang","no.married","other.attached","non.movers"
39027,933,"a30_34","m","eo_bio_Irish","official_lang","work.official_lang","married","other.attached","nonmigrants.movers"
314860,933,"a25_29","m","eo_weo_Dutch","official_lang","work.official_lang","no.married","apartment","external.movers"
93005,933,"a40_44","f","ao_esao_Chinese","official_lang","work.official_lang","divorced","other.attached","nonmigrants.movers"
319518,933,"a70_74","m","eo_seo_Spanish","official_lang","work.no.official_lang","widowed","single.detached.house","non.movers"
98078,933,"a30_34","f","naao","official_lang","work.official_lang","no.married","other.attached","non.movers"
201137,933,"a0_4","f","naao","official_lang","work.no.official_lang","no.married","other.attached","other.movers"
228911,933,"a60_64","f","eo_bio_English","official_lang","work.no.official_lang","married","other.attached","non.movers"
262142,933,"a30_34","f","ao_sao_ei","official_lang","work.official_lang","no.married","other.attached","non.movers"
142569,933,"a50_54","m","eo_bio_English","official_lang","work.official_lang","no.married","other.attached","non.movers"
715637,933,"a50_54","f","ao_wcameo","official_lang","work.official_lang","married","other.attached","non.movers"
258211,933,"a5_9","f","ao_sao_ei","official_lang","work.no.official_lang","no.married","other.attached","non.movers"
386991,933,"a30_34","f","eo_weo_Dutch","official_lang","work.official_lang","no.married","other.attached","non.movers"
87252,933,"a35_39","m","ao_esao_Chinese","official_lang","work.official_lang","married","other.attached","non.movers"
97937,933,"a20_24","m","eo_oeo","official_lang","work.official_lang","no.married","single.detached.house","non.movers"
121787,933,"a50_54","m","eo_bio_Scottish","official_lang","work.official_lang","no.married","other.attached","non.movers"
219112,933,"a25_29","m","eo_weo_German","official_lang","work.official_lang","no.married","other.attached","nonmigrants.movers"
788322,933,"a45_49","m","eo_bio_Irish","official_lang","work.official_lang","living.common.law","single.detached.house","nonmigrants.movers"
41685,933,"a35_39","f","eo_eeo_Russian","official_lang","work.official_lang","married","other.attached","external.movers"
808974,933,"a25_29","m","eo_bio_English","official_lang","work.official_lang","living.common.law","apartment","non.movers"
666646,933,"a60_64","m","eo_bio_Scottish","official_lang","work.official_lang","married","other.attached","non.movers"
886393,933,"a15_19","m","ao_sao_ei","official_lang","work.official_lang","no.married","single.detached.house","external.movers"
513363,933,"a20_24","f","ao_esao_Chinese","official_lang","work.official_lang","no.married","single.detached.house","non.movers"
151144,933,"a35_39","m","eo_seo_Italian","official_lang","work.official_lang","married","other.attached","non.movers"
65187,933,"a60_64","f","eo_bio_Scottish","official_lang","work.official_lang","married","single.detached.house","non.movers"
119695,933,"a60_64","m","eo_eeo_Ukrainian","official_lang","work.official_lang","married","other.attached","non.movers"
357306,933,"a10_14","m","lcsao","official_lang","work.no.official_lang","no.married","other.attached","non.movers"
128449,933,"a60_64","f","eo_weo_Dutch","official_lang","work.official_lang","married","other.attached","non.movers"
590037,933,"a85_","f","eo_neo","official_lang","work.no.official_lang","widowed","other.attached","non.movers"
605303,933,"a25_29","m","eo_fo","official_lang","work.official_lang","living.common.law","other.attached","non.movers"
628212,933,"a0_4","f","naao","official_lang","work.no.official_lang","no.married","other.attached","non.movers"
93399,933,"a10_14","f","ao_wcameo","official_lang","work.no.official_lang","no.married","other.attached","external.movers"
104922,933,"a50_54","f","eo_neo","official_lang","work.official_lang","married","apartment","non.movers"
202650,933,"a55_59","f","eo_bio_English","official_lang","work.official_lang","widowed","other.attached","non.movers"
613537,933,"a30_34","f","eo_eeo_Ukrainian","official_lang","work.official_lang","married","other.attached","non.movers"
657310,933,"a35_39","m","ao_esao_Chinese","official_lang","work.official_lang","married","other.attached","external.movers"
149906,933,"a20_24","f","ao_sao_ei","official_lang","work.official_lang","married","other.attached","non.movers"
883995,933,"a75_79","m","eo_bio_Scottish","official_lang","work.no.official_lang","widowed","other.attached","non.movers"
613856,933,"a25_29","f","ao_sao_ei","official_lang","work.official_lang","no.married","other.attached","non.movers"
648286,933,"a50_54","f","eo_eeo_Ukrainian","official_lang","work.official_lang","divorced","other.attached","non.movers"
868569,933,"a10_14","f","eo_fo","official_lang","work.no.official_lang","no.married","other.attached","non.movers"
810907,933,"a50_54","m","eo_eeo_Hungarian","official_lang","work.no.official_lang","no.married","other.attached","non.movers"
562704,933,"a35_39","f","ao_esao_Chinese","official_lang","work.official_lang","no.married","other.attached","non.movers"
883153,933,"a20_24","f","oo","official_lang","work.official_lang","no.married","other.attached","non.movers"
445918,933,"a50_54","f","eo_neo","official_lang","work.official_lang","living.common.law","other.attached","non.movers"
89460,933,"a25_29","m","eo_weo_German","official_lang","work.official_lang","no.married","other.attached","non.movers"
587653,933,"a25_29","f","eo_bio_Irish","official_lang","work.official_lang","no.married","apartment","nonmigrants.movers"
96315,933,"a55_59","m","naao","official_lang","work.official_lang","married","other.attached","non.movers"
896629,933,"a65_69","m","ao_oesao","official_lang","work.no.official_lang","living.common.law","other.attached","non.movers"
598024,933,"a5_9","f","ao_wcameo","official_lang","work.no.official_lang","no.married","other.attached","non.movers"
360667,933,"a60_64","m","eo_eeo_Ukrainian","official_lang","work.no.official_lang","married","single.detached.house","non.movers"
165081,933,"a15_19","m","ao_wcameo","official_lang","work.official_lang","no.married","other.attached","non.movers"
429506,933,"a45_49","f","ao_sao_ei","official_lang","work.official_lang","divorced","other.attached","other.movers"
76274,933,"a5_9","m","naao","official_lang","work.no.official_lang","no.married","other.attached","non.movers"
419652,933,"a50_54","m","eo_weo_Dutch","official_lang","work.official_lang","married","other.attached","non.movers"
605393,933,"a30_34","m","onao_Canadian","official_lang","work.official_lang","no.married","other.attached","nonmigrants.movers"
330194,933,"a70_74","m","eo_bio_Scottish","official_lang","work.no.official_lang","married","single.detached.house","non.movers"
237635,933,"a40_44","f","onao_Canadian","official_lang","work.official_lang","living.common.law","other.attached","non.movers"
884004,933,"a45_49","m","eo_eeo_Polish","official_lang","work.official_lang","married","other.attached","non.movers"
891712,933,"a40_44","m","ao_sao_ei","official_lang","work.official_lang","married","single.detached.house","non.movers"
231748,933,"a45_49","m","lcsao","official_lang","work.official_lang","married","other.attached","nonmigrants.movers"
511448,933,"a20_24","f","onao_Canadian","official_lang","work.official_lang","no.married","other.attached","non.movers"
640750,933,"a85_","f","eo_fo","official_lang","work.no.official_lang","widowed","single.detached.house","non.movers"
258030,933,"a35_39","m","ao_wcameo","official_lang","work.official_lang","no.married","other.attached","non.movers"
459445,933,"a20_24","f","ao_wcameo","official_lang","work.official_lang","no.married","other.attached","non.movers"
738025,933,"a10_14","m","ao_sao_ei","official_lang","work.no.official_lang","no.married","apartment","non.movers"
19439,933,"a50_54","f","ao_esao_Chinese","official_lang","work.official_lang","divorced","apartment","non.movers"
156122,933,"a30_34","f","eo_seo_Portuguese","official_lang","work.official_lang","no.married","other.attached","nonmigrants.movers"
540006,933,"a0_4","f","eo_bio_Scottish","official_lang","work.no.official_lang","no.married","other.attached","non.movers"
6063,933,"a25_29","m","eo_bio_English","official_lang","work.no.official_lang","living.common.law","other.attached","nonmigrants.movers"
214913,933,"a5_9","m","ao_wcameo","official_lang","work.no.official_lang","no.married","other.attached","non.movers"
881408,933,"a5_9","f","lcsao","official_lang","work.no.official_lang","no.married","other.attached","non.movers"
92268,933,"a45_49","m","eo_eeo_Hungarian","official_lang","work.official_lang","married","apartment","non.movers"
910295,933,"a60_64","m","eo_bio_Scottish","official_lang","work.no.official_lang","divorced","apartment","non.movers"
219177,933,"a40_44","f","eo_bio_Scottish","official_lang","work.official_lang","divorced","other.attached","non.movers"
872371,933,"a15_19","f","eo_bio_Scottish","official_lang","work.official_lang","no.married","other.attached","non.movers"
461855,933,"a45_49","f","eo_bio_Irish","official_lang","work.official_lang","married","other.attached","non.movers"
383563,933,"a45_49","m","eo_bio_Irish","official_lang","work.official_lang","married","other.attached","non.movers"
696648,933,"a25_29","f","oco","official_lang","work.official_lang","no.married","apartment","non.movers"
671901,933,"a50_54","m","ao_esao_Chinese","no.official_lang","work.no.official_lang","married","other.attached","non.movers"
708257,933,"a35_39","m","ao_esao_Chinese","official_lang","work.official_lang","married","other.attached","nonmigrants.movers"
259557,933,"a50_54","m","onao_Canadian","official_lang","work.official_lang","separated","other.attached","nonmigrants.movers"
589424,933,"a15_19","m","onao_Canadian","official_lang","work.official_lang","no.married","other.attached","nonmigrants.movers"
618908,933,"a5_9","m","eo_neo","official_lang","work.no.official_lang","no.married","other.attached","non.movers"
746536,933,"a60_64","f","naao","official_lang","work.no.official_lang","no.married","apartment","non.movers"
700215,933,"a20_24","m","naao","official_lang","work.official_lang","widowed","apartment","non.movers"
115063,933,"a45_49","m","eo_bio_Scottish","official_lang","work.official_lang","married","other.attached","non.movers"
799897,933,"a40_44","f","ao_oesao","official_lang","work.official_lang","married","other.attached","nonmigrants.movers"
456027,933,"a20_24","m","ao_oesao","official_lang","work.official_lang","no.married","other.attached","non.movers"
489624,933,"a35_39","f","ao_esao_Chinese","official_lang","work.no.official_lang","married","other.attached","nonmigrants.movers"
561571,933,"a55_59","m","eo_seo_Italian","official_lang","work.official_lang","married","single.detached.house","non.movers"
80035,933,"a0_4","m","naao","official_lang","work.no.official_lang","no.married","single.detached.house","nonmigrants.movers"
390186,933,"a5_9","m","ao_sao_ei","official_lang","work.no.official_lang","no.married","other.attached","other.movers"
271665,933,"a70_74","f","oo","official_lang","work.no.official_lang","divorced","other.attached","non.movers"
44676,933,"a45_49","f","ao_esao_Chinese","official_lang","work.official_lang","divorced","other.attached","non.movers"
210945,933,"a35_39","f","oo","official_lang","work.no.official_lang","married","single.detached.house","non.movers"
713511,933,"a25_29","m","naao","official_lang","work.official_lang","no.married","apartment","non.movers"
831590,933,"a55_59","m","eo_bio_English","official_lang","work.official_lang","divorced","other.attached","non.movers"
37030,933,"a25_29","f","eo_bio_Irish","official_lang","work.official_lang","living.common.law","other.attached","non.movers"
424515,933,"a35_39","m","eo_weo_German","official_lang","work.official_lang","no.married","other.attached","non.movers"
879418,933,"a55_59","f","ao_esao_Chinese","official_lang","work.no.official_lang","married","other.attached","non.movers"
781609,933,"a30_34","m","eo_bio_Scottish","official_lang","work.official_lang","married","other.attached","non.movers"
821294,933,"a10_14","f","onao_Canadian","official_lang","work.no.official_lang","no.married","other.attached","non.movers"
488153,933,"a60_64","m","eo_eeo_Russian","official_lang","work.official_lang","divorced","other.attached","non.movers"
433374,933,"a30_34","f","eo_weo_German","official_lang","work.official_lang","married","single.detached.house","non.movers"
76488,933,"a50_54","m","naao","official_lang","work.official_lang","married","other.attached","non.movers"
165938,933,"a65_69","f","eo_bio_Irish","official_lang","work.no.official_lang","widowed","other.attached","non.movers"
114796,933,"a15_19","f","naao","official_lang","work.no.official_lang","no.married","other.attached","external.movers"
114796,933,"a15_19","f","naao","official_lang","work.no.official_lang","no.married","other.attached","external.movers"
160006,933,"a5_9","f","ao_esao_Chinese","official_lang","work.no.official_lang","no.married","other.attached","non.movers"
791779,933,"a30_34","f","ao_sao_ei","official_lang","work.official_lang","married","single.detached.house","external.movers"
335944,933,"a85_","m","eo_neo","official_lang","work.no.official_lang","married","other.attached","non.movers"
663645,933,"a15_19","f","onao_Canadian","official_lang","work.official_lang","no.married","single.detached.house","other.movers"
127318,933,"a35_39","m","eo_fo","official_lang","work.official_lang","living.common.law","other.attached","non.movers"
459122,933,"a50_54","m","eo_weo_German","official_lang","work.official_lang","married","other.attached","non.movers"
202934,933,"a45_49","f","ao_sao_ei","official_lang","work.official_lang","married","other.attached","non.movers"
572422,933,"a20_24","f","ao_sao_ei","official_lang","work.official_lang","no.married","other.attached","non.movers"
871165,933,"a25_29","f","onao_Canadian","official_lang","work.official_lang","living.common.law","other.attached","non.movers"
180727,933,"a10_14","f","ao_esao_Chinese","official_lang","work.no.official_lang","no.married","other.attached","non.movers"
490687,933,"a5_9","f","lcsao","official_lang","work.no.official_lang","no.married","other.attached","non.movers"
705988,933,"a30_34","m","eo_fo","official_lang","work.official_lang","living.common.law","other.attached","non.movers"
427304,933,"a55_59","f","naao","official_lang","work.no.official_lang","no.married","other.attached","non.movers"
279678,933,"a20_24","f","ao_oesao","official_lang","work.official_lang","no.married","other.attached","non.movers"
286521,933,"a30_34","m","ao_esao_Chinese","official_lang","work.official_lang","married","other.attached","non.movers"
865512,933,"a5_9","m","eo_eeo_Ukrainian","official_lang","work.no.official_lang","no.married","other.attached","non.movers"
510561,933,"a35_39","f","eo_eeo_Hungarian","official_lang","work.official_lang","living.common.law","other.attached","non.movers"
45117,933,"a25_29","m","ao_esao_Chinese","official_lang","work.no.official_lang","divorced","apartment","nonmigrants.movers"
395330,933,"a40_44","f","ao_sao_ei","official_lang","work.official_lang","married","apartment","non.movers"
218011,933,"a60_64","f","onao_Canadian","official_lang","work.no.official_lang","no.married","apartment","non.movers"
572319,933,"a50_54","m","eo_bio_English","official_lang","work.official_lang","married","other.attached","non.movers"
476295,933,"a45_49","f","ao_sao_ei","official_lang","work.no.official_lang","married","apartment","non.movers"
250740,933,"a40_44","f","eo_eeo_Ukrainian","official_lang","work.official_lang","living.common.law","apartment","non.movers"
12261,933,"a40_44","m","lcsao","official_lang","work.official_lang","divorced","other.attached","non.movers"
348490,933,"a65_69","m","eo_bio_Scottish","official_lang","work.no.official_lang","married","single.detached.house","non.movers"
223392,933,"a30_34","m","onao_Canadian","official_lang","work.no.official_lang","no.married","other.attached","non.movers"
85587,933,"a60_64","f","eo_eeo_Ukrainian","official_lang","work.no.official_lang","no.married","other.attached","non.movers"
702036,933,"a30_34","m","ao_oesao","official_lang","work.official_lang","married","other.attached","nonmigrants.movers"
895978,933,"a30_34","m","ao_esao_Chinese","official_lang","work.official_lang","no.married","other.attached","non.movers"
424875,933,"a45_49","f","eo_neo","official_lang","work.official_lang","no.married","apartment","non.movers"
38437,933,"a0_4","f","onao_Canadian","official_lang","work.no.official_lang","no.married","other.attached","nonmigrants.movers"
701979,933,"a0_4","m","onao_Canadian","official_lang","work.no.official_lang","no.married","other.attached","other.movers"
838522,933,"a35_39","f","ao_sao_ei","official_lang","work.official_lang","married","apartment","non.movers"
874663,933,"a25_29","m","onao_Canadian","official_lang","work.official_lang","no.married","other.attached","external.movers"
830398,933,"a55_59","m","eo_neo","official_lang","work.official_lang","married","apartment","non.movers"
811905,933,"a55_59","f","ao_esao_Chinese","official_lang","work.no.official_lang","married","single.detached.house","non.movers"
474681,933,"a55_59","f","eo_weo_German","official_lang","work.no.official_lang","married","other.attached","non.movers"
574775,933,"a45_49","m","ao_wcameo","official_lang","work.official_lang","married","other.attached","external.movers"
254423,933,"a55_59","m","eo_neo","official_lang","work.official_lang","married","other.attached","non.movers"
82254,933,"a10_14","m","ao_sao_ei","official_lang","work.no.official_lang","no.married","other.attached","non.movers"
686808,933,"a0_4","f","ao_wcameo","no.official_lang","work.no.official_lang","no.married","other.attached","other.movers"
860715,933,"a40_44","m","eo_obio","official_lang","work.official_lang","living.common.law","other.attached","other.movers"
846012,933,"a50_54","f","eo_eeo_Russian","official_lang","work.official_lang","married","other.attached","non.movers"
711053,933,"a5_9","f","eo_eeo_Russian","official_lang","work.no.official_lang","no.married","other.attached","non.movers"
179517,933,"a30_34","f","ao_sao_ei","official_lang","work.official_lang","no.married","other.attached","non.movers"
821970,933,"a5_9","m","onao_Canadian","official_lang","work.no.official_lang","no.married","other.attached","non.movers"
24886,933,"a10_14","f","lcsao","official_lang","work.no.official_lang","no.married","apartment","non.movers"
342264,933,"a30_34","m","eo_oeo","official_lang","work.official_lang","no.married","apartment","nonmigrants.movers"
542789,933,"a40_44","f","eo_eeo_Russian","official_lang","work.official_lang","married","other.attached","non.movers"
296230,933,"a55_59","m","lcsao","official_lang","work.official_lang","married","other.attached","non.movers"
850897,933,"a5_9","f","naao","official_lang","work.no.official_lang","no.married","other.attached","non.movers"
445086,933,"a50_54","m","eo_bio_Scottish","official_lang","work.official_lang","no.married","other.attached","non.movers"
789269,933,"a0_4","m","naao","official_lang","work.no.official_lang","no.married","single.detached.house","non.movers"
494767,933,"a25_29","m","eo_fo","official_lang","work.official_lang","living.common.law","other.attached","non.movers"
352465,933,"a35_39","m","eo_weo_German","official_lang","work.official_lang","living.common.law","other.attached","nonmigrants.movers"
527994,933,"a60_64","m","eo_fo","official_lang","work.official_lang","married","other.attached","non.movers"
423119,933,"a35_39","m","ao_esao_Chinese","official_lang","work.official_lang","married","apartment","non.movers"
596024,933,"a55_59","m","eo_weo_Dutch","official_lang","work.official_lang","married","apartment","nonmigrants.movers"
606251,933,"a0_4","f","naao","official_lang","work.no.official_lang","no.married","other.attached","other.movers"
810944,933,"a60_64","m","eo_bio_English","official_lang","work.no.official_lang","married","other.attached","non.movers"
812033,933,"a25_29","m","ao_esao_Chinese","official_lang","work.official_lang","no.married","apartment","non.movers"
718829,933,"a10_14","f","ao_osao","official_lang","work.no.official_lang","no.married","apartment","non.movers"
593380,933,"a0_4","m","ao_wcameo","no.official_lang","work.no.official_lang","no.married","other.attached","external.movers"
703531,933,"a45_49","m","oco","official_lang","work.official_lang","living.common.law","other.attached","non.movers"
911926,933,"a0_4","f","oco","no.official_lang","work.no.official_lang","no.married","other.attached","non.movers"
157225,933,"a45_49","m","ao_sao_ei","official_lang","work.official_lang","married","other.attached","non.movers"
722893,933,"a50_54","m","ao_osao","official_lang","work.official_lang","married","other.attached","nonmigrants.movers"
804662,933,"a60_64","m","ao_esao_Chinese","official_lang","work.no.official_lang","married","single.detached.house","non.movers"
315187,933,"a15_19","f","eo_bio_Irish","official_lang","work.no.official_lang","no.married","other.attached","non.movers"
264270,933,"a25_29","m","eo_bio_English","official_lang","work.official_lang","no.married","other.attached","non.movers"
535690,933,"a10_14","f","ao_esao_Chinese","official_lang","work.no.official_lang","no.married","other.attached","non.movers"
66360,933,"a35_39","f","ao_sao_ei","official_lang","work.official_lang","married","apartment","non.movers"
164897,933,"a40_44","f","ao_wcameo","official_lang","work.official_lang","no.married","apartment","non.movers"
18262,933,"a25_29","m","eo_bio_Scottish","official_lang","work.official_lang","no.married","other.attached","non.movers"
286572,933,"a25_29","f","ao_sao_ei","official_lang","work.official_lang","married","single.detached.house","nonmigrants.movers"
900130,933,"a85_","f","eo_fo","official_lang","work.no.official_lang","widowed","other.attached","non.movers"
381323,933,"a5_9","f","ao_sao_ei","official_lang","work.no.official_lang","no.married","single.detached.house","non.movers"
4001,933,"a75_79","m","eo_weo_German","official_lang","work.no.official_lang","married","other.attached","non.movers"
749013,933,"a0_4","m","onao_Canadian","official_lang","work.no.official_lang","no.married","other.attached","other.movers"
278586,933,"a55_59","m","eo_weo_German","official_lang","work.official_lang","married","other.attached","non.movers"
595128,933,"a10_14","m","onao_Canadian","official_lang","work.no.official_lang","no.married","single.detached.house","non.movers"
830025,933,"a45_49","m","eo_bio_English","official_lang","work.official_lang","married","other.attached","non.movers"
710595,933,"a65_69","f","ao_esao_Chinese","official_lang","work.no.official_lang","married","other.attached","external.movers"
201910,933,"a55_59","m","eo_seo_Italian","official_lang","work.official_lang","married","single.detached.house","non.movers"
315572,933,"a15_19","f","ao_osao","official_lang","work.official_lang","no.married","other.attached","non.movers"
116216,933,"a65_69","f","eo_bio_English","official_lang","work.no.official_lang","married","single.detached.house","non.movers"
784400,933,"a55_59","f","eo_seo_Spanish","official_lang","work.official_lang","living.common.law","single.detached.house","non.movers"
870338,933,"a10_14","f","onao_Canadian","official_lang","work.no.official_lang","no.married","other.attached","non.movers"
873269,933,"a55_59","f","eo_weo_German","official_lang","work.official_lang","no.married","other.attached","non.movers"
836287,933,"a50_54","m","eo_oeo","official_lang","work.official_lang","married","other.attached","non.movers"
227644,933,"a45_49","f","eo_bio_English","official_lang","work.official_lang","living.common.law","single.detached.house","nonmigrants.movers"
31758,933,"a45_49","f","eo_weo_German","official_lang","work.no.official_lang","married","single.detached.house","non.movers"
729404,933,"a55_59","f","eo_bio_English","official_lang","work.official_lang","divorced","other.attached","non.movers"
327914,933,"a45_49","m","ao_oesao","official_lang","work.official_lang","married","other.attached","non.movers"
407116,933,"a25_29","m","naao","official_lang","work.official_lang","no.married","other.attached","non.movers"
224675,933,"a55_59","f","ao_esao_Chinese","official_lang","work.official_lang","no.married","apartment","non.movers"
85654,933,"a55_59","f","eo_seo_Portuguese","official_lang","work.official_lang","married","other.attached","non.movers"
212098,933,"a40_44","m","naao","official_lang","work.no.official_lang","married","other.attached","non.movers"
584979,933,"a60_64","m","eo_bio_Irish","official_lang","work.no.official_lang","married","apartment","nonmigrants.movers"
220585,933,"a55_59","m","naao","official_lang","work.no.official_lang","married","other.attached","non.movers"
256396,933,"a0_4","m","eo_weo_German","official_lang","work.no.official_lang","no.married","other.attached","other.movers"
713598,933,"a35_39","m","eo_eeo_Polish","official_lang","work.official_lang","living.common.law","other.attached","nonmigrants.movers"
149966,933,"a45_49","m","eo_fo","official_lang","work.official_lang","living.common.law","other.attached","non.movers"
531610,933,"a65_69","f","eo_eeo_Hungarian","official_lang","work.no.official_lang","married","other.attached","non.movers"
84933,933,"a15_19","f","oo","official_lang","work.official_lang","no.married","other.attached","non.movers"
287922,933,"a30_34","m","onao_Canadian","official_lang","work.official_lang","living.common.law","other.attached","non.movers"
590039,933,"a65_69","f","eo_eeo_Russian","official_lang","work.no.official_lang","no.married","other.attached","non.movers"
561467,933,"a50_54","m","eo_weo_German","official_lang","work.official_lang","married","apartment","non.movers"
83305,933,"a30_34","f","eo_weo_German","official_lang","work.official_lang","no.married","apartment","non.movers"
290585,933,"a10_14","f","naao","official_lang","work.no.official_lang","no.married","other.attached","non.movers"
102551,933,"a35_39","m","eo_seo_Italian","official_lang","work.official_lang","no.married","other.attached","non.movers"
255289,933,"a45_49","m","eo_eeo_Ukrainian","official_lang","work.official_lang","married","other.attached","non.movers"
86867,933,"a60_64","m","eo_oweo","official_lang","work.official_lang","married","other.attached","non.movers"
656768,933,"a45_49","m","eo_neo","official_lang","work.official_lang","divorced","other.attached","non.movers"
138678,933,"a55_59","m","naao","official_lang","work.official_lang","divorced","apartment","non.movers"
712475,933,"a0_4","m","eo_seo_Spanish","official_lang","work.no.official_lang","no.married","other.attached","non.movers"
883194,933,"a50_54","f","ao_sao_ei","official_lang","work.official_lang","divorced","other.attached","non.movers"
26807,933,"a0_4","f","onao_Canadian","official_lang","work.no.official_lang","no.married","other.attached","non.movers"
610622,933,"a45_49","f","eo_eeo_Ukrainian","official_lang","work.official_lang","divorced","other.attached","non.movers"
583286,933,"a10_14","f","eo_oeo","official_lang","work.no.official_lang","no.married","other.attached","non.movers"
484918,933,"a60_64","f","onao_Canadian","official_lang","work.official_lang","married","other.attached","non.movers"
860060,933,"a30_34","f","onao_Canadian","official_lang","work.official_lang","no.married","other.attached","non.movers"
879787,933,"a25_29","m","eo_weo_German","official_lang","work.official_lang","living.common.law","other.attached","nonmigrants.movers"
476018,933,"a15_19","f","eo_fo","official_lang","work.no.official_lang","no.married","other.attached","non.movers"
227311,933,"a60_64","m","eo_bio_Scottish","official_lang","work.official_lang","married","other.attached","non.movers"
891334,933,"a15_19","f","onao_Canadian","official_lang","work.no.official_lang","no.married","other.attached","non.movers"
925367,933,"a45_49","m","eo_fo","official_lang","work.official_lang","married","other.attached","non.movers"
521498,933,"a10_14","f","eo_bio_English","official_lang","work.no.official_lang","no.married","other.attached","non.movers"
779706,933,"a30_34","m","onao_Canadian","official_lang","work.official_lang","no.married","apartment","non.movers"
578501,933,"a45_49","m","eo_bio_English","official_lang","work.official_lang","married","other.attached","non.movers"
101736,933,"a40_44","m","ao_wcameo","official_lang","work.official_lang","married","apartment","non.movers"
