"PPSORT","CMA","AGE","SEX","RACE","KOL","WORKLANG","MARST","DWEL","MOBL"
829364,933,"a35_39","f","ao_sao_ei","official_lang","work.no.official_lang","married","other.attached","non.movers"
55259,933,"a55_59","m","eo_fo","official_lang","work.official_lang","no.married","other.attached","non.movers"
39593,933,"a50_54","f","eo_weo_Dutch","official_lang","work.official_lang","married","other.attached","non.movers"
477686,933,"a25_29","m","ao_esao_Chinese","official_lang","work.no.official_lang","no.married","other.attached","other.movers"
538019,933,"a30_34","m","ao_sao_ei","official_lang","work.official_lang","married","other.attached","nonmigrants.movers"
189625,933,"a25_29","m","ao_esao_Filipino","official_lang","work.official_lang","no.married","other.attached","non.movers"
781221,933,"a20_24","f","ao_esao_Filipino","official_lang","work.official_lang","no.married","other.attached","non.movers"
558734,933,"a20_24","m","onao_Canadian","official_lang","work.no.official_lang","no.married","other.attached","non.movers"
929335,933,"a35_39","f","onao_Canadian","official_lang","work.official_lang","no.married","other.attached","external.movers"
517500,933,"a0_4","f","ao_sao_ei","no.official_lang","work.no.official_lang","no.married","other.attached","other.movers"
226045,933,"a20_24","m","eo_bio_English","official_lang","work.official_lang","no.married","other.attached","nonmigrants.movers"
159229,933,"a20_24","m","eo_bio_English","official_lang","work.official_lang","no.married","other.attached","nonmigrants.movers"
457581,933,"a5_9","m","ao_oesao","official_lang","work.no.official_lang","no.married","other.attached","non.movers"
878072,933,"a40_44","f","eo_fo","official_lang","work.official_lang","living.common.law","other.attached","non.movers"
568428,933,"a35_39","f","eo_eeo_Ukrainian","official_lang","work.no.official_lang","married","single.detached.house","non.movers"
478037,933,"a25_29","f","onao_Canadian","official_lang","work.official_lang","living.common.law","other.attached","non.movers"
928299,933,"a50_54","m","eo_weo_Dutch","official_lang","work.official_lang","divorced","other.attached","non.movers"
556385,933,"a25_29","f","onao_Canadian","official_lang","work.official_lang","no.married","other.attached","non.movers"
6720,933,"a60_64","f","ao_sao_ei","no.official_lang","work.no.official_lang","widowed","other.attached","non.movers"
611622,933,"a45_49","m","eo_bio_English","official_lang","work.official_lang","living.common.law","other.attached","non.movers"
870407,933,"a35_39","m","onao_Canadian","official_lang","work.official_lang","no.married","other.attached","non.movers"
879059,933,"a30_34","m","onao_Canadian","official_lang","work.official_lang","no.married","other.attached","non.movers"
490429,933,"a20_24","f","ao_esao_Chinese","official_lang","work.no.official_lang","no.married","other.attached","non.movers"
309898,933,"a25_29","f","eo_bio_English","official_lang","work.no.official_lang","no.married","other.attached","non.movers"
449992,933,"a20_24","m","eo_bio_English","official_lang","work.no.official_lang","no.married","other.attached","non.movers"
828871,933,"a20_24","m","ao_esao_Chinese","official_lang","work.no.official_lang","no.married","other.attached","non.movers"
316105,933,"a30_34","m","ao_sao_ei","official_lang","work.official_lang","no.married","other.attached","nonmigrants.movers"
447969,933,"a30_34","m","onao_Canadian","official_lang","work.official_lang","no.married","other.attached","nonmigrants.movers"
782345,933,"a35_39","m","ao_esao_Chinese","no.official_lang","work.no.official_lang","married","other.attached","external.movers"
788827,933,"a25_29","m","ao_esao_Chinese","official_lang","work.official_lang","no.married","other.attached","non.movers"
77312,933,"a15_19","m","onao_Canadian","official_lang","work.no.official_lang","no.married","other.attached","non.movers"
562085,933,"a40_44","m","eo_bio_English","official_lang","work.official_lang","no.married","other.attached","non.movers"
200597,933,"a20_24","f","eo_obio","official_lang","work.official_lang","no.married","other.attached","non.movers"
286041,933,"a35_39","m","ao_esao_Chinese","official_lang","work.official_lang","no.married","other.attached","non.movers"
464581,933,"a30_34","m","onao_Canadian","official_lang","work.official_lang","no.married","other.attached","other.movers"
643084,933,"a40_44","f","onao_Canadian","official_lang","work.official_lang","no.married","other.attached","non.movers"
437242,933,"a20_24","m","ao_oesao","official_lang","work.no.official_lang","no.married","other.attached","interprovincial.movers"
669232,933,"a30_34","f","ao_esao_Chinese","official_lang","work.no.official_lang","no.married","other.attached","nonmigrants.movers"
297421,933,"a30_34","f","eo_eeo_Ukrainian","official_lang","work.no.official_lang","married","other.attached","non.movers"
297421,933,"a30_34","f","eo_eeo_Ukrainian","official_lang","work.no.official_lang","married","other.attached","non.movers"
187443,933,"a50_54","m","eo_bio_English","official_lang","work.official_lang","divorced","other.attached","nonmigrants.movers"
401303,933,"a25_29","m","ao_esao_Chinese","official_lang","work.no.official_lang","no.married","other.attached","nonmigrants.movers"
254032,933,"a75_79","f","eo_fo","official_lang","work.no.official_lang","married","other.attached","non.movers"
310380,933,"a55_59","f","ao_oesao","no.official_lang","work.no.official_lang","living.common.law","other.attached","non.movers"
339150,933,"a70_74","f","eo_eeo_Ukrainian","official_lang","work.no.official_lang","divorced","other.attached","non.movers"
365033,933,"a35_39","f","eo_seo_Italian","official_lang","work.official_lang","no.married","other.attached","non.movers"
239055,933,"a75_79","f","eo_eeo_Ukrainian","official_lang","work.no.official_lang","no.married","other.attached","non.movers"
126833,933,"a65_69","m","eo_weo_German","official_lang","work.official_lang","married","other.attached","non.movers"
183274,933,"a50_54","f","eo_bio_Scottish","official_lang","work.official_lang","divorced","other.attached","non.movers"
849568,933,"a55_59","m","eo_neo","official_lang","work.no.official_lang","no.married","other.attached","non.movers"
849568,933,"a55_59","m","eo_neo","official_lang","work.no.official_lang","no.married","other.attached","non.movers"
101623,933,"a35_39","f","eo_weo_German","official_lang","work.official_lang","married","other.attached","non.movers"
299628,933,"a55_59","f","eo_bio_Irish","official_lang","work.official_lang","married","other.attached","non.movers"
195345,933,"a30_34","f","eo_obio","official_lang","work.official_lang","no.married","single.detached.house","interprovincial.movers"
205478,933,"a20_24","f","ao_esao_Chinese","official_lang","work.no.official_lang","no.married","other.attached","external.movers"
112882,933,"a40_44","m","ao_esao_Chinese","official_lang","work.official_lang","married","other.attached","non.movers"
73550,933,"a30_34","f","naao","official_lang","work.no.official_lang","living.common.law","other.attached","non.movers"
737371,933,"a20_24","m","ao_esao_Chinese","official_lang","work.no.official_lang","no.married","other.attached","non.movers"
390151,933,"a35_39","m","eo_obio","official_lang","work.official_lang","no.married","other.attached","non.movers"
264120,933,"a30_34","f","eo_bio_English","official_lang","work.official_lang","no.married","other.attached","non.movers"
136092,933,"a10_14","f","onao_Canadian","official_lang","work.no.official_lang","no.married","other.attached","interprovincial.movers"
484458,933,"a50_54","f","eo_bio_Scottish","official_lang","work.official_lang","no.married","other.attached","non.movers"
352992,933,"a30_34","m","eo_bio_Irish","official_lang","work.official_lang","living.common.law","other.attached","non.movers"
836376,933,"a35_39","m","eo_bio_Scottish","official_lang","work.official_lang","living.common.law","other.attached","nonmigrants.movers"
830869,933,"a50_54","f","eo_bio_Scottish","official_lang","work.official_lang","no.married","other.attached","non.movers"
174062,933,"a30_34","f","eo_bio_English","official_lang","work.official_lang","living.common.law","other.attached","nonmigrants.movers"
629645,933,"a40_44","m","ao_oesao","official_lang","work.official_lang","married","other.attached","nonmigrants.movers"
250939,933,"a75_79","f","ao_esao_Filipino","official_lang","work.no.official_lang","no.married","other.attached","non.movers"
239037,933,"a60_64","f","eo_neo","official_lang","work.no.official_lang","no.married","other.attached","non.movers"
332404,933,"a40_44","f","eo_weo_German","official_lang","work.official_lang","divorced","other.attached","non.movers"
715003,933,"a20_24","f","ao_oesao","official_lang","work.no.official_lang","no.married","other.attached","non.movers"
620560,933,"a20_24","f","ao_sao_ei","official_lang","work.official_lang","no.married","other.attached","non.movers"
567144,933,"a60_64","m","ao_sao_ei","no.official_lang","work.no.official_lang","married","other.attached","non.movers"
246707,933,"a15_19","m","eo_bio_Scottish","official_lang","work.no.official_lang","no.married","other.attached","external.movers"
150321,933,"a55_59","m","ao_oesao","no.official_lang","work.no.official_lang","divorced","other.attached","non.movers"
803514,933,"a0_4","f","ao_oesao","no.official_lang","work.no.official_lang","no.married","other.attached","external.movers"
798459,933,"a40_44","m","eo_fo","official_lang","work.official_lang","living.common.law","other.attached","other.movers"
790715,933,"a25_29","f","eo_seo_Spanish","official_lang","work.official_lang","no.married","other.attached","non.movers"
831641,933,"a25_29","f","naao","official_lang","work.no.official_lang","no.married","other.attached","non.movers"
849645,933,"a20_24","m","ao_esao_Chinese","no.official_lang","work.no.official_lang","no.married","other.attached","other.movers"
288859,933,"a70_74","m","eo_bio_Irish","official_lang","work.official_lang","married","other.attached","non.movers"
521968,933,"a50_54","m","eo_bio_Scottish","official_lang","work.official_lang","married","other.attached","nonmigrants.movers"
457493,933,"a20_24","f","ao_esao_Chinese","official_lang","work.official_lang","no.married","other.attached","non.movers"
637925,933,"a50_54","m","eo_seo_Italian","official_lang","work.official_lang","living.common.law","other.attached","non.movers"
414611,933,"a20_24","m","eo_weo_Dutch","official_lang","work.official_lang","no.married","other.attached","non.movers"
247405,933,"a35_39","f","eo_neo","official_lang","work.official_lang","married","other.attached","non.movers"
667631,933,"a55_59","f","onao_Canadian","official_lang","work.official_lang","living.common.law","other.attached","non.movers"
659530,933,"a40_44","m","eo_seo_Spanish","official_lang","work.official_lang","married","other.attached","non.movers"
268801,933,"a65_69","f","eo_eeo_Ukrainian","official_lang","work.official_lang","separated","other.attached","non.movers"
270924,933,"a0_4","m","ao_sao_ei","official_lang","work.no.official_lang","no.married","other.attached","other.movers"
490269,933,"a20_24","f","eo_seo_Italian","official_lang","work.official_lang","no.married","single.detached.house","external.movers"
527619,933,"a20_24","f","eo_oeo","official_lang","work.official_lang","no.married","other.attached","non.movers"
207825,933,"a20_24","m","ao_oesao","official_lang","work.official_lang","no.married","other.attached","non.movers"
195260,933,"a25_29","m","eo_eeo_Hungarian","official_lang","work.official_lang","no.married","other.attached","non.movers"
295715,933,"a35_39","f","ao_oesao","official_lang","work.no.official_lang","separated","other.attached","non.movers"
851924,933,"a30_34","m","eo_weo_German","official_lang","work.official_lang","no.married","other.attached","non.movers"
851924,933,"a30_34","m","eo_weo_German","official_lang","work.official_lang","no.married","other.attached","non.movers"
851924,933,"a30_34","m","eo_weo_German","official_lang","work.official_lang","no.married","other.attached","non.movers"
306805,933,"a45_49","m","eo_weo_German","official_lang","work.official_lang","living.common.law","other.attached","non.movers"
862699,933,"a20_24","m","ao_oesao","official_lang","work.no.official_lang","no.married","other.attached","non.movers"
358318,933,"a40_44","f","eo_bio_Scottish","official_lang","work.official_lang","living.common.law","other.attached","non.movers"
314241,933,"a60_64","m","eo_bio_Scottish","official_lang","work.official_lang","separated","other.attached","non.movers"
929326,933,"a50_54","m","eo_bio_English","official_lang","work.official_lang","no.married","other.attached","non.movers"
491475,933,"a25_29","f","eo_weo_German","official_lang","work.official_lang","no.married","other.attached","non.movers"
783017,933,"a75_79","m","eo_bio_Scottish","official_lang","work.no.official_lang","married","other.attached","non.movers"
460588,933,"a65_69","f","ao_sao_ei","official_lang","work.official_lang","widowed","other.attached","non.movers"
923999,933,"a30_34","f","eo_eeo_Ukrainian","official_lang","work.official_lang","married","other.attached","other.movers"
923999,933,"a30_34","f","eo_eeo_Ukrainian","official_lang","work.official_lang","married","other.attached","other.movers"
798652,933,"a60_64","f","eo_bio_English","official_lang","work.no.official_lang","widowed","other.attached","non.movers"
123231,933,"a25_29","m","eo_bio_English","official_lang","work.no.official_lang","no.married","other.attached","non.movers"
557230,933,"a25_29","f","eo_eeo_Ukrainian","official_lang","work.official_lang","married","other.attached","other.movers"
925116,933,"a10_14","f","eo_weo_German","official_lang","work.no.official_lang","no.married","other.attached","non.movers"
419445,933,"a70_74","m","onao_Canadian","official_lang","work.no.official_lang","no.married","other.attached","non.movers"
777823,933,"a45_49","m","ao_oesao","no.official_lang","work.official_lang","married","other.attached","non.movers"
295501,933,"a60_64","m","onao_Canadian","official_lang","work.no.official_lang","divorced","other.attached","non.movers"
124933,933,"a25_29","f","eo_bio_Scottish","official_lang","work.official_lang","no.married","other.attached","other.movers"
124933,933,"a25_29","f","eo_bio_Scottish","official_lang","work.official_lang","no.married","other.attached","other.movers"
124933,933,"a25_29","f","eo_bio_Scottish","official_lang","work.official_lang","no.married","other.attached","other.movers"
68986,933,"a25_29","f","eo_bio_Scottish","official_lang","work.official_lang","no.married","other.attached","other.movers"
68986,933,"a25_29","f","eo_bio_Scottish","official_lang","work.official_lang","no.married","other.attached","other.movers"
295185,933,"a0_4","m","onao_Canadian","official_lang","work.no.official_lang","no.married","other.attached","nonmigrants.movers"
420708,933,"a0_4","m","naao","official_lang","work.no.official_lang","no.married","other.attached","non.movers"
336305,933,"a30_34","m","onao_Canadian","official_lang","work.official_lang","no.married","other.attached","non.movers"
368396,933,"a30_34","f","ao_esao_Chinese","official_lang","work.official_lang","no.married","other.attached","nonmigrants.movers"
346306,933,"a0_4","f","ao_esao_Chinese","no.official_lang","work.no.official_lang","no.married","other.attached","other.movers"
418532,933,"a30_34","f","onao_Canadian","official_lang","work.official_lang","married","other.attached","non.movers"
551325,933,"a40_44","f","ao_esao_Chinese","official_lang","work.official_lang","married","other.attached","non.movers"
904775,933,"a20_24","f","ao_esao_Chinese","official_lang","work.official_lang","no.married","other.attached","non.movers"
239007,933,"a30_34","m","eo_fo","official_lang","work.official_lang","married","other.attached","other.movers"
239007,933,"a30_34","m","eo_fo","official_lang","work.official_lang","married","other.attached","other.movers"
650529,933,"a60_64","m","ao_esao_Filipino","official_lang","work.official_lang","divorced","other.attached","non.movers"
215681,933,"a75_79","m","eo_bio_English","official_lang","work.no.official_lang","living.common.law","other.attached","external.movers"
46197,933,"a40_44","f","eo_neo","official_lang","work.official_lang","married","other.attached","non.movers"
68454,933,"a30_34","f","onao_Canadian","official_lang","work.no.official_lang","married","other.attached","non.movers"
494849,933,"a20_24","m","ao_sao_ei","official_lang","work.no.official_lang","no.married","other.attached","nonmigrants.movers"
899365,933,"a25_29","f","eo_bio_Scottish","official_lang","work.official_lang","living.common.law","other.attached","nonmigrants.movers"
904883,933,"a25_29","m","eo_seo_Italian","official_lang","work.official_lang","living.common.law","other.attached","nonmigrants.movers"
821301,933,"a35_39","m","eo_fo","official_lang","work.official_lang","married","other.attached","non.movers"
292135,933,"a0_4","m","eo_eeo_Hungarian","no.official_lang","work.no.official_lang","no.married","other.attached","other.movers"
515780,933,"a35_39","m","ao_oesao","official_lang","work.official_lang","living.common.law","other.attached","non.movers"
916346,933,"a35_39","m","eo_bio_English","official_lang","work.official_lang","living.common.law","other.attached","non.movers"
15429,933,"a5_9","f","ao_sao_ei","official_lang","work.no.official_lang","no.married","single.detached.house","non.movers"
869925,933,"a25_29","m","ao_oesao","no.official_lang","work.official_lang","married","other.attached","non.movers"
435496,933,"a50_54","m","eo_bio_English","official_lang","work.official_lang","divorced","other.attached","non.movers"
655740,933,"a45_49","f","ao_oesao","official_lang","work.no.official_lang","living.common.law","other.attached","non.movers"
456852,933,"a40_44","f","eo_weo_German","official_lang","work.official_lang","no.married","other.attached","non.movers"
381633,933,"a25_29","f","ao_esao_Chinese","official_lang","work.official_lang","no.married","other.attached","non.movers"
358927,933,"a15_19","f","ao_oesao","official_lang","work.official_lang","no.married","other.attached","nonmigrants.movers"
652771,933,"a25_29","f","onao_Canadian","official_lang","work.official_lang","no.married","other.attached","non.movers"
460033,933,"a30_34","f","eo_weo_Dutch","official_lang","work.official_lang","no.married","other.attached","non.movers"
235488,933,"a25_29","f","ao_sao_ei","official_lang","work.official_lang","no.married","other.attached","other.movers"
41269,933,"a45_49","m","eo_bio_English","official_lang","work.official_lang","living.common.law","other.attached","non.movers"
927835,933,"a70_74","f","eo_seo_Italian","official_lang","work.official_lang","divorced","other.attached","non.movers"
257162,933,"a20_24","m","ao_esao_Chinese","no.official_lang","work.no.official_lang","no.married","other.attached","non.movers"
550865,933,"a35_39","f","onao_Canadian","official_lang","work.no.official_lang","living.common.law","other.attached","non.movers"
276123,933,"a10_14","m","onao_Canadian","official_lang","work.no.official_lang","no.married","other.attached","non.movers"
474004,933,"a35_39","f","ao_esao_Filipino","official_lang","work.official_lang","separated","other.attached","nonmigrants.movers"
341997,933,"a50_54","f","eo_weo_German","official_lang","work.official_lang","married","other.attached","other.movers"
407444,933,"a30_34","m","ao_esao_Chinese","official_lang","work.official_lang","living.common.law","other.attached","other.movers"
815995,933,"a40_44","m","eo_seo_Italian","official_lang","work.official_lang","divorced","other.attached","non.movers"
415748,933,"a0_4","m","ao_oesao","official_lang","work.no.official_lang","no.married","other.attached","non.movers"
196434,933,"a45_49","m","eo_bio_Irish","official_lang","work.official_lang","separated","other.attached","non.movers"
898424,933,"a35_39","m","eo_eeo_Ukrainian","official_lang","work.official_lang","married","other.attached","other.movers"
531827,933,"a0_4","f","eo_eeo_Ukrainian","no.official_lang","work.no.official_lang","no.married","other.attached","other.movers"
368049,933,"a20_24","f","ao_esao_Filipino","official_lang","work.no.official_lang","no.married","other.attached","non.movers"
334566,933,"a30_34","m","eo_eeo_Ukrainian","official_lang","work.no.official_lang","no.married","other.attached","non.movers"
334566,933,"a30_34","m","eo_eeo_Ukrainian","official_lang","work.no.official_lang","no.married","other.attached","non.movers"
334566,933,"a30_34","m","eo_eeo_Ukrainian","official_lang","work.no.official_lang","no.married","other.attached","non.movers"
334566,933,"a30_34","m","eo_eeo_Ukrainian","official_lang","work.no.official_lang","no.married","other.attached","non.movers"
334566,933,"a30_34","m","eo_eeo_Ukrainian","official_lang","work.no.official_lang","no.married","other.attached","non.movers"
334566,933,"a30_34","m","eo_eeo_Ukrainian","official_lang","work.no.official_lang","no.married","other.attached","non.movers"
286830,933,"a0_4","m","onao_Canadian","official_lang","work.no.official_lang","no.married","other.attached","other.movers"
425930,933,"a55_59","m","eo_neo","official_lang","work.official_lang","living.common.law","other.attached","non.movers"
344735,933,"a40_44","f","ao_oesao","official_lang","work.official_lang","no.married","other.attached","non.movers"
485662,933,"a65_69","f","eo_seo_Italian","official_lang","work.no.official_lang","divorced","other.attached","non.movers"
434848,933,"a45_49","f","eo_seo_Italian","official_lang","work.official_lang","divorced","other.attached","non.movers"
620840,933,"a20_24","m","ao_oesao","official_lang","work.official_lang","no.married","other.attached","nonmigrants.movers"
477811,933,"a30_34","f","ao_oesao","no.official_lang","work.no.official_lang","married","other.attached","non.movers"
84505,933,"a65_69","f","eo_seo_Italian","official_lang","work.no.official_lang","no.married","other.attached","non.movers"
393890,933,"a65_69","m","eo_bio_Scottish","official_lang","work.no.official_lang","married","other.attached","non.movers"
529109,933,"a30_34","f","ao_esao_Chinese","official_lang","work.official_lang","married","other.attached","non.movers"
872109,933,"a30_34","m","eo_bio_Irish","official_lang","work.official_lang","no.married","other.attached","non.movers"
872109,933,"a30_34","m","eo_bio_Irish","official_lang","work.official_lang","no.married","other.attached","non.movers"
674383,933,"a25_29","m","eo_bio_Irish","official_lang","work.official_lang","no.married","other.attached","non.movers"
543047,933,"a70_74","f","eo_bio_English","official_lang","work.no.official_lang","widowed","other.attached","non.movers"
311471,933,"a55_59","f","eo_bio_Irish","official_lang","work.no.official_lang","no.married","other.attached","non.movers"
417222,933,"a30_34","f","ao_esao_Chinese","official_lang","work.official_lang","living.common.law","other.attached","non.movers"
634296,933,"a20_24","f","ao_esao_Chinese","official_lang","work.no.official_lang","married","other.attached","nonmigrants.movers"
850653,933,"a25_29","m","eo_bio_English","official_lang","work.official_lang","no.married","single.detached.house","non.movers"
903982,933,"a30_34","f","onao_Canadian","official_lang","work.official_lang","living.common.law","other.attached","non.movers"
664921,933,"a35_39","m","onao_Canadian","official_lang","work.official_lang","living.common.law","other.attached","non.movers"
24870,933,"a40_44","f","ao_esao_Chinese","no.official_lang","work.no.official_lang","living.common.law","other.attached","non.movers"
329096,933,"a55_59","m","ao_esao_Chinese","no.official_lang","work.no.official_lang","married","other.attached","non.movers"
541295,933,"a25_29","m","eo_weo_Dutch","official_lang","work.official_lang","living.common.law","other.attached","interprovincial.movers"
541295,933,"a25_29","m","eo_weo_Dutch","official_lang","work.official_lang","living.common.law","other.attached","interprovincial.movers"
541295,933,"a25_29","m","eo_weo_Dutch","official_lang","work.official_lang","living.common.law","other.attached","interprovincial.movers"
708921,933,"a30_34","m","eo_neo","official_lang","work.official_lang","married","other.attached","non.movers"
300287,933,"a65_69","m","eo_neo","official_lang","work.no.official_lang","living.common.law","other.attached","nonmigrants.movers"
300287,933,"a65_69","m","eo_neo","official_lang","work.no.official_lang","living.common.law","other.attached","nonmigrants.movers"
846605,933,"a5_9","m","onao_Canadian","official_lang","work.no.official_lang","no.married","other.attached","other.movers"
452166,933,"a20_24","m","onao_Canadian","official_lang","work.official_lang","no.married","other.attached","non.movers"
261371,933,"a30_34","f","eo_bio_English","official_lang","work.official_lang","living.common.law","other.attached","non.movers"
72169,933,"a25_29","m","ao_sao_ei","official_lang","work.official_lang","no.married","other.attached","other.movers"
904643,933,"a50_54","f","eo_seo_Italian","official_lang","work.official_lang","married","other.attached","non.movers"
213138,933,"a25_29","f","onao_Canadian","official_lang","work.official_lang","no.married","other.attached","other.movers"
588147,933,"a30_34","m","eo_bio_Irish","official_lang","work.official_lang","living.common.law","other.attached","non.movers"
266410,933,"a15_19","f","eo_eeo_Russian","official_lang","work.no.official_lang","no.married","other.attached","non.movers"
355794,933,"a40_44","f","eo_neo","official_lang","work.official_lang","living.common.law","other.attached","non.movers"
597034,933,"a30_34","f","eo_bio_Scottish","official_lang","work.official_lang","no.married","other.attached","non.movers"
597034,933,"a30_34","f","eo_bio_Scottish","official_lang","work.official_lang","no.married","other.attached","non.movers"
371588,933,"a45_49","m","eo_obio","official_lang","work.official_lang","no.married","other.attached","non.movers"
47211,933,"a75_79","f","eo_neo","official_lang","work.no.official_lang","married","other.attached","non.movers"
135337,933,"a20_24","m","ao_oesao","official_lang","work.official_lang","no.married","other.attached","non.movers"
170948,933,"a35_39","f","ao_oesao","official_lang","work.official_lang","no.married","other.attached","non.movers"
878095,933,"a15_19","f","eo_bio_Scottish","official_lang","work.no.official_lang","no.married","other.attached","non.movers"
577738,933,"a45_49","f","eo_eeo_Ukrainian","official_lang","work.no.official_lang","separated","other.attached","non.movers"
874571,933,"a0_4","f","onao_Canadian","official_lang","work.no.official_lang","no.married","other.attached","nonmigrants.movers"
344138,933,"a25_29","f","onao_Canadian","official_lang","work.official_lang","married","other.attached","other.movers"
832301,933,"a30_34","m","onao_Canadian","official_lang","work.official_lang","living.common.law","other.attached","nonmigrants.movers"
706282,933,"a55_59","f","eo_bio_English","official_lang","work.official_lang","separated","other.attached","non.movers"
631763,933,"a50_54","m","eo_bio_English","official_lang","work.official_lang","divorced","other.attached","non.movers"
336715,933,"a35_39","f","ao_oesao","official_lang","work.no.official_lang","married","other.attached","non.movers"
880562,933,"a25_29","f","eo_eeo_Russian","official_lang","work.official_lang","no.married","other.attached","other.movers"
389158,933,"a55_59","m","eo_seo_Italian","official_lang","work.official_lang","married","other.attached","external.movers"
486497,933,"a20_24","m","eo_seo_Italian","official_lang","work.official_lang","no.married","other.attached","external.movers"
486497,933,"a20_24","m","eo_seo_Italian","official_lang","work.official_lang","no.married","other.attached","external.movers"
758965,933,"a35_39","f","ao_sao_ei","official_lang","work.official_lang","married","other.attached","non.movers"
544279,933,"a60_64","f","eo_weo_German","official_lang","work.official_lang","separated","other.attached","non.movers"
856793,933,"a0_4","m","eo_fo","official_lang","work.no.official_lang","no.married","other.attached","external.movers"
260803,933,"a55_59","f","ao_esao_Filipino","official_lang","work.official_lang","married","other.attached","non.movers"
809352,933,"a25_29","m","ao_esao_Filipino","official_lang","work.official_lang","no.married","other.attached","other.movers"
649169,933,"a25_29","m","onao_Canadian","official_lang","work.official_lang","no.married","other.attached","nonmigrants.movers"
556185,933,"a15_19","m","ao_esao_Filipino","official_lang","work.no.official_lang","no.married","other.attached","nonmigrants.movers"
615270,933,"a75_79","m","eo_eeo_Ukrainian","official_lang","work.no.official_lang","living.common.law","other.attached","non.movers"
247870,933,"a65_69","f","eo_bio_Irish","official_lang","work.no.official_lang","widowed","other.attached","non.movers"
221007,933,"a0_4","m","ao_esao_Filipino","official_lang","work.no.official_lang","no.married","other.attached","non.movers"
293162,933,"a30_34","f","ao_esao_Filipino","official_lang","work.official_lang","living.common.law","other.attached","non.movers"
585458,933,"a50_54","m","eo_bio_Scottish","official_lang","work.official_lang","no.married","other.attached","non.movers"
77945,933,"a0_4","m","ao_oesao","official_lang","work.no.official_lang","no.married","single.detached.house","other.movers"
376219,933,"a25_29","f","ao_oesao","official_lang","work.official_lang","no.married","other.attached","non.movers"
822208,933,"a30_34","m","onao_Canadian","official_lang","work.official_lang","no.married","other.attached","non.movers"
99938,933,"a65_69","f","eo_fo","official_lang","work.official_lang","married","other.attached","other.movers"
236460,933,"a35_39","m","onao_Canadian","official_lang","work.official_lang","no.married","other.attached","interprovincial.movers"
236460,933,"a35_39","m","onao_Canadian","official_lang","work.official_lang","no.married","other.attached","interprovincial.movers"
197417,933,"a60_64","f","onao_Canadian","official_lang","work.official_lang","married","other.attached","other.movers"
366035,933,"a65_69","f","eo_obio","official_lang","work.no.official_lang","married","other.attached","non.movers"
503780,933,"a30_34","m","eo_obio","official_lang","work.official_lang","no.married","other.attached","nonmigrants.movers"
503780,933,"a30_34","m","eo_obio","official_lang","work.official_lang","no.married","other.attached","nonmigrants.movers"
503780,933,"a30_34","m","eo_obio","official_lang","work.official_lang","no.married","other.attached","nonmigrants.movers"
69576,933,"a50_54","f","eo_bio_Scottish","official_lang","work.official_lang","divorced","other.attached","non.movers"
356454,933,"a35_39","m","ao_esao_Chinese","official_lang","work.official_lang","no.married","other.attached","non.movers"
97833,933,"a25_29","m","ao_esao_Chinese","official_lang","work.official_lang","no.married","other.attached","non.movers"
78016,933,"a65_69","m","eo_bio_Irish","official_lang","work.no.official_lang","married","other.attached","non.movers"
521971,933,"a55_59","f","eo_weo_German","official_lang","work.official_lang","married","other.attached","non.movers"
162397,933,"a60_64","m","onao_Canadian","official_lang","work.no.official_lang","divorced","other.attached","non.movers"
204939,933,"a40_44","m","eo_bio_English","official_lang","work.official_lang","married","other.attached","non.movers"
39027,933,"a30_34","m","eo_bio_Irish","official_lang","work.official_lang","married","other.attached","nonmigrants.movers"
98078,933,"a30_34","f","naao","official_lang","work.official_lang","no.married","other.attached","non.movers"
201137,933,"a0_4","f","naao","official_lang","work.no.official_lang","no.married","other.attached","other.movers"
855974,933,"a20_24","m","onao_Canadian","official_lang","work.official_lang","no.married","other.attached","nonmigrants.movers"
700828,933,"a25_29","m","eo_bio_Irish","official_lang","work.no.official_lang","no.married","other.attached","non.movers"
697455,933,"a55_59","m","onao_Canadian","official_lang","work.no.official_lang","married","other.attached","non.movers"
824015,933,"a30_34","f","ao_esao_Chinese","official_lang","work.official_lang","no.married","other.attached","non.movers"
388271,933,"a50_54","m","ao_esao_Chinese","no.official_lang","work.no.official_lang","married","other.attached","non.movers"
386991,933,"a30_34","f","eo_weo_Dutch","official_lang","work.official_lang","no.married","other.attached","non.movers"
87252,933,"a35_39","m","ao_esao_Chinese","official_lang","work.official_lang","married","other.attached","non.movers"
670391,933,"a40_44","f","ao_sao_ei","official_lang","work.no.official_lang","separated","other.attached","nonmigrants.movers"
137134,933,"a30_34","f","ao_esao_Chinese","official_lang","work.no.official_lang","no.married","other.attached","other.movers"
219112,933,"a25_29","m","eo_weo_German","official_lang","work.official_lang","no.married","other.attached","nonmigrants.movers"
219112,933,"a25_29","m","eo_weo_German","official_lang","work.official_lang","no.married","other.attached","nonmigrants.movers"
219112,933,"a25_29","m","eo_weo_German","official_lang","work.official_lang","no.married","other.attached","nonmigrants.movers"
41685,933,"a35_39","f","eo_eeo_Russian","official_lang","work.official_lang","married","other.attached","external.movers"
136842,933,"a45_49","f","eo_obio","official_lang","work.official_lang","married","other.attached","non.movers"
851031,933,"a50_54","f","eo_weo_German","official_lang","work.official_lang","no.married","single.detached.house","non.movers"
803698,933,"a0_4","m","ao_esao_Chinese","no.official_lang","work.no.official_lang","no.married","other.attached","external.movers"
289559,933,"a55_59","f","ao_sao_ei","official_lang","work.official_lang","married","other.attached","non.movers"
467066,933,"a30_34","f","eo_bio_Scottish","official_lang","work.official_lang","no.married","other.attached","non.movers"
151144,933,"a35_39","m","eo_seo_Italian","official_lang","work.official_lang","married","other.attached","non.movers"
329218,933,"a20_24","f","onao_Canadian","official_lang","work.official_lang","no.married","other.attached","nonmigrants.movers"
573481,933,"a60_64","f","eo_weo_German","official_lang","work.official_lang","no.married","other.attached","non.movers"
201778,933,"a5_9","f","onao_Canadian","official_lang","work.no.official_lang","no.married","other.attached","non.movers"
374717,933,"a55_59","f","eo_eeo_Ukrainian","official_lang","work.official_lang","married","other.attached","nonmigrants.movers"
605303,933,"a25_29","m","eo_fo","official_lang","work.official_lang","living.common.law","other.attached","non.movers"
605303,933,"a25_29","m","eo_fo","official_lang","work.official_lang","living.common.law","other.attached","non.movers"
674269,933,"a70_74","m","eo_bio_English","official_lang","work.no.official_lang","living.common.law","other.attached","non.movers"
169234,933,"a40_44","m","ao_oesao","no.official_lang","work.no.official_lang","no.married","other.attached","external.movers"
735451,933,"a65_69","f","ao_esao_Filipino","official_lang","work.no.official_lang","widowed","other.attached","non.movers"
613537,933,"a30_34","f","eo_eeo_Ukrainian","official_lang","work.official_lang","married","other.attached","non.movers"
216866,933,"a20_24","m","ao_oesao","official_lang","work.official_lang","no.married","other.attached","non.movers"
37547,933,"a30_34","m","eo_bio_Irish","official_lang","work.official_lang","living.common.law","other.attached","non.movers"
571024,933,"a35_39","f","ao_esao_Chinese","official_lang","work.no.official_lang","married","other.attached","external.movers"
601534,933,"a40_44","m","eo_weo_German","official_lang","work.official_lang","living.common.law","other.attached","non.movers"
883995,933,"a75_79","m","eo_bio_Scottish","official_lang","work.no.official_lang","widowed","other.attached","non.movers"
810372,933,"a35_39","f","ao_oesao","official_lang","work.official_lang","no.married","other.attached","other.movers"
810907,933,"a50_54","m","eo_eeo_Hungarian","official_lang","work.no.official_lang","no.married","other.attached","non.movers"
840203,933,"a40_44","m","eo_bio_Scottish","official_lang","work.official_lang","married","other.attached","non.movers"
840489,933,"a30_34","m","onao_Canadian","official_lang","work.official_lang","married","other.attached","non.movers"
690919,933,"a20_24","m","oo","official_lang","work.official_lang","no.married","other.attached","non.movers"
445918,933,"a50_54","f","eo_neo","official_lang","work.official_lang","living.common.law","other.attached","non.movers"
604349,933,"a65_69","m","eo_weo_German","official_lang","work.no.official_lang","widowed","other.attached","non.movers"
89460,933,"a25_29","m","eo_weo_German","official_lang","work.official_lang","no.married","other.attached","non.movers"
89460,933,"a25_29","m","eo_weo_German","official_lang","work.official_lang","no.married","other.attached","non.movers"
41772,933,"a35_39","f","eo_fo","official_lang","work.official_lang","married","other.attached","non.movers"
605393,933,"a30_34","m","onao_Canadian","official_lang","work.official_lang","no.married","other.attached","nonmigrants.movers"
335501,933,"a50_54","m","eo_eeo_Ukrainian","official_lang","work.official_lang","married","other.attached","non.movers"
515153,933,"a15_19","m","ao_esao_Filipino","official_lang","work.no.official_lang","no.married","other.attached","non.movers"
278330,933,"a55_59","f","eo_bio_English","official_lang","work.official_lang","no.married","other.attached","non.movers"
604170,933,"a30_34","f","ao_esao_Chinese","no.official_lang","work.no.official_lang","married","other.attached","other.movers"
537129,933,"a65_69","m","eo_obio","official_lang","work.no.official_lang","married","other.attached","non.movers"
333253,933,"a35_39","m","eo_neo","official_lang","work.official_lang","married","other.attached","non.movers"
6063,933,"a25_29","m","eo_bio_English","official_lang","work.no.official_lang","living.common.law","other.attached","nonmigrants.movers"
36051,933,"a30_34","f","ao_oesao","official_lang","work.no.official_lang","divorced","other.attached","nonmigrants.movers"
492250,933,"a40_44","f","eo_seo_Italian","official_lang","work.no.official_lang","married","other.attached","other.movers"
569181,933,"a35_39","m","eo_weo_German","official_lang","work.official_lang","living.common.law","single.detached.house","non.movers"
583559,933,"a65_69","m","eo_obio","official_lang","work.official_lang","living.common.law","other.attached","non.movers"
72642,933,"a30_34","m","eo_weo_Dutch","official_lang","work.official_lang","no.married","other.attached","non.movers"
383563,933,"a45_49","m","eo_bio_Irish","official_lang","work.official_lang","married","other.attached","non.movers"
830121,933,"a65_69","f","eo_eeo_Hungarian","official_lang","work.no.official_lang","married","other.attached","non.movers"
259557,933,"a50_54","m","onao_Canadian","official_lang","work.official_lang","separated","other.attached","nonmigrants.movers"
203538,933,"a50_54","m","eo_bio_Scottish","official_lang","work.official_lang","married","other.attached","non.movers"
538462,933,"a30_34","f","ao_esao_Chinese","official_lang","work.official_lang","living.common.law","other.attached","non.movers"
674393,933,"a60_64","m","onao_Canadian","official_lang","work.official_lang","divorced","other.attached","non.movers"
115063,933,"a45_49","m","eo_bio_Scottish","official_lang","work.official_lang","married","other.attached","non.movers"
449787,933,"a45_49","f","eo_weo_German","official_lang","work.official_lang","living.common.law","other.attached","non.movers"
879740,933,"a30_34","f","ao_sao_ei","official_lang","work.official_lang","married","other.attached","non.movers"
209514,933,"a25_29","f","eo_fo","official_lang","work.official_lang","married","other.attached","non.movers"
27925,933,"a0_4","f","eo_eeo_Russian","official_lang","work.no.official_lang","no.married","other.attached","other.movers"
37030,933,"a25_29","f","eo_bio_Irish","official_lang","work.official_lang","living.common.law","other.attached","non.movers"
424515,933,"a35_39","m","eo_weo_German","official_lang","work.official_lang","no.married","other.attached","non.movers"
781609,933,"a30_34","m","eo_bio_Scottish","official_lang","work.official_lang","married","other.attached","non.movers"
356955,933,"a60_64","f","eo_bio_Scottish","official_lang","work.official_lang","married","other.attached","non.movers"
592503,933,"a65_69","f","eo_bio_Irish","official_lang","work.official_lang","widowed","other.attached","non.movers"
707404,933,"a55_59","f","eo_weo_German","official_lang","work.official_lang","married","other.attached","nonmigrants.movers"
153546,933,"a65_69","f","eo_weo_German","official_lang","work.official_lang","no.married","other.attached","other.movers"
153546,933,"a65_69","f","eo_weo_German","official_lang","work.official_lang","no.married","other.attached","other.movers"
854133,933,"a20_24","f","naao","official_lang","work.official_lang","no.married","other.attached","non.movers"
165938,933,"a65_69","f","eo_bio_Irish","official_lang","work.no.official_lang","widowed","other.attached","non.movers"
677540,933,"a45_49","f","naao","official_lang","work.official_lang","married","other.attached","non.movers"
799998,933,"a20_24","m","onao_Canadian","no.official_lang","work.no.official_lang","no.married","other.attached","non.movers"
514346,933,"a20_24","m","ao_esao_Chinese","official_lang","work.official_lang","no.married","other.attached","non.movers"
512533,933,"a15_19","m","eo_eeo_Hungarian","official_lang","work.official_lang","no.married","other.attached","non.movers"
471956,933,"a30_34","m","ao_esao_Chinese","official_lang","work.official_lang","no.married","other.attached","non.movers"
505861,933,"a55_59","m","eo_weo_German","official_lang","work.official_lang","separated","other.attached","non.movers"
127318,933,"a35_39","m","eo_fo","official_lang","work.official_lang","living.common.law","other.attached","non.movers"
127318,933,"a35_39","m","eo_fo","official_lang","work.official_lang","living.common.law","other.attached","non.movers"
428752,933,"a15_19","f","ao_oesao","official_lang","work.official_lang","no.married","other.attached","non.movers"
690569,933,"a45_49","m","eo_weo_German","official_lang","work.official_lang","married","other.attached","non.movers"
530947,933,"a35_39","f","ao_sao_ei","official_lang","work.official_lang","no.married","other.attached","non.movers"
578188,933,"a45_49","m","ao_sao_ei","official_lang","work.official_lang","divorced","other.attached","non.movers"
531660,933,"a30_34","f","onao_Canadian","official_lang","work.no.official_lang","living.common.law","other.attached","non.movers"
306875,933,"a20_24","f","ao_oesao","official_lang","work.official_lang","no.married","other.attached","non.movers"
705988,933,"a30_34","m","eo_fo","official_lang","work.official_lang","living.common.law","other.attached","non.movers"
705988,933,"a30_34","m","eo_fo","official_lang","work.official_lang","living.common.law","other.attached","non.movers"
705988,933,"a30_34","m","eo_fo","official_lang","work.official_lang","living.common.law","other.attached","non.movers"
643114,933,"a25_29","f","ao_oesao","official_lang","work.no.official_lang","no.married","other.attached","external.movers"
747406,933,"a40_44","m","eo_bio_Irish","official_lang","work.official_lang","married","other.attached","non.movers"
510561,933,"a35_39","f","eo_eeo_Hungarian","official_lang","work.official_lang","living.common.law","other.attached","non.movers"
790695,933,"a40_44","f","eo_neo","official_lang","work.no.official_lang","no.married","other.attached","non.movers"
790695,933,"a40_44","f","eo_neo","official_lang","work.no.official_lang","no.married","other.attached","non.movers"
416315,933,"a20_24","f","ao_esao_Chinese","official_lang","work.official_lang","no.married","other.attached","non.movers"
51502,933,"a45_49","f","eo_eeo_Ukrainian","official_lang","work.official_lang","no.married","other.attached","non.movers"
51502,933,"a45_49","f","eo_eeo_Ukrainian","official_lang","work.official_lang","no.married","other.attached","non.movers"
586551,933,"a30_34","m","eo_eeo_Russian","official_lang","work.official_lang","married","other.attached","non.movers"
165849,933,"a55_59","m","eo_bio_Scottish","official_lang","work.official_lang","married","other.attached","nonmigrants.movers"
797480,933,"a60_64","f","eo_eeo_Russian","official_lang","work.official_lang","married","other.attached","non.movers"
903061,933,"a30_34","m","ao_sao_ei","official_lang","work.official_lang","married","other.attached","interprovincial.movers"
651674,933,"a65_69","m","eo_fo","official_lang","work.official_lang","married","other.attached","non.movers"
322489,933,"a40_44","m","eo_bio_Scottish","official_lang","work.official_lang","living.common.law","other.attached","non.movers"
223392,933,"a30_34","m","onao_Canadian","official_lang","work.no.official_lang","no.married","other.attached","non.movers"
85587,933,"a60_64","f","eo_eeo_Ukrainian","official_lang","work.no.official_lang","no.married","other.attached","non.movers"
178701,933,"a40_44","f","ao_oesao","no.official_lang","work.no.official_lang","divorced","other.attached","nonmigrants.movers"
731783,933,"a30_34","f","onao_Canadian","official_lang","work.official_lang","married","other.attached","non.movers"
478660,933,"a55_59","f","onao_Canadian","official_lang","work.official_lang","separated","other.attached","non.movers"
874663,933,"a25_29","m","onao_Canadian","official_lang","work.official_lang","no.married","other.attached","external.movers"
874663,933,"a25_29","m","onao_Canadian","official_lang","work.official_lang","no.married","other.attached","external.movers"
546941,933,"a20_24","f","ao_esao_Filipino","official_lang","work.official_lang","no.married","other.attached","non.movers"
132638,933,"a20_24","m","naao","official_lang","work.official_lang","no.married","other.attached","interprovincial.movers"
132638,933,"a20_24","m","naao","official_lang","work.official_lang","no.married","other.attached","interprovincial.movers"
132638,933,"a20_24","m","naao","official_lang","work.official_lang","no.married","other.attached","interprovincial.movers"
33189,933,"a35_39","f","eo_weo_Dutch","official_lang","work.official_lang","married","other.attached","other.movers"
132326,933,"a5_9","m","eo_seo_Italian","official_lang","work.no.official_lang","no.married","other.attached","non.movers"
846156,933,"a20_24","f","onao_Canadian","official_lang","work.official_lang","no.married","other.attached","non.movers"
694284,933,"a25_29","f","eo_bio_Irish","official_lang","work.official_lang","no.married","other.attached","non.movers"
343198,933,"a20_24","m","ao_oesao","official_lang","work.official_lang","living.common.law","other.attached","other.movers"
205915,933,"a30_34","f","ao_esao_Chinese","official_lang","work.official_lang","living.common.law","other.attached","non.movers"
548552,933,"a0_4","f","onao_Canadian","official_lang","work.no.official_lang","no.married","other.attached","other.movers"
798340,933,"a15_19","m","ao_oesao","official_lang","work.no.official_lang","no.married","other.attached","non.movers"
461491,933,"a75_79","m","eo_bio_English","official_lang","work.no.official_lang","married","other.attached","non.movers"
548759,933,"a40_44","m","eo_fo","official_lang","work.official_lang","living.common.law","other.attached","non.movers"
565986,933,"a50_54","m","ao_esao_Filipino","official_lang","work.official_lang","divorced","other.attached","non.movers"
393299,933,"a35_39","m","eo_eeo_Ukrainian","official_lang","work.official_lang","living.common.law","other.attached","non.movers"
393299,933,"a35_39","m","eo_eeo_Ukrainian","official_lang","work.official_lang","living.common.law","other.attached","non.movers"
15056,933,"a25_29","f","onao_Canadian","official_lang","work.official_lang","no.married","other.attached","other.movers"
494767,933,"a25_29","m","eo_fo","official_lang","work.official_lang","living.common.law","other.attached","non.movers"
494767,933,"a25_29","m","eo_fo","official_lang","work.official_lang","living.common.law","other.attached","non.movers"
352465,933,"a35_39","m","eo_weo_German","official_lang","work.official_lang","living.common.law","other.attached","nonmigrants.movers"
352465,933,"a35_39","m","eo_weo_German","official_lang","work.official_lang","living.common.law","other.attached","nonmigrants.movers"
902224,933,"a35_39","m","eo_neo","official_lang","work.official_lang","married","other.attached","non.movers"
377106,933,"a30_34","f","eo_bio_English","official_lang","work.official_lang","married","other.attached","non.movers"
684952,933,"a25_29","m","eo_bio_English","official_lang","work.official_lang","married","other.attached","other.movers"
456999,933,"a30_34","f","eo_seo_Spanish","official_lang","work.official_lang","married","other.attached","other.movers"
561463,933,"a30_34","m","eo_bio_Irish","official_lang","work.official_lang","married","other.attached","nonmigrants.movers"
120905,933,"a15_19","m","eo_seo_Italian","official_lang","work.official_lang","no.married","other.attached","non.movers"
151768,933,"a55_59","f","eo_eeo_Russian","official_lang","work.official_lang","married","other.attached","non.movers"
90699,933,"a25_29","m","eo_eeo_Russian","official_lang","work.official_lang","no.married","other.attached","non.movers"
249398,933,"a20_24","m","onao_Canadian","official_lang","work.no.official_lang","no.married","other.attached","non.movers"
473636,933,"a25_29","f","ao_oesao","official_lang","work.no.official_lang","married","other.attached","non.movers"
248568,933,"a30_34","m","eo_bio_Scottish","official_lang","work.official_lang","married","other.attached","interprovincial.movers"
248568,933,"a30_34","m","eo_bio_Scottish","official_lang","work.official_lang","married","other.attached","interprovincial.movers"
372154,933,"a50_54","m","onao_Canadian","official_lang","work.official_lang","no.married","other.attached","non.movers"
452753,933,"a30_34","m","ao_sao_ei","official_lang","work.official_lang","no.married","other.attached","non.movers"
397077,933,"a75_79","f","eo_bio_Scottish","official_lang","work.official_lang","divorced","other.attached","non.movers"
138677,933,"a65_69","m","eo_eeo_Ukrainian","official_lang","work.official_lang","widowed","other.attached","non.movers"
216885,933,"a55_59","f","ao_esao_Filipino","official_lang","work.official_lang","widowed","other.attached","non.movers"
887648,933,"a60_64","m","onao_Canadian","official_lang","work.official_lang","living.common.law","other.attached","non.movers"
689322,933,"a25_29","f","eo_weo_German","official_lang","work.no.official_lang","living.common.law","other.attached","nonmigrants.movers"
689322,933,"a25_29","f","eo_weo_German","official_lang","work.no.official_lang","living.common.law","other.attached","nonmigrants.movers"
853426,933,"a30_34","m","onao_Canadian","official_lang","work.official_lang","living.common.law","other.attached","non.movers"
252506,933,"a20_24","m","onao_Canadian","official_lang","work.no.official_lang","no.married","other.attached","non.movers"
18262,933,"a25_29","m","eo_bio_Scottish","official_lang","work.official_lang","no.married","other.attached","non.movers"
118543,933,"a35_39","f","onao_Canadian","official_lang","work.official_lang","no.married","other.attached","nonmigrants.movers"
278586,933,"a55_59","m","eo_weo_German","official_lang","work.official_lang","married","other.attached","non.movers"
609251,933,"a25_29","f","eo_weo_Dutch","official_lang","work.official_lang","married","other.attached","other.movers"
596504,933,"a45_49","f","ao_esao_Filipino","official_lang","work.no.official_lang","divorced","other.attached","nonmigrants.movers"
233952,933,"a20_24","f","ao_oesao","official_lang","work.official_lang","no.married","other.attached","non.movers"
753774,933,"a55_59","f","eo_bio_Scottish","official_lang","work.official_lang","living.common.law","other.attached","non.movers"
803873,933,"a65_69","f","eo_eeo_Ukrainian","official_lang","work.no.official_lang","living.common.law","other.attached","non.movers"
266014,933,"a40_44","f","ao_esao_Chinese","official_lang","work.no.official_lang","married","other.attached","non.movers"
416321,933,"a25_29","f","eo_bio_Irish","official_lang","work.official_lang","no.married","other.attached","non.movers"
122417,933,"a35_39","f","ao_esao_Filipino","official_lang","work.official_lang","no.married","other.attached","external.movers"
873269,933,"a55_59","f","eo_weo_German","official_lang","work.official_lang","no.married","other.attached","non.movers"
826576,933,"a20_24","f","eo_bio_English","official_lang","work.official_lang","no.married","other.attached","non.movers"
197193,933,"a15_19","m","naao","official_lang","work.no.official_lang","no.married","other.attached","non.movers"
126930,933,"a10_14","f","naao","official_lang","work.no.official_lang","no.married","other.attached","non.movers"
371455,933,"a45_49","f","ao_sao_ei","official_lang","work.official_lang","separated","other.attached","non.movers"
174283,933,"a40_44","f","eo_eeo_Hungarian","official_lang","work.no.official_lang","married","other.attached","other.movers"
34889,933,"a0_4","f","eo_eeo_Hungarian","official_lang","work.no.official_lang","no.married","other.attached","interprovincial.movers"
353962,933,"a30_34","m","onao_Canadian","official_lang","work.official_lang","no.married","other.attached","non.movers"
880804,933,"a20_24","f","ao_esao_Chinese","official_lang","work.no.official_lang","married","other.attached","non.movers"
253902,933,"a55_59","f","eo_obio","official_lang","work.official_lang","widowed","other.attached","non.movers"
23712,933,"a30_34","f","naao","official_lang","work.no.official_lang","no.married","other.attached","non.movers"
455763,933,"a20_24","m","eo_bio_Irish","official_lang","work.no.official_lang","no.married","other.attached","non.movers"
560399,933,"a70_74","f","eo_bio_English","official_lang","work.no.official_lang","married","other.attached","non.movers"
207830,933,"a35_39","m","ao_sao_ei","official_lang","work.official_lang","married","other.attached","non.movers"
376902,933,"a45_49","m","eo_obio","official_lang","work.official_lang","living.common.law","other.attached","non.movers"
272764,933,"a40_44","m","ao_esao_Chinese","official_lang","work.official_lang","no.married","other.attached","non.movers"
139288,933,"a5_9","f","onao_Canadian","official_lang","work.no.official_lang","no.married","other.attached","non.movers"
132010,933,"a75_79","f","eo_weo_German","official_lang","work.official_lang","divorced","other.attached","non.movers"
323423,933,"a50_54","m","eo_oeo","official_lang","work.official_lang","married","other.attached","non.movers"
102551,933,"a35_39","m","eo_seo_Italian","official_lang","work.official_lang","no.married","other.attached","non.movers"
759549,933,"a40_44","m","eo_eeo_Ukrainian","official_lang","work.official_lang","divorced","other.attached","other.movers"
759549,933,"a40_44","m","eo_eeo_Ukrainian","official_lang","work.official_lang","divorced","other.attached","other.movers"
302379,933,"a25_29","m","eo_weo_German","official_lang","work.official_lang","living.common.law","other.attached","non.movers"
302379,933,"a25_29","m","eo_weo_German","official_lang","work.official_lang","living.common.law","other.attached","non.movers"
656768,933,"a45_49","m","eo_neo","official_lang","work.official_lang","divorced","other.attached","non.movers"
255576,933,"a20_24","f","onao_Canadian","official_lang","work.official_lang","no.married","other.attached","interprovincial.movers"
124221,933,"a50_54","m","eo_weo_German","official_lang","work.official_lang","married","single.detached.house","non.movers"
926094,933,"a65_69","f","eo_bio_Irish","official_lang","work.official_lang","living.common.law","other.attached","non.movers"
610622,933,"a45_49","f","eo_eeo_Ukrainian","official_lang","work.official_lang","divorced","other.attached","non.movers"
590787,933,"a35_39","f","ao_oesao","official_lang","work.no.official_lang","married","other.attached","non.movers"
661010,933,"a35_39","f","eo_bio_Irish","official_lang","work.official_lang","no.married","single.detached.house","non.movers"
571188,933,"a0_4","f","ao_sao_ei","official_lang","work.no.official_lang","no.married","other.attached","non.movers"
2435,933,"a25_29","m","ao_sao_ei","official_lang","work.official_lang","no.married","single.detached.house","non.movers"
543,933,"a55_59","f","eo_oeo","official_lang","work.official_lang","living.common.law","other.attached","non.movers"
298840,933,"a65_69","f","naao","official_lang","work.no.official_lang","married","other.attached","non.movers"
647725,933,"a25_29","f","eo_eeo_Russian","official_lang","work.official_lang","married","other.attached","nonmigrants.movers"
862429,933,"a60_64","m","eo_eeo_Hungarian","official_lang","work.no.official_lang","no.married","other.attached","other.movers"
599862,933,"a30_34","m","ao_sao_ei","official_lang","work.no.official_lang","no.married","other.attached","non.movers"
498301,933,"a65_69","f","ao_sao_ei","no.official_lang","work.no.official_lang","married","other.attached","non.movers"
279542,933,"a35_39","f","eo_bio_Scottish","official_lang","work.official_lang","married","other.attached","other.movers"
860060,933,"a30_34","f","onao_Canadian","official_lang","work.official_lang","no.married","other.attached","non.movers"
879787,933,"a25_29","m","eo_weo_German","official_lang","work.official_lang","living.common.law","other.attached","nonmigrants.movers"
879787,933,"a25_29","m","eo_weo_German","official_lang","work.official_lang","living.common.law","other.attached","nonmigrants.movers"
476018,933,"a15_19","f","eo_fo","official_lang","work.no.official_lang","no.married","other.attached","non.movers"
131794,933,"a30_34","m","eo_bio_English","official_lang","work.official_lang","living.common.law","other.attached","nonmigrants.movers"
530352,933,"a20_24","m","ao_esao_Chinese","official_lang","work.official_lang","no.married","other.attached","interprovincial.movers"
242535,933,"a25_29","f","eo_seo_Italian","official_lang","work.no.official_lang","no.married","other.attached","non.movers"
891334,933,"a15_19","f","onao_Canadian","official_lang","work.no.official_lang","no.married","other.attached","non.movers"
68606,933,"a50_54","f","eo_bio_English","official_lang","work.official_lang","no.married","other.attached","non.movers"
690589,933,"a50_54","m","eo_eeo_Ukrainian","official_lang","work.official_lang","no.married","other.attached","non.movers"
383136,933,"a25_29","m","eo_bio_Scottish","official_lang","work.official_lang","living.common.law","other.attached","other.movers"
310835,933,"a20_24","m","ao_oesao","official_lang","work.no.official_lang","no.married","other.attached","non.movers"
31493,933,"a5_9","f","eo_seo_Spanish","official_lang","work.no.official_lang","no.married","other.attached","non.movers"
188350,933,"a40_44","f","ao_sao_ei","official_lang","work.official_lang","no.married","other.attached","non.movers"
928743,933,"a75_79","f","eo_weo_German","official_lang","work.no.official_lang","widowed","other.attached","non.movers"
