PPSORT,CMA,AGE,SEX,RACE
359002,933,m,a65_69,eo_neo
718549,933,f,a15_19,eo_obio
556933,933,m,a15_19,ao_esao_Filipino
155043,933,m,a15_19,ao_sao_ei
125653,933,f,a50_54,eo_eeo_Ukrainian
90993,933,m,a45_49,naao
260215,933,f,a80_84,ao_esao_Chinese
373339,933,m,a50_54,eo_fo
428185,933,f,a0_4,eo_eeo_Russian
878907,933,f,a50_54,ao_esao_Chinese
181442,933,f,a70_74,eo_bio_English
623049,933,f,a15_19,ao_sao_ei
175126,933,f,a40_44,ao_sao_ei
829364,933,f,a0_4,ao_esao_Chinese
85071,933,m,a65_69,eo_weo_Dutch
396811,933,f,a50_54,ao_sao_ei
464446,933,m,a50_54,eo_bio_Irish
682514,933,m,a40_44,ao_esao_Chinese
557859,933,m,a60_64,ao_sao_ei
802543,933,f,a20_24,ao_sao_ei
342545,933,f,a60_64,ao
430921,933,f,a35_39,ao_esao_Filipino
365301,933,m,a10_14,ao_sao_ei
704618,933,m,a45_49,eo_neo
318740,933,m,a15_19,ao_sao_ei
847778,933,m,a35_39,ao_sao_ei
881135,933,m,a55_59,eo_bio_English
772261,933,m,a0_4,ao_sao_ei
633401,933,m,a45_49,ao_esao_Chinese
697314,933,f,a45_49,ao_sao_ei
560479,933,f,a20_24,ao_esao_Filipino
163552,933,f,a60_64,eo_fo
668097,933,m,a70_74,eo_bio_English
6426,933,f,a60_64,ao_esao_Chinese
883785,933,f,a70_74,ao_esao_Chinese
647003,933,f,a20_24,naao
532137,933,m,a50_54,eo_bio_Scottish
334403,933,f,a50_54,eo_eeo_Russian
807730,933,f,a50_54,ao_sao_ei
587576,933,m,a60_64,eo_eeo_Ukrainian
462142,933,f,a80_84,ao
107584,933,f,a45_49,ao_sao_ei
188363,933,f,a50_54,ao_sao_ei
497112,933,m,a50_54,eo_eeo_Polish
450913,933,m,a50_54,eo_weo_Dutch
316704,933,m,a35_39,eo_weo_German
804962,933,m,a80_84,ao_esao_Chinese
345497,933,f,a15_19,ao_esao_Chinese
446368,933,m,a65_69,ao_esao_Chinese
300158,933,m,a55_59,eo_eeo_Russian
179862,933,m,a65_69,ao_esao_Chinese
861817,933,m,a55_59,ao_esao_Filipino
200980,933,f,a45_49,ao_esao_Chinese
351882,933,f,a0_4,ao
217532,933,f,a85_,ao_sao_ei
779142,933,m,a55_59,eo_bio_English
804686,933,m,a20_24,onao_Canadian
25756,933,f,a50_54,eo_bio_Irish
16355,933,f,a50_54,ao_sao_ei
828141,933,f,a25_29,ao_sao_ei
734098,933,f,a10_14,ao_esao_Filipino
686521,933,m,a60_64,ao_sao_ei
17850,933,m,a40_44,eo_eeo_Ukrainian
77421,933,f,a50_54,ao_sao_ei
451735,933,f,a10_14,onao_Canadian
884090,933,f,a20_24,ao_sao_ei
390505,933,m,a35_39,eo_eeo_Polish
770820,933,f,a10_14,ao_sao_ei
214684,933,f,a20_24,ao_sao_ei
651560,933,f,a55_59,eo_bio_Irish
6552,933,m,a0_4,ao
259467,933,m,a65_69,eo_bio_English
781175,933,f,a15_19,eo_oweo
864385,933,f,a15_19,onao_Canadian
348030,933,f,a20_24,ao_esao_Chinese
375515,933,f,a20_24,ao_sao_ei
268137,933,f,a30_34,ao_esao_Chinese
738877,933,f,a85_,ao_esao_Filipino
281331,933,f,a35_39,eo_bio_Scottish
273939,933,f,a10_14,ao_esao_Chinese
350651,933,m,a25_29,ao_esao_Chinese
626766,933,f,a30_34,ao_sao_ei
415317,933,f,a5_9,ao_sao_ei
458720,933,f,a15_19,ao_esao_Chinese
55259,933,f,a15_19,onao_Canadian
144928,933,f,a55_59,ao_sao_ei
707828,933,f,a15_19,eo_oweo
326350,933,f,a60_64,onao_Canadian
396028,933,m,a20_24,ao_sao_ei
668680,933,f,a50_54,ao_sao_ei
106590,933,m,a55_59,ao_sao_ei
206492,933,m,a35_39,onao_Canadian
677523,933,f,a50_54,eo_bio_Scottish
569424,933,f,a10_14,eo_bio_English
367698,933,f,a60_64,eo_bio_English
494422,933,m,a35_39,onao_Canadian
613604,933,m,a30_34,ao_sao_ei
348812,933,f,a45_49,ao_sao_ei
98345,933,m,a50_54,ao_esao_Chinese
718342,933,f,a80_84,naao
55373,933,m,a15_19,eo_eeo_Polish
59440,933,f,a45_49,ao_esao_Chinese
529791,933,f,a55_59,eo_weo_German
219097,933,f,a50_54,ao_esao_Chinese
453315,933,f,a15_19,eo_neo
383255,933,f,a55_59,eo_bio_English
762693,933,m,a55_59,ao_esao_Chinese
645007,933,m,a10_14,eo_oweo
73275,933,m,a15_19,ao_esao_Chinese
758873,933,f,a55_59,ao
487006,933,m,a10_14,ao_esao_Chinese
143154,933,f,a10_14,ao_esao_Chinese
683986,933,m,a50_54,ao_sao_ei
476141,933,m,a40_44,ao_esao_Chinese
329546,933,m,a15_19,ao_esao_Filipino
39593,933,f,a20_24,eo_neo
434798,933,f,a85_,ao_sao_ei
59728,933,f,a15_19,ao_sao_ei
722752,933,m,a45_49,ao_esao_Chinese
9107,933,m,a65_69,ao_esao_Chinese
909635,933,f,a20_24,naao
864065,933,m,a40_44,ao_sao_ei
693507,933,m,a45_49,ao_sao_ei
193210,933,f,a85_,ao_sao_ei
850821,933,f,a60_64,eo_eeo_Ukrainian
929787,933,m,a65_69,ao_sao_ei
34352,933,f,a75_79,eo_fo
813527,933,f,a75_79,ao_sao_ei
547175,933,f,a30_34,ao_esao_Filipino
730604,933,m,a35_39,ao_sao_ei
927663,933,f,a20_24,eo_oweo
730857,933,m,a0_4,eo_bio_English
141385,933,m,a65_69,ao_esao_Chinese
365816,933,m,a35_39,ao_esao_Chinese
355562,933,m,a45_49,ao_sao_ei
564270,933,m,a50_54,ao_sao_ei
78784,933,m,a65_69,ao_sao_ei
816912,933,m,a10_14,ao_sao_ei
631286,933,f,a60_64,ao_sao_ei
449056,933,f,a60_64,ao_sao_ei
201812,933,f,a15_19,ao_sao_ei
35716,933,m,a15_19,eo_eeo_Ukrainian
512756,933,f,a35_39,ao_esao_Chinese
52279,933,f,a5_9,eo_obio
373080,933,m,a60_64,ao_esao_Filipino
319440,933,m,a45_49,ao_sao_ei
465469,933,f,a45_49,eo_oseo
469083,933,m,a10_14,onao
221809,933,m,a15_19,ao_esao_Chinese
735412,933,m,a0_4,ao_sao_ei
145965,933,m,a20_24,ao_sao_ei
306442,933,m,a65_69,ao_sao_ei
882740,933,f,a50_54,eo_bio_English
487914,933,m,a20_24,ao_esao_Chinese
181631,933,f,a25_29,ao_esao_Chinese
311990,933,f,a55_59,ao_sao_ei
580474,933,m,a80_84,ao_sao_ei
738107,933,m,a65_69,ao_esao_Chinese
652015,933,f,a10_14,eo_bio_Irish
515615,933,m,a30_34,ao_sao_ei
5498,933,f,a75_79,eo_eeo_Ukrainian
724034,933,m,a20_24,ao_sao_ei
210694,933,m,a50_54,ao_esao_Chinese
778485,933,m,a20_24,ao_sao_ei
217686,933,f,a25_29,ao_sao_ei
445698,933,m,a65_69,eo_eeo_Ukrainian
750709,933,f,a20_24,ao_sao_ei
383684,933,m,a60_64,ao_sao_ei
4539,933,f,a0_4,ao_esao_Chinese
722359,933,m,a50_54,ao_esao_Filipino
481160,933,m,a50_54,eo_bio_Scottish
535593,933,f,a55_59,ao_esao_Chinese
414298,933,f,a65_69,ao_sao_ei
288676,933,m,a20_24,ao_esao_Chinese
364781,933,m,a55_59,ao_sao_ei
85700,933,f,a55_59,ao_esao_Filipino
863158,933,m,a30_34,ao_esao_Chinese
246298,933,m,a15_19,ao_esao_Chinese
4289,933,f,a65_69,eo_obio
111145,933,f,a65_69,ao_sao_ei
48156,933,m,a15_19,eo_neo
402957,933,f,a60_64,ao_sao_ei
293655,933,f,a40_44,ao_sao_ei
545174,933,m,a5_9,ao_esao_Filipino
109232,933,f,a15_19,ao_sao_ei
235377,933,f,a35_39,eo_bio_English
867095,933,f,a5_9,ao_sao_ei
541523,933,m,a50_54,ao_esao_Filipino
569787,933,m,a35_39,ao_esao_Filipino
739023,933,f,a80_84,ao
659920,933,f,a85_,ao_esao_Chinese
140026,933,m,a45_49,eo_neo
586140,933,f,a35_39,ao_esao_Filipino
285818,933,m,a15_19,eo_bio_Scottish
760661,933,m,a30_34,eo_weo_Dutch
11352,933,f,a80_84,naao
189726,933,f,a60_64,eo_eeo_Ukrainian
273483,933,f,a15_19,onao_Canadian
742935,933,m,a80_84,ao_esao_Filipino
123192,933,f,a50_54,onao_Canadian
813344,933,m,a55_59,ao_esao_Chinese
118636,933,m,a85_,eo_neo
289474,933,f,a60_64,ao_sao_ei
360480,933,f,a35_39,eo_fo
559900,933,m,a15_19,ao_esao_Chinese
555181,933,f,a10_14,onao
656302,933,m,a45_49,eo_weo_German
438144,933,f,a0_4,naao
214046,933,f,a40_44,ao
42568,933,m,a50_54,ao_esao_Chinese
698023,933,m,a10_14,ao_sao_ei
435182,933,f,a75_79,ao_wcameo
869144,933,m,a20_24,ao_sao_ei
267904,933,f,a30_34,ao_esao_Filipino
295922,933,m,a85_,ao_sao_ei
72963,933,m,a15_19,ao
414076,933,f,a10_14,eo_weo_German
446722,933,m,a55_59,ao_esao_Filipino
802196,933,m,a35_39,ao_wcameo
684461,933,f,a85_,ao_esao_Chinese
736132,933,f,a25_29,ao_sao_ei
371277,933,m,a10_14,ao_esao_Chinese
852678,933,f,a85_,ao_sao_ei
753695,933,m,a30_34,ao_esao_Chinese
848112,933,f,a40_44,onao
183439,933,f,a50_54,ao_esao_Chinese
690101,933,m,a55_59,eo_bio_Scottish
172501,933,f,a45_49,ao_sao_ei
596922,933,m,a75_79,onao_Canadian
865821,933,m,a50_54,ao_esao_Chinese
224683,933,f,a55_59,ao_sao_ei
307599,933,m,a35_39,eo_neo
594819,933,m,a25_29,ao_esao_Filipino
364619,933,f,a45_49,onao_Canadian
567377,933,f,a5_9,onao_Canadian
318182,933,m,a40_44,ao_esao_Chinese
88684,933,m,a65_69,eo_bio_Irish
872190,933,f,a85_,eo_obio
451116,933,m,a20_24,ao_sao_ei
721914,933,f,a50_54,ao_sao_ei
477686,933,m,a60_64,eo_bio_Irish
274004,933,m,a30_34,eo_bio_Scottish
307596,933,f,a35_39,ao_esao_Chinese
905400,933,f,a50_54,ao_esao_Chinese
285456,933,m,a45_49,ao_esao_Chinese
172357,933,f,a50_54,onao_Canadian
249668,933,m,a50_54,ao_esao_Chinese
221769,933,f,a65_69,eo_bio_Scottish
538019,933,m,a25_29,eo_eeo_Polish
202826,933,f,a45_49,eo_bio_English
79017,933,m,a20_24,ao_esao_Chinese
345849,933,f,a40_44,ao_sao_ei
632446,933,f,a55_59,ao_esao_Chinese
353305,933,f,a30_34,eo_bio_English
304097,933,m,a70_74,ao_esao_Chinese
817019,933,f,a15_19,eo_bio_English
115722,933,f,a15_19,naao
917903,933,m,a70_74,ao_esao_Filipino
678606,933,f,a25_29,ao_esao_Chinese
294161,933,m,a20_24,ao_sao_ei
28612,933,m,a50_54,eo_oweo
223651,933,m,a25_29,ao_sao_ei
189625,933,f,a70_74,eo_eeo_Ukrainian
781221,933,m,a70_74,ao_esao_Filipino
473574,933,f,a20_24,ao_sao_ei
599801,933,f,a25_29,ao_sao_ei
137835,933,f,a70_74,ao_sao_ei
358891,933,m,a70_74,ao_esao_Chinese
630018,933,m,a50_54,eo_bio_English
794596,933,f,a45_49,ao_esao_Chinese
127786,933,f,a45_49,eo_weo_Dutch
305098,933,f,a30_34,naao
689662,933,m,a35_39,ao_esao_Chinese
763502,933,f,a10_14,ao_esao_Filipino
716308,933,m,a5_9,ao_esao_Filipino
558734,933,m,a70_74,ao_sao_ei
387738,933,f,a55_59,ao_esao_Chinese
864791,933,f,a50_54,ao_sao_ei
250230,933,m,a15_19,ao_esao_Chinese
67809,933,f,a60_64,eo_eeo_Ukrainian
420772,933,m,a60_64,ao_esao_Chinese
52958,933,m,a85_,onao_Canadian
547424,933,m,a85_,naao
301404,933,m,a45_49,ao_esao_Chinese
633886,933,m,a25_29,ao_sao_ei
74744,933,m,a35_39,ao_sao_ei
597246,933,m,a25_29,ao_sao_ei
217134,933,m,a20_24,onao_Canadian
83565,933,m,a15_19,eo_eeo_Ukrainian
849441,933,f,a50_54,onao_Canadian
712501,933,f,a15_19,onao
339824,933,f,a30_34,eo_weo_German
149385,933,f,a0_4,eo_bio_Scottish
662407,933,f,a0_4,ao_sao_ei
372220,933,m,a60_64,eo_bio_English
784851,933,m,a35_39,ao_esao_Chinese
336934,933,f,a0_4,ao_sao_ei
743109,933,m,a50_54,eo_bio_Scottish
629090,933,m,a85_,ao_esao_Chinese
141614,933,m,a10_14,naao
396386,933,f,a0_4,ao_sao_ei
461165,933,m,a45_49,ao_wcameo
109706,933,m,a20_24,ao_sao_ei
293493,933,f,a10_14,onao_Canadian
412211,933,m,a50_54,ao_esao_Chinese
78487,933,f,a15_19,eo_bio_English
152378,933,m,a10_14,eo_eeo_Ukrainian
838848,933,m,a65_69,ao_esao_Filipino
7974,933,m,a10_14,onao_Canadian
4156,933,m,a55_59,ao_sao_ei
530761,933,m,a60_64,ao_esao_Chinese
910039,933,f,a0_4,onao
609662,933,m,a20_24,ao_sao_ei
6143,933,f,a50_54,eo_eeo_Ukrainian
833979,933,m,a60_64,ao_sao_ei
413169,933,f,a80_84,ao_sao_ei
450140,933,m,a60_64,ao_sao_ei
750906,933,m,a30_34,onao_Canadian
175332,933,m,a70_74,ao_sao_ei
312864,933,m,a0_4,ao_sao_ei
191184,933,f,a75_79,eo_bio_Irish
582821,933,f,a85_,eo_bio_Scottish
646213,933,f,a10_14,ao_sao_ei
232344,933,m,a25_29,ao_esao_Chinese
222044,933,m,a0_4,eo_eeo_Polish
868108,933,f,a30_34,ao_sao_ei
583709,933,f,a85_,ao_sao_ei
262106,933,m,a5_9,ao
642715,933,f,a60_64,ao_sao_ei
46710,933,m,a50_54,onao_Canadian
441245,933,m,a10_14,ao_sao_ei
621602,933,f,a20_24,ao_esao_Chinese
50204,933,f,a55_59,onao_Canadian
383857,933,m,a50_54,onao_Canadian
523973,933,f,a65_69,ao_esao_Chinese
879728,933,f,a50_54,ao_esao_Chinese
819893,933,f,a40_44,ao_esao_Filipino
506225,933,m,a50_54,ao_esao_Chinese
58823,933,m,a60_64,eo_weo_German
398166,933,f,a50_54,ao_esao_Chinese
365152,933,f,a15_19,ao_esao_Chinese
708184,933,f,a35_39,ao_sao_ei
108677,933,f,a50_54,ao_esao_Chinese
452522,933,f,a60_64,ao_esao_Filipino
716355,933,f,a50_54,ao_esao_Filipino
391087,933,f,a10_14,eo_bio_English
871210,933,m,a20_24,ao_esao_Chinese
146778,933,m,a20_24,ao
538673,933,m,a20_24,ao_esao_Chinese
601730,933,f,a80_84,ao_sao_ei
66455,933,f,a10_14,ao_esao_Chinese
916516,933,f,a20_24,ao_sao_ei
535206,933,m,a35_39,ao_sao_ei
576821,933,m,a55_59,eo_bio_English
239988,933,m,a50_54,ao_esao_Filipino
471371,933,m,a45_49,ao_esao_Chinese
744977,933,f,a15_19,ao_sao_ei
644485,933,f,a50_54,ao_esao_Chinese
311364,933,m,a40_44,ao_sao_ei
76150,933,f,a45_49,ao_sao_ei
277992,933,m,a0_4,ao_sao_ei
799739,933,m,a10_14,ao_esao_Filipino
290903,933,m,a15_19,ao_sao_ei
267453,933,f,a65_69,onao_Canadian
690343,933,f,a20_24,eo_bio_Irish
113594,933,m,a50_54,ao_sao_ei
424528,933,f,a60_64,ao_sao_ei
407450,933,m,a10_14,ao_sao_ei
339234,933,m,a0_4,ao_sao_ei
297048,933,m,a25_29,ao_esao_Chinese
389688,933,m,a10_14,eo_bio_Irish
671666,933,m,a15_19,ao_esao_Chinese
728235,933,m,a60_64,onao_Canadian
252469,933,m,a25_29,eo_bio_English
21164,933,m,a10_14,ao_esao_Chinese
898320,933,f,a60_64,eo_oweo
345583,933,m,a10_14,ao_sao_ei
858338,933,m,a35_39,ao_esao_Chinese
929335,933,f,a80_84,ao_esao_Chinese
184632,933,f,a15_19,ao_sao_ei
567962,933,m,a10_14,eo_bio_Irish
167008,933,f,a20_24,ao_sao_ei
902196,933,m,a20_24,ao_wcameo
272185,933,f,a10_14,ao_sao_ei
176001,933,f,a45_49,ao_esao_Chinese
21756,933,m,a85_,ao_esao_Filipino
95666,933,f,a70_74,ao_esao_Filipino
530491,933,m,a60_64,eo_eeo_Polish
293955,933,m,a15_19,ao_sao_ei
115049,933,m,a35_39,ao_esao_Chinese
684389,933,m,a50_54,ao_esao_Chinese
63342,933,f,a70_74,onao
127504,933,m,a50_54,ao_sao_ei
517500,933,f,a80_84,onao_Canadian
8440,933,f,a0_4,ao_sao_ei
677619,933,m,a85_,ao_sao_ei
672718,933,f,a35_39,ao_esao_Chinese
780978,933,f,a35_39,ao_sao_ei
45039,933,f,a45_49,ao_sao_ei
154716,933,f,a35_39,ao_esao_Chinese
196971,933,m,a65_69,onao_Canadian
22935,933,f,a60_64,ao_sao_ei
539783,933,m,a50_54,ao_sao_ei
526892,933,f,a50_54,ao_sao_ei
537834,933,f,a65_69,eo_weo_German
799603,933,f,a45_49,ao
661600,933,m,a20_24,ao_sao_ei
448235,933,m,a0_4,ao_esao_Chinese
29577,933,m,a45_49,ao_sao_ei
752088,933,m,a15_19,ao_esao_Chinese
145341,933,f,a80_84,eo_weo_German
226045,933,m,a55_59,ao_sao_ei
159229,933,m,a45_49,ao_esao_Chinese
524448,933,f,a50_54,ao_sao_ei
872165,933,f,a45_49,ao_esao_Filipino
499544,933,m,a50_54,onao_Canadian
313100,933,f,a50_54,onao
554704,933,f,a20_24,eo_eeo_Ukrainian
284160,933,f,a50_54,ao_esao_Chinese
506166,933,f,a20_24,ao_sao_ei
332066,933,m,a70_74,ao_esao_Filipino
284624,933,m,a65_69,ao_sao_ei
821682,933,f,a10_14,naao
124583,933,f,a50_54,ao_esao_Chinese
477374,933,f,a35_39,ao_esao_Chinese
283276,933,m,a65_69,ao_esao_Chinese
239440,933,f,a40_44,ao_sao_ei
355445,933,m,a25_29,ao_esao_Chinese
736649,933,f,a50_54,eo_bio_English
160114,933,f,a35_39,ao_esao_Chinese
356740,933,f,a40_44,eo_eeo_Polish
305575,933,m,a10_14,eo_bio_English
577165,933,m,a50_54,eo_oseo
815365,933,m,a50_54,eo_bio_Scottish
593764,933,f,a0_4,eo_bio_Scottish
373794,933,f,a25_29,eo_oseo
297749,933,m,a20_24,ao_sao_ei
366887,933,m,a20_24,ao_esao_Filipino
365849,933,f,a30_34,ao_esao_Chinese
261241,933,f,a65_69,eo_weo_Dutch
