PPSORT,CMA,AGE,SEX,RACE
359002,933,f,a40_44,ao_oesao
718549,933,f,a40_44,eo_bio_English
556933,933,f,a15_19,onao_Canadian
155043,933,f,a35_39,eo_weo_German
125653,933,m,a40_44,eo_bio_English
90993,933,m,a50_54,eo_eeo_Hungarian
260215,933,m,a15_19,eo_bio_English
373339,933,m,a35_39,eo_fo
428185,933,m,a55_59,eo_bio_English
878907,933,f,a65_69,eo_weo_German
181442,933,f,a10_14,ao_oesao
623049,933,f,a40_44,eo_neo
175126,933,f,a10_14,ao_oesao
829364,933,m,a45_49,eo_bio_English
85071,933,m,a50_54,eo_bio_English
396811,933,m,a60_64,ao
464446,933,m,a45_49,eo_fo
682514,933,f,a55_59,eo_weo_German
557859,933,f,a15_19,eo_neo
802543,933,f,a10_14,onao_Canadian
342545,933,m,a15_19,eo_bio_English
430921,933,m,a60_64,eo_weo_Dutch
365301,933,f,a20_24,eo_neo
704618,933,f,a60_64,onao
318740,933,m,a10_14,eo_neo
847778,933,m,a45_49,eo_bio_English
881135,933,m,a50_54,eo_neo
772261,933,f,a0_4,eo_weo_Dutch
633401,933,f,a60_64,eo_obio
697314,933,f,a5_9,eo_neo
560479,933,f,a40_44,eo_weo_German
163552,933,f,a55_59,eo_bio_Irish
668097,933,f,a45_49,eo_bio_English
6426,933,f,a25_29,eo_oweo
883785,933,f,a25_29,ao_oesao
647003,933,f,a10_14,eo_bio_Scottish
532137,933,m,a35_39,eo_bio_Scottish
334403,933,m,a80_84,ao_wcameo
807730,933,f,a20_24,onao_Canadian
587576,933,m,a5_9,eo_weo_German
462142,933,m,a45_49,onao_Canadian
107584,933,m,a45_49,eo_weo_German
188363,933,f,a40_44,onao
497112,933,f,a35_39,eo_bio_English
450913,933,m,a55_59,eo_bio_Irish
316704,933,m,a35_39,eo_weo_German
804962,933,m,a45_49,onao_Canadian
345497,933,f,a25_29,onao_Canadian
446368,933,m,a5_9,eo_bio_English
300158,933,m,a60_64,eo_bio_Irish
179862,933,f,a50_54,eo_bio_Scottish
861817,933,f,a50_54,eo_bio_Irish
200980,933,m,a45_49,onao_Canadian
351882,933,f,a35_39,eo_fo
217532,933,f,a10_14,eo_fo
779142,933,m,a35_39,eo_bio_English
804686,933,f,a65_69,ao_esao_Chinese
25756,933,f,a5_9,onao_Canadian
16355,933,f,a10_14,onao_Canadian
828141,933,m,a45_49,eo_weo_German
734098,933,f,a10_14,eo_oweo
686521,933,f,a55_59,onao_Canadian
17850,933,m,a50_54,onao_Canadian
77421,933,f,a40_44,eo_bio_Scottish
451735,933,m,a40_44,eo_bio_Scottish
884090,933,f,a15_19,eo_bio_English
390505,933,m,a15_19,eo_bio_English
770820,933,m,a45_49,eo_bio_Scottish
214684,933,f,a45_49,eo_bio_English
651560,933,m,a45_49,ao_wcameo
6552,933,f,a10_14,eo_bio_Scottish
259467,933,m,a10_14,eo_bio_Irish
781175,933,m,a65_69,eo_obio
864385,933,m,a0_4,onao_Canadian
348030,933,f,a35_39,eo_bio_English
375515,933,f,a35_39,onao_Canadian
268137,933,f,a70_74,onao_Canadian
738877,933,m,a25_29,eo_weo_German
281331,933,f,a50_54,eo_bio_Irish
273939,933,m,a15_19,ao_wcameo
350651,933,f,a40_44,onao
626766,933,f,a0_4,eo_bio_Scottish
415317,933,f,a10_14,eo_bio_English
458720,933,f,a15_19,onao_Canadian
55259,933,f,a55_59,eo_fo
144928,933,m,a60_64,eo_weo_Dutch
707828,933,f,a5_9,eo_bio_English
326350,933,m,a40_44,onao_Canadian
396028,933,m,a35_39,ao_wcameo
668680,933,f,a45_49,eo_oweo
106590,933,m,a50_54,eo_weo_German
206492,933,m,a75_79,onao_Canadian
677523,933,f,a5_9,eo_fo
569424,933,f,a15_19,onao_Canadian
367698,933,f,a75_79,onao_Canadian
494422,933,m,a40_44,eo_weo_German
613604,933,m,a40_44,ao_esao_Filipino
348812,933,m,a75_79,eo_weo_Dutch
98345,933,m,a20_24,eo_neo
718342,933,f,a45_49,eo_bio_Irish
55373,933,f,a10_14,eo_bio_Scottish
59440,933,f,a35_39,eo_bio_English
529791,933,m,a40_44,eo_fo
219097,933,f,a50_54,eo_bio_Scottish
453315,933,f,a65_69,onao_Canadian
383255,933,f,a50_54,eo_obio
762693,933,m,a0_4,eo_weo_German
645007,933,m,a25_29,eo_bio_English
73275,933,f,a50_54,eo_fo
758873,933,m,a45_49,ao
487006,933,m,a5_9,onao_Canadian
143154,933,m,a40_44,onao_Canadian
683986,933,f,a50_54,eo_fo
476141,933,f,a0_4,eo_bio_Scottish
329546,933,m,a30_34,eo_oweo
39593,933,m,a55_59,eo_obio
434798,933,m,a50_54,ao_wcameo
59728,933,m,a35_39,oo
722752,933,m,a50_54,eo_oeeo
9107,933,f,a65_69,eo_neo
909635,933,f,a5_9,lcsao
864065,933,m,a40_44,eo_bio_Scottish
693507,933,m,a40_44,eo_weo_German
193210,933,f,a10_14,eo_bio_Irish
850821,933,m,a15_19,onao_Canadian
929787,933,f,a5_9,onao
34352,933,m,a30_34,onao_Canadian
813527,933,f,a45_49,eo_bio_Irish
547175,933,m,a45_49,eo_bio_Irish
730604,933,f,a40_44,eo_bio_English
927663,933,f,a55_59,ao_oesao
730857,933,m,a5_9,eo_eeo_Hungarian
141385,933,m,a40_44,eo_bio_Irish
365816,933,m,a40_44,eo_oweo
355562,933,m,a50_54,eo_bio_English
564270,933,f,a55_59,eo_bio_Irish
78784,933,f,a5_9,onao_Canadian
816912,933,f,a10_14,eo_bio_Scottish
631286,933,f,a50_54,eo_bio_Irish
449056,933,f,a30_34,eo_neo
201812,933,m,a5_9,eo_bio_Irish
35716,933,m,a10_14,onao_Canadian
512756,933,f,a15_19,ao_wcameo
52279,933,m,a50_54,eo_neo
373080,933,m,a45_49,naao
319440,933,f,a15_19,onao_Canadian
465469,933,m,a45_49,eo_fo
469083,933,m,a55_59,eo_bio_Irish
221809,933,f,a45_49,eo_weo_German
735412,933,m,a30_34,onao_Canadian
145965,933,f,a25_29,eo_bio_Irish
306442,933,m,a50_54,eo_neo
882740,933,m,a15_19,onao_Canadian
487914,933,f,a0_4,eo_bio_English
181631,933,f,a10_14,eo_bio_English
311990,933,m,a35_39,onao
580474,933,m,a40_44,eo_fo
738107,933,f,a5_9,onao_Canadian
652015,933,m,a40_44,eo_bio_English
515615,933,m,a55_59,eo_obio
5498,933,m,a55_59,eo_bio_English
724034,933,f,a15_19,eo_weo_German
210694,933,m,a20_24,eo_neo
778485,933,m,a0_4,eo_neo
217686,933,f,a65_69,eo_weo_Dutch
445698,933,m,a15_19,eo_bio_Irish
750709,933,f,a40_44,eo_eeo_Hungarian
383684,933,m,a0_4,lcsao
4539,933,f,a40_44,onao_Canadian
722359,933,f,a35_39,eo_oweo
481160,933,f,a35_39,ao_oesao
535593,933,f,a70_74,onao_Canadian
414298,933,f,a35_39,eo_fo
288676,933,m,a40_44,eo_bio_English
364781,933,m,a15_19,eo_bio_English
85700,933,f,a40_44,eo_bio_Scottish
863158,933,m,a80_84,eo_bio_English
246298,933,m,a50_54,eo_bio_Irish
4289,933,f,a20_24,eo_bio_English
111145,933,f,a55_59,eo_bio_Irish
48156,933,m,a0_4,ao_wcameo
402957,933,f,a15_19,eo_neo
293655,933,f,a40_44,eo_neo
545174,933,f,a0_4,onao_Canadian
109232,933,f,a5_9,eo_bio_Scottish
235377,933,m,a25_29,eo_bio_English
867095,933,f,a50_54,eo_oweo
541523,933,m,a15_19,onao_Canadian
569787,933,m,a10_14,ao_wcameo
739023,933,f,a15_19,ao_wcameo
659920,933,f,a10_14,eo_fo
140026,933,f,a25_29,eo_bio_English
586140,933,m,a10_14,eo_bio_Irish
285818,933,f,a65_69,eo_bio_Irish
760661,933,m,a20_24,eo_fo
11352,933,f,a35_39,onao_Canadian
189726,933,m,a10_14,eo_oweo
273483,933,m,a55_59,eo_oweo
742935,933,m,a60_64,eo_bio_Scottish
123192,933,f,a55_59,eo_bio_Irish
813344,933,m,a50_54,onao_Canadian
118636,933,m,a45_49,onao_Canadian
289474,933,m,a70_74,eo_bio_Irish
360480,933,m,a25_29,eo_fo
559900,933,f,a15_19,onao_Canadian
555181,933,m,a35_39,eo_neo
656302,933,m,a35_39,lcsao
438144,933,f,a5_9,eo_bio_English
214046,933,m,a45_49,ao_oesao
42568,933,f,a55_59,eo_neo
698023,933,f,a35_39,oo
435182,933,f,a5_9,onao_Canadian
869144,933,m,a0_4,ao
267904,933,m,a40_44,onao_Canadian
295922,933,m,a15_19,ao_oesao
72963,933,m,a55_59,eo_weo_German
414076,933,m,a70_74,eo_bio_Irish
446722,933,f,a45_49,ao_oesao
802196,933,f,a5_9,eo_weo_Dutch
684461,933,f,a50_54,onao_Canadian
736132,933,f,a0_4,ao_oesao
371277,933,m,a25_29,onao_Canadian
852678,933,m,a45_49,eo_bio_Scottish
753695,933,f,a0_4,eo_bio_English
848112,933,m,a10_14,eo_bio_English
183439,933,f,a65_69,onao
690101,933,m,a65_69,eo_bio_English
172501,933,m,a55_59,eo_neo
596922,933,m,a40_44,onao
865821,933,m,a50_54,ao_oesao
224683,933,m,a15_19,eo_bio_Scottish
307599,933,f,a10_14,eo_bio_Scottish
594819,933,f,a65_69,eo_oweo
364619,933,f,a10_14,eo_oeeo
567377,933,f,a50_54,onao_Canadian
318182,933,m,a15_19,eo_weo_Dutch
88684,933,m,a10_14,eo_bio_English
872190,933,f,a10_14,eo_bio_Irish
451116,933,f,a60_64,ao
721914,933,f,a40_44,eo_oweo
477686,933,f,a45_49,eo_weo_Dutch
274004,933,m,a15_19,ao_esao_Chinese
307596,933,m,a45_49,eo_bio_Scottish
905400,933,f,a10_14,eo_weo_German
285456,933,m,a80_84,eo_weo_Dutch
172357,933,f,a55_59,eo_weo_German
249668,933,f,a10_14,eo_fo
221769,933,m,a50_54,eo_weo_Dutch
538019,933,m,a35_39,ao_wcameo
202826,933,m,a0_4,naao
79017,933,f,a80_84,eo_bio_English
345849,933,m,a60_64,eo_fo
632446,933,m,a15_19,eo_bio_English
353305,933,m,a40_44,onao_Canadian
304097,933,f,a50_54,ao_oesao
817019,933,f,a10_14,eo_bio_English
115722,933,m,a10_14,eo_bio_English
917903,933,f,a5_9,eo_weo_German
678606,933,m,a55_59,onao_Canadian
294161,933,f,a35_39,eo_obio
28612,933,m,a15_19,onao_Canadian
223651,933,f,a15_19,onao_Canadian
189625,933,f,a50_54,lcsao
781221,933,m,a35_39,ao_esao_Filipino
473574,933,m,a50_54,eo_bio_Scottish
599801,933,f,a60_64,eo_bio_English
137835,933,f,a35_39,eo_neo
358891,933,m,a65_69,eo_bio_Irish
630018,933,m,a60_64,eo_bio_English
794596,933,f,a30_34,ao_esao_Filipino
127786,933,m,a5_9,eo_bio_English
305098,933,f,a55_59,eo_bio_English
689662,933,f,a50_54,onao_Canadian
763502,933,m,a10_14,eo_bio_Scottish
716308,933,m,a20_24,eo_fo
558734,933,m,a5_9,onao
387738,933,f,a20_24,onao_Canadian
864791,933,f,a25_29,eo_weo_Dutch
250230,933,f,a15_19,eo_obio
67809,933,m,a30_34,eo_weo_German
420772,933,m,a15_19,eo_bio_English
52958,933,m,a0_4,eo_bio_English
547424,933,m,a25_29,eo_weo_German
301404,933,m,a20_24,eo_weo_Dutch
633886,933,m,a65_69,eo_bio_Scottish
74744,933,m,a15_19,eo_bio_Scottish
597246,933,m,a60_64,eo_bio_Scottish
217134,933,f,a15_19,eo_weo_German
83565,933,m,a45_49,eo_weo_German
849441,933,f,a10_14,eo_weo_Dutch
712501,933,f,a35_39,eo_oweo
339824,933,m,a55_59,ao_wcameo
149385,933,f,a70_74,eo_bio_English
662407,933,f,a10_14,eo_bio_English
372220,933,f,a65_69,eo_neo
784851,933,f,a45_49,eo_weo_Dutch
336934,933,f,a50_54,onao_Canadian
743109,933,f,a40_44,eo_neo
629090,933,m,a40_44,eo_bio_English
141614,933,m,a25_29,eo_seo_Italian
396386,933,m,a20_24,eo_bio_English
461165,933,m,a35_39,eo_bio_English
109706,933,m,a10_14,eo_bio_English
293493,933,f,a20_24,eo_bio_English
412211,933,f,a10_14,onao_Canadian
78487,933,m,a40_44,eo_fo
152378,933,f,a40_44,eo_bio_Scottish
838848,933,m,a55_59,eo_weo_German
7974,933,f,a50_54,onao_Canadian
4156,933,m,a40_44,eo_bio_English
530761,933,m,a5_9,eo_fo
910039,933,m,a15_19,eo_weo_German
609662,933,m,a25_29,eo_bio_English
6143,933,f,a5_9,eo_weo_German
833979,933,m,a55_59,eo_bio_Scottish
413169,933,m,a15_19,onao_Canadian
450140,933,m,a55_59,eo_weo_Dutch
750906,933,f,a0_4,oo
175332,933,f,a35_39,onao_Canadian
312864,933,f,a10_14,eo_seo_Greek
191184,933,f,a5_9,eo_bio_English
582821,933,f,a10_14,eo_weo_Dutch
646213,933,f,a35_39,eo_weo_German
232344,933,m,a50_54,eo_bio_Irish
222044,933,m,a15_19,eo_seo_Italian
868108,933,m,a15_19,eo_bio_Scottish
583709,933,f,a80_84,ao_wcameo
262106,933,m,a5_9,onao_Canadian
642715,933,m,a0_4,eo_weo_Dutch
46710,933,f,a0_4,eo_weo_German
441245,933,m,a55_59,eo_obio
621602,933,m,a60_64,onao_Canadian
50204,933,m,a0_4,eo_weo_German
383857,933,m,a40_44,eo_bio_Irish
523973,933,m,a65_69,eo_oweo
879728,933,m,a15_19,eo_seo_Portuguese
819893,933,f,a30_34,eo_bio_English
506225,933,m,a10_14,onao
58823,933,f,a10_14,eo_weo_German
398166,933,m,a70_74,eo_bio_English
365152,933,m,a55_59,eo_fo
708184,933,m,a55_59,eo_bio_Scottish
108677,933,m,a35_39,eo_neo
452522,933,f,a0_4,eo_bio_Irish
716355,933,f,a70_74,eo_neo
391087,933,m,a5_9,eo_bio_English
871210,933,m,a55_59,eo_bio_English
146778,933,f,a40_44,onao_Canadian
538673,933,m,a5_9,eo_weo_Dutch
601730,933,m,a45_49,eo_neo
66455,933,f,a55_59,onao
916516,933,f,a40_44,eo_bio_English
535206,933,m,a45_49,eo_bio_English
576821,933,f,a45_49,onao_Canadian
239988,933,m,a55_59,onao
471371,933,f,a65_69,eo_bio_Scottish
744977,933,f,a25_29,eo_fo
644485,933,m,a45_49,eo_fo
311364,933,f,a65_69,eo_bio_Irish
76150,933,f,a50_54,eo_bio_English
277992,933,f,a60_64,eo_weo_German
799739,933,m,a45_49,eo_fo
290903,933,f,a65_69,eo_fo
267453,933,m,a65_69,onao
690343,933,f,a40_44,eo_fo
113594,933,m,a50_54,eo_weo_German
424528,933,f,a40_44,eo_weo_German
407450,933,m,a35_39,eo_neo
339234,933,f,a50_54,onao_Canadian
297048,933,m,a10_14,onao_Canadian
389688,933,f,a15_19,eo_oeeo
671666,933,m,a45_49,ao_oesao
728235,933,m,a10_14,eo_fo
252469,933,f,a30_34,eo_bio_English
21164,933,m,a0_4,eo_neo
898320,933,m,a5_9,onao
345583,933,f,a10_14,ao_esao_Filipino
858338,933,m,a40_44,onao
929335,933,f,a25_29,eo_fo
184632,933,m,a5_9,onao_Canadian
567962,933,m,a5_9,eo_bio_Scottish
167008,933,m,a10_14,eo_weo_Dutch
902196,933,f,a45_49,onao_Canadian
272185,933,m,a15_19,eo_weo_Dutch
176001,933,m,a0_4,ao_esao_Filipino
21756,933,m,a45_49,onao_Canadian
95666,933,m,a50_54,onao_Canadian
530491,933,f,a40_44,eo_weo_German
293955,933,m,a15_19,eo_bio_English
115049,933,m,a40_44,eo_oweo
684389,933,m,a40_44,eo_bio_English
63342,933,m,a55_59,eo_bio_English
127504,933,f,a5_9,eo_bio_Scottish
517500,933,m,a45_49,eo_bio_Scottish
8440,933,m,a60_64,eo_oeeo
677619,933,f,a65_69,eo_bio_English
672718,933,f,a20_24,eo_weo_German
780978,933,f,a25_29,eo_neo
45039,933,m,a20_24,eo_oweo
154716,933,f,a50_54,eo_obio
196971,933,f,a0_4,eo_bio_Irish
22935,933,f,a25_29,eo_bio_English
539783,933,f,a40_44,eo_bio_English
526892,933,f,a10_14,eo_bio_English
537834,933,m,a65_69,oo
799603,933,f,a50_54,eo_weo_Dutch
661600,933,f,a15_19,eo_bio_English
448235,933,m,a15_19,ao
29577,933,f,a65_69,ao_oesao
752088,933,m,a15_19,eo_bio_English
145341,933,m,a35_39,eo_weo_German
226045,933,m,a50_54,onao
159229,933,m,a10_14,eo_bio_English
524448,933,m,a10_14,eo_bio_Scottish
872165,933,m,a60_64,naao
499544,933,m,a55_59,eo_neo
313100,933,m,a45_49,onao_Canadian
554704,933,f,a55_59,onao
284160,933,f,a50_54,eo_bio_Scottish
506166,933,f,a50_54,eo_weo_German
332066,933,f,a45_49,eo_neo
284624,933,m,a40_44,eo_fo
821682,933,m,a20_24,ao_esao_Chinese
124583,933,m,a5_9,onao_Canadian
477374,933,f,a5_9,eo_neo
283276,933,m,a45_49,onao
239440,933,m,a65_69,eo_eeo_Hungarian
355445,933,f,a5_9,eo_bio_English
736649,933,f,a40_44,onao
160114,933,m,a5_9,eo_bio_Irish
356740,933,f,a80_84,eo_neo
305575,933,f,a50_54,eo_oweo
577165,933,f,a50_54,eo_obio
815365,933,f,a60_64,onao
593764,933,m,a45_49,eo_bio_English
373794,933,f,a60_64,ao
297749,933,f,a55_59,eo_fo
366887,933,m,a65_69,eo_weo_German
365849,933,m,a50_54,ao_oesao
261241,933,f,a35_39,onao_Canadian
83257,933,f,a15_19,onao
28899,933,m,a45_49,eo_bio_Irish
119855,933,f,a50_54,eo_weo_German
207905,933,m,a45_49,eo_weo_German
562755,933,m,a20_24,onao_Canadian
766250,933,f,a55_59,eo_bio_Irish
829682,933,f,a50_54,eo_bio_English
573956,933,m,a5_9,eo_bio_Irish
502322,933,m,a15_19,eo_obio
290028,933,m,a60_64,onao
138354,933,f,a15_19,eo_fo
101442,933,f,a15_19,eo_bio_Irish
841201,933,m,a15_19,eo_bio_English
77152,933,f,a60_64,eo_bio_Scottish
682796,933,m,a60_64,eo_oweo
244362,933,f,a15_19,eo_bio_Irish
64027,933,f,a15_19,eo_bio_Irish
789437,933,m,a10_14,eo_weo_German
832728,933,m,a40_44,onao_Canadian
162304,933,f,a20_24,eo_oweo
743375,933,f,a5_9,ao_oesao
12154,933,m,a50_54,eo_bio_Scottish
627867,933,m,a15_19,eo_fo
770395,933,m,a50_54,eo_oweo
507660,933,m,a15_19,lcsao
537678,933,f,a15_19,eo_bio_English
166050,933,m,a35_39,eo_fo
928454,933,m,a45_49,eo_bio_English
386994,933,f,a30_34,eo_fo
690364,933,f,a15_19,eo_neo
