PPSORT,CMA,AGE,SEX,RACE
359002,933,f,a10_14,naao
718549,933,m,a85_,onao_Canadian
556933,933,m,a10_14,naao
155043,933,f,a40_44,ao_oesao
125653,933,f,a25_29,eo_neo
90993,933,m,a80_84,eo_fo
260215,933,m,a40_44,eo_seo_Italian
373339,933,f,a10_14,eo_fo
428185,933,m,a30_34,onao_Canadian
878907,933,m,a0_4,eo_weo_German
181442,933,m,a65_69,eo_oeo
623049,933,f,a25_29,ao_oesao
175126,933,f,a40_44,eo_bio_Irish
829364,933,f,a15_19,naao
85071,933,m,a35_39,eo_seo_Italian
396811,933,m,a0_4,ao_esao_Chinese
464446,933,m,a50_54,naao
682514,933,m,a80_84,onao_Canadian
557859,933,f,a65_69,onao_Canadian
802543,933,m,a70_74,eo_bio_English
342545,933,f,a0_4,naao
430921,933,f,a5_9,onao_Canadian
365301,933,m,a70_74,eo_fo
704618,933,m,a75_79,eo_eeo_Polish
318740,933,m,a0_4,onao_Canadian
847778,933,f,a25_29,onao_Canadian
881135,933,m,a5_9,eo_eeo_Russian
772261,933,m,a20_24,eo_weo_German
633401,933,f,a40_44,eo_bio_Scottish
697314,933,m,a15_19,eo_bio_English
560479,933,f,a60_64,eo_oseo
163552,933,m,a10_14,naao
668097,933,f,a10_14,eo_seo_Italian
6426,933,f,a55_59,eo_seo_Italian
883785,933,m,a45_49,onao_Canadian
647003,933,f,a40_44,naao
532137,933,f,a10_14,onao_Canadian
334403,933,f,a60_64,eo_oseo
807730,933,m,a10_14,eo_oeeo
587576,933,f,a50_54,eo_bio_Irish
462142,933,f,a75_79,ao_esao_Chinese
107584,933,m,a35_39,naao
188363,933,f,a10_14,ao_wcameo
497112,933,m,a35_39,eo_oseo
450913,933,f,a15_19,ao_esao_Chinese
316704,933,f,a50_54,eo_fo
804962,933,f,a60_64,eo_fo
345497,933,f,a0_4,onao_Canadian
446368,933,m,a55_59,eo_fo
300158,933,m,a25_29,ao_wcameo
179862,933,m,a50_54,onao_Canadian
861817,933,m,a10_14,eo_bio_Irish
200980,933,f,a50_54,eo_weo_German
351882,933,m,a0_4,ao_wcameo
217532,933,f,a25_29,ao_wcameo
779142,933,m,a35_39,eo_fo
804686,933,m,a55_59,eo_seo_Italian
25756,933,f,a45_49,onao_Canadian
16355,933,f,a40_44,eo_bio_English
828141,933,m,a20_24,ao_esao_Chinese
734098,933,m,a65_69,eo_bio_English
686521,933,f,a35_39,eo_weo_Dutch
17850,933,m,a0_4,eo_fo
77421,933,m,a65_69,eo_seo_Italian
451735,933,f,a70_74,onao
884090,933,m,a55_59,eo_weo_German
390505,933,m,a5_9,eo_eeo_Russian
770820,933,f,a55_59,ao_esao_Chinese
214684,933,m,a30_34,ao_esao_Chinese
651560,933,f,a45_49,eo_oseo
6552,933,f,a50_54,onao_Canadian
259467,933,f,a10_14,eo_oeeo
781175,933,m,a50_54,oo
864385,933,m,a65_69,oo
348030,933,m,a60_64,onao_Canadian
375515,933,f,a45_49,onao
268137,933,f,a15_19,ao_esao_Chinese
738877,933,m,a20_24,eo_bio_English
281331,933,m,a20_24,eo_bio_English
273939,933,f,a45_49,eo_bio_Scottish
350651,933,f,a60_64,eo_seo_Italian
626766,933,f,a35_39,eo_obio
415317,933,m,a45_49,eo_seo_Italian
458720,933,m,a30_34,ao_esao_Chinese
55259,933,f,a30_34,ao_esao_Chinese
144928,933,m,a50_54,onao_Canadian
707828,933,m,a10_14,ao_esao_Chinese
326350,933,m,a65_69,ao_esao_Chinese
396028,933,m,a5_9,ao_esao_Chinese
668680,933,m,a60_64,eo_weo_German
106590,933,m,a0_4,eo_seo_Italian
206492,933,f,a15_19,ao_esao_Chinese
677523,933,f,a35_39,eo_obio
569424,933,f,a20_24,eo_seo_Italian
367698,933,m,a70_74,ao_esao_Chinese
494422,933,m,a50_54,eo_neo
613604,933,m,a50_54,onao
348812,933,f,a50_54,ao_esao_Chinese
98345,933,f,a35_39,ao_esao_Chinese
718342,933,m,a55_59,naao
55373,933,f,a40_44,eo_fo
59440,933,f,a60_64,eo_weo_German
529791,933,m,a50_54,eo_obio
219097,933,m,a35_39,eo_oeeo
453315,933,m,a50_54,eo_seo_Spanish
383255,933,f,a35_39,eo_seo_Italian
762693,933,m,a15_19,eo_oweo
645007,933,m,a45_49,eo_seo_Spanish
73275,933,m,a50_54,eo_seo_Italian
758873,933,m,a30_34,naao
487006,933,m,a85_,ao_esao_Chinese
143154,933,m,a10_14,oo
683986,933,f,a25_29,ao_esao_Chinese
476141,933,f,a10_14,eo_seo_Italian
329546,933,m,a50_54,eo_seo_Italian
39593,933,f,a40_44,eo_neo
434798,933,f,a15_19,onao_Canadian
59728,933,f,a45_49,eo_weo_German
722752,933,m,a15_19,onao_Canadian
9107,933,m,a20_24,eo_bio_English
909635,933,f,a45_49,ao_esao_Chinese
864065,933,f,a40_44,onao_Canadian
693507,933,f,a25_29,ao_esao_Chinese
193210,933,m,a5_9,ao_esao_Chinese
850821,933,f,a20_24,eo_fo
929787,933,m,a60_64,eo_bio_English
34352,933,f,a5_9,eo_oseo
813527,933,f,a80_84,eo_weo_German
547175,933,f,a5_9,eo_obio
730604,933,f,a45_49,eo_seo_Italian
927663,933,m,a0_4,eo_bio_Scottish
730857,933,f,a65_69,eo_bio_English
141385,933,f,a50_54,eo_seo_Italian
365816,933,m,a50_54,ao_wcameo
355562,933,f,a35_39,ao_esao_Chinese
564270,933,f,a55_59,eo_seo_Italian
78784,933,m,a45_49,eo_fo
816912,933,m,a65_69,ao_esao_Chinese
631286,933,f,a45_49,eo_bio_English
449056,933,f,a40_44,eo_oseo
201812,933,m,a50_54,ao_wcameo
35716,933,f,a20_24,eo_seo_Italian
512756,933,m,a75_79,eo_oeeo
52279,933,m,a40_44,eo_oseo
373080,933,f,a55_59,naao
319440,933,f,a40_44,eo_bio_English
465469,933,m,a65_69,ao_esao_Chinese
469083,933,f,a45_49,eo_eeo_Ukrainian
221809,933,f,a60_64,onao_Canadian
735412,933,f,a0_4,eo_eeo_Russian
145965,933,f,a5_9,eo_weo_German
306442,933,f,a55_59,eo_eeo_Polish
882740,933,m,a35_39,eo_bio_English
487914,933,m,a55_59,ao_oesao
181631,933,m,a45_49,ao_wcameo
311990,933,m,a45_49,eo_bio_Irish
580474,933,m,a35_39,eo_bio_Irish
738107,933,m,a50_54,eo_eeo_Russian
652015,933,m,a50_54,eo_seo_Italian
515615,933,f,a45_49,ao_esao_Chinese
5498,933,f,a15_19,ao_esao_Chinese
724034,933,f,a50_54,eo_seo_Italian
210694,933,f,a20_24,eo_obio
778485,933,m,a40_44,eo_oeo
217686,933,f,a0_4,eo_seo_Italian
445698,933,f,a30_34,ao_wcameo
750709,933,m,a15_19,onao_Canadian
383684,933,m,a85_,ao_esao_Chinese
4539,933,m,a5_9,ao_esao_Chinese
722359,933,m,a35_39,eo_fo
481160,933,f,a50_54,eo_bio_English
535593,933,f,a60_64,eo_fo
414298,933,f,a50_54,onao_Canadian
288676,933,m,a40_44,ao_esao_Chinese
364781,933,f,a65_69,ao_oesao
85700,933,f,a5_9,eo_bio_Irish
863158,933,m,a35_39,eo_bio_Scottish
246298,933,m,a70_74,eo_seo_Spanish
4289,933,m,a50_54,eo_obio
111145,933,f,a15_19,eo_seo_Italian
48156,933,m,a45_49,eo_eeo_Ukrainian
402957,933,m,a45_49,ao_wcameo
293655,933,m,a10_14,eo_bio_English
545174,933,m,a50_54,eo_bio_Scottish
109232,933,f,a20_24,onao
235377,933,m,a70_74,eo_bio_Irish
867095,933,m,a35_39,ao_esao_Chinese
541523,933,m,a15_19,onao_Canadian
569787,933,m,a15_19,eo_seo_Italian
739023,933,f,a65_69,ao_esao_Chinese
659920,933,m,a50_54,eo_bio_English
140026,933,f,a35_39,eo_seo_Italian
586140,933,f,a50_54,eo_bio_Irish
285818,933,f,a85_,ao_esao_Chinese
760661,933,m,a45_49,eo_obio
11352,933,f,a10_14,eo_weo_German
189726,933,f,a65_69,eo_oseo
273483,933,m,a15_19,onao
742935,933,m,a70_74,ao_esao_Chinese
123192,933,f,a55_59,eo_neo
813344,933,f,a55_59,ao_esao_Chinese
118636,933,f,a65_69,eo_seo_Italian
289474,933,m,a60_64,eo_oseo
360480,933,f,a45_49,ao_esao_Chinese
559900,933,f,a40_44,eo_bio_English
555181,933,f,a10_14,ao_wcameo
656302,933,f,a60_64,eo_oseo
438144,933,m,a50_54,eo_oweo
214046,933,m,a0_4,eo_eeo_Ukrainian
42568,933,f,a55_59,eo_seo_Italian
698023,933,f,a10_14,eo_weo_German
435182,933,m,a55_59,eo_seo_Italian
869144,933,m,a45_49,eo_seo_Italian
267904,933,m,a45_49,ao_wcameo
295922,933,m,a40_44,eo_bio_Scottish
72963,933,f,a55_59,eo_seo_Italian
414076,933,f,a20_24,ao_esao_Chinese
446722,933,f,a60_64,eo_oeeo
802196,933,f,a15_19,eo_weo_German
684461,933,m,a60_64,eo_bio_Scottish
736132,933,f,a10_14,eo_oseo
371277,933,f,a40_44,onao_Canadian
852678,933,m,a35_39,eo_bio_Scottish
753695,933,m,a20_24,eo_neo
848112,933,m,a40_44,onao_Canadian
183439,933,m,a5_9,ao_esao_Chinese
690101,933,f,a60_64,eo_bio_Scottish
172501,933,m,a40_44,eo_weo_German
596922,933,f,a50_54,eo_weo_German
865821,933,f,a60_64,eo_seo_Italian
224683,933,f,a80_84,eo_eeo_Ukrainian
307599,933,f,a45_49,eo_bio_Scottish
594819,933,f,a50_54,ao_oesao
364619,933,m,a15_19,eo_seo_Italian
567377,933,f,a50_54,eo_seo_Italian
318182,933,f,a5_9,eo_oeo
88684,933,m,a40_44,ao_esao_Chinese
872190,933,m,a65_69,ao_esao_Chinese
451116,933,f,a80_84,eo_eeo_Ukrainian
721914,933,m,a60_64,oo
477686,933,f,a55_59,eo_weo_German
274004,933,f,a65_69,ao_wcameo
307596,933,f,a50_54,eo_oseo
905400,933,m,a25_29,onao_Canadian
285456,933,f,a35_39,eo_fo
172357,933,m,a55_59,eo_eeo_Ukrainian
249668,933,m,a5_9,eo_bio_English
221769,933,m,a10_14,ao_esao_Chinese
538019,933,f,a55_59,naao
202826,933,m,a55_59,eo_fo
79017,933,f,a85_,eo_eeo_Russian
345849,933,f,a65_69,onao_Canadian
632446,933,m,a0_4,naao
353305,933,m,a60_64,onao_Canadian
304097,933,f,a25_29,eo_seo_Italian
817019,933,f,a40_44,eo_oseo
115722,933,f,a35_39,ao_wcameo
917903,933,m,a30_34,eo_weo_German
678606,933,m,a30_34,eo_fo
294161,933,f,a45_49,eo_bio_English
28612,933,f,a75_79,eo_bio_Scottish
223651,933,m,a15_19,eo_seo_Italian
189625,933,m,a45_49,naao
781221,933,f,a20_24,onao_Canadian
473574,933,m,a40_44,eo_fo
599801,933,f,a65_69,eo_fo
137835,933,f,a50_54,naao
358891,933,f,a55_59,ao_esao_Chinese
630018,933,f,a55_59,naao
794596,933,m,a50_54,ao_wcameo
127786,933,m,a80_84,eo_eeo_Ukrainian
305098,933,f,a25_29,eo_bio_Scottish
689662,933,f,a55_59,ao_esao_Chinese
763502,933,f,a20_24,eo_oeo
716308,933,f,a15_19,onao_Canadian
558734,933,f,a20_24,naao
387738,933,f,a35_39,eo_bio_English
864791,933,f,a30_34,eo_seo_Italian
250230,933,m,a15_19,eo_seo_Italian
67809,933,m,a20_24,oo
420772,933,f,a60_64,onao_Canadian
52958,933,f,a10_14,eo_seo_Italian
547424,933,f,a0_4,naao
301404,933,m,a45_49,onao_Canadian
633886,933,f,a70_74,eo_bio_English
74744,933,f,a20_24,onao
597246,933,f,a70_74,eo_seo_Italian
217134,933,m,a45_49,eo_bio_English
83565,933,f,a55_59,onao_Canadian
849441,933,f,a35_39,onao_Canadian
712501,933,m,a65_69,eo_fo
339824,933,f,a70_74,eo_oseo
149385,933,m,a10_14,ao_esao_Chinese
662407,933,f,a35_39,eo_seo_Italian
372220,933,f,a30_34,ao_wcameo
784851,933,f,a35_39,eo_bio_Irish
336934,933,f,a10_14,ao_wcameo
743109,933,f,a0_4,onao_Canadian
629090,933,f,a80_84,eo_seo_Italian
141614,933,m,a40_44,onao_Canadian
396386,933,m,a15_19,eo_oseo
461165,933,m,a45_49,eo_bio_English
109706,933,m,a50_54,eo_seo_Italian
293493,933,f,a65_69,onao_Canadian
412211,933,f,a10_14,onao
78487,933,m,a60_64,eo_seo_Italian
152378,933,m,a25_29,onao_Canadian
838848,933,f,a15_19,onao
7974,933,m,a60_64,ao_wcameo
4156,933,f,a0_4,eo_seo_Italian
530761,933,f,a65_69,eo_seo_Italian
910039,933,f,a40_44,naao
609662,933,m,a30_34,eo_bio_English
6143,933,m,a55_59,eo_bio_Irish
833979,933,f,a50_54,naao
413169,933,f,a45_49,eo_bio_Scottish
450140,933,m,a55_59,onao_Canadian
750906,933,f,a50_54,ao_esao_Chinese
175332,933,m,a15_19,eo_obio
312864,933,f,a60_64,ao_wcameo
191184,933,m,a60_64,eo_seo_Italian
582821,933,m,a10_14,eo_seo_Spanish
646213,933,f,a40_44,onao_Canadian
232344,933,f,a50_54,eo_bio_English
222044,933,f,a50_54,eo_seo_Italian
868108,933,m,a0_4,eo_neo
583709,933,f,a45_49,eo_seo_Italian
262106,933,m,a0_4,eo_weo_German
642715,933,m,a10_14,eo_fo
46710,933,m,a20_24,ao_esao_Chinese
441245,933,f,a65_69,eo_bio_English
621602,933,m,a70_74,ao_esao_Chinese
50204,933,f,a10_14,ao_wcameo
383857,933,m,a55_59,eo_seo_Italian
523973,933,f,a60_64,ao_esao_Chinese
879728,933,f,a40_44,eo_oseo
819893,933,m,a30_34,ao_esao_Chinese
506225,933,m,a50_54,eo_oseo
58823,933,f,a60_64,eo_oeeo
398166,933,m,a55_59,eo_fo
365152,933,m,a5_9,eo_oseo
708184,933,f,a35_39,eo_seo_Italian
108677,933,m,a10_14,naao
452522,933,f,a40_44,eo_eeo_Russian
716355,933,f,a50_54,ao_esao_Chinese
391087,933,f,a25_29,onao_Canadian
871210,933,m,a10_14,eo_oseo
146778,933,m,a20_24,eo_seo_Italian
538673,933,m,a20_24,eo_eeo_Ukrainian
601730,933,f,a50_54,eo_weo_Dutch
66455,933,m,a45_49,ao_esao_Chinese
916516,933,m,a60_64,eo_eeo_Ukrainian
535206,933,f,a50_54,eo_fo
576821,933,m,a55_59,eo_seo_Italian
239988,933,f,a65_69,ao_esao_Chinese
471371,933,f,a15_19,eo_eeo_Russian
744977,933,m,a60_64,eo_seo_Italian
644485,933,f,a15_19,onao_Canadian
311364,933,m,a30_34,ao_wcameo
76150,933,m,a85_,ao_esao_Chinese
277992,933,m,a50_54,ao_esao_Chinese
799739,933,f,a35_39,eo_seo_Italian
290903,933,f,a60_64,eo_oeo
267453,933,f,a40_44,naao
690343,933,f,a35_39,onao_Canadian
113594,933,m,a10_14,ao_esao_Chinese
424528,933,m,a15_19,onao_Canadian
407450,933,f,a10_14,onao_Canadian
339234,933,f,a40_44,eo_seo_Italian
297048,933,m,a65_69,eo_obio
389688,933,f,a55_59,eo_seo_Italian
671666,933,f,a70_74,ao_esao_Chinese
728235,933,m,a60_64,eo_bio_English
252469,933,m,a65_69,eo_seo_Italian
21164,933,m,a25_29,ao_esao_Chinese
898320,933,m,a65_69,ao_esao_Chinese
345583,933,m,a15_19,eo_weo_German
858338,933,m,a10_14,eo_eeo_Ukrainian
929335,933,f,a45_49,eo_bio_Irish
184632,933,f,a5_9,eo_fo
567962,933,f,a10_14,ao_wcameo
167008,933,f,a10_14,ao_esao_Chinese
902196,933,f,a40_44,onao_Canadian
272185,933,m,a55_59,eo_seo_Italian
176001,933,f,a20_24,eo_seo_Italian
21756,933,f,a30_34,onao_Canadian
95666,933,m,a35_39,eo_fo
530491,933,f,a55_59,eo_seo_Italian
293955,933,m,a40_44,onao
115049,933,f,a15_19,eo_seo_Italian
684389,933,m,a45_49,eo_seo_Italian
63342,933,m,a50_54,eo_bio_English
127504,933,m,a50_54,naao
517500,933,f,a40_44,ao_esao_Chinese
8440,933,f,a80_84,ao_wcameo
677619,933,m,a5_9,eo_eeo_Polish
672718,933,m,a65_69,onao_Canadian
780978,933,f,a10_14,ao_esao_Chinese
45039,933,f,a25_29,oo
154716,933,f,a55_59,naao
196971,933,m,a5_9,eo_obio
22935,933,f,a70_74,naao
539783,933,m,a40_44,eo_bio_English
526892,933,f,a10_14,naao
537834,933,f,a60_64,eo_bio_English
799603,933,f,a10_14,ao_esao_Chinese
661600,933,f,a45_49,onao_Canadian
448235,933,f,a20_24,onao_Canadian
29577,933,m,a55_59,eo_seo_Italian
752088,933,f,a45_49,naao
145341,933,m,a55_59,eo_bio_English
226045,933,m,a55_59,eo_seo_Italian
159229,933,m,a70_74,ao_wcameo
524448,933,f,a0_4,eo_bio_English
872165,933,f,a10_14,ao_oesao
499544,933,f,a55_59,onao_Canadian
313100,933,m,a45_49,eo_bio_Irish
554704,933,m,a10_14,eo_bio_Irish
284160,933,m,a55_59,eo_neo
506166,933,f,a85_,eo_eeo_Russian
332066,933,m,a45_49,eo_fo
284624,933,m,a45_49,ao_esao_Chinese
821682,933,f,a45_49,naao
124583,933,f,a60_64,ao_esao_Chinese
477374,933,m,a50_54,eo_bio_Irish
283276,933,f,a10_14,eo_bio_Irish
239440,933,f,a65_69,onao_Canadian
355445,933,f,a45_49,eo_seo_Italian
736649,933,f,a10_14,onao_Canadian
160114,933,m,a0_4,oo
356740,933,m,a20_24,eo_bio_Scottish
305575,933,f,a15_19,onao_Canadian
577165,933,m,a55_59,eo_eeo_Polish
815365,933,m,a70_74,eo_eeo_Ukrainian
593764,933,m,a10_14,eo_eeo_Polish
373794,933,f,a60_64,eo_weo_German
297749,933,m,a5_9,eo_bio_English
366887,933,m,a55_59,eo_seo_Spanish
365849,933,m,a30_34,eo_eeo_Polish
261241,933,f,a25_29,eo_eeo_Ukrainian
83257,933,f,a50_54,onao_Canadian
28899,933,m,a5_9,eo_oseo
119855,933,m,a10_14,ao_esao_Chinese
207905,933,f,a20_24,eo_weo_German
562755,933,m,a35_39,eo_weo_German
766250,933,m,a35_39,eo_seo_Italian
829682,933,m,a10_14,eo_weo_Dutch
573956,933,m,a60_64,oo
502322,933,m,a60_64,eo_seo_Italian
290028,933,f,a10_14,ao_wcameo
138354,933,m,a80_84,eo_seo_Italian
101442,933,m,a65_69,eo_oseo
841201,933,m,a15_19,eo_bio_English
77152,933,f,a55_59,ao_esao_Chinese
682796,933,f,a25_29,onao_Canadian
244362,933,f,a5_9,ao_esao_Chinese
64027,933,m,a35_39,eo_oeeo
789437,933,f,a15_19,eo_obio
832728,933,m,a50_54,onao_Canadian
162304,933,f,a45_49,eo_seo_Italian
743375,933,f,a0_4,ao_wcameo
12154,933,f,a10_14,onao_Canadian
627867,933,f,a80_84,ao_esao_Chinese
770395,933,f,a30_34,naao
507660,933,f,a50_54,ao_oesao
537678,933,f,a85_,eo_oeeo
166050,933,m,a80_84,eo_fo
928454,933,m,a5_9,ao_wcameo
386994,933,f,a35_39,ao_wcameo
690364,933,f,a45_49,ao_wcameo
