PPSORT,CMA,AGE,SEX,RACE
359002,933,m,a45_49,eo_bio_English
718549,933,f,a15_19,eo_bio_English
556933,933,m,a5_9,ao_esao_Chinese
155043,933,m,a35_39,onao_Canadian
125653,933,m,a5_9,eo_bio_English
90993,933,m,a0_4,ao_sao_ei
260215,933,m,a45_49,ao_wcameo
373339,933,m,a25_29,ao_esao_Filipino
428185,933,m,a30_34,ao_sao_ei
878907,933,m,a20_24,ao_esao_Filipino
181442,933,m,a45_49,eo_weo_German
623049,933,m,a75_79,onao_Canadian
175126,933,m,a60_64,ao_esao_Chinese
829364,933,f,a15_19,ao_esao_Chinese
85071,933,m,a75_79,onao_Canadian
396811,933,m,a30_34,eo_fo
464446,933,m,a80_84,ao_esao_Chinese
682514,933,m,a5_9,ao_esao_Chinese
557859,933,f,a65_69,ao_esao_Chinese
802543,933,m,a20_24,ao_esao_Chinese
342545,933,m,a40_44,ao_esao_Chinese
430921,933,f,a40_44,ao_esao_Chinese
365301,933,f,a40_44,ao_osao
704618,933,f,a15_19,ao_esao_Filipino
318740,933,m,a0_4,ao_esao_Chinese
847778,933,f,a65_69,eo_fo
881135,933,m,a35_39,eo_bio_Irish
772261,933,m,a45_49,ao_esao_Chinese
633401,933,m,a35_39,ao_sao_ei
697314,933,f,a55_59,eo_bio_English
560479,933,m,a45_49,ao_esao_Chinese
163552,933,m,a15_19,ao_esao_Chinese
668097,933,m,a40_44,ao_esao_Chinese
6426,933,f,a35_39,ao_wcameo
883785,933,m,a30_34,ao_esao_Chinese
647003,933,m,a65_69,ao_esao_Chinese
532137,933,f,a40_44,onao_Canadian
334403,933,f,a40_44,ao_esao_Chinese
807730,933,m,a15_19,ao_esao_Chinese
587576,933,m,a0_4,ao_esao_Chinese
462142,933,f,a65_69,ao_esao_Chinese
107584,933,f,a50_54,ao_esao_Chinese
188363,933,m,a25_29,ao_esao_Chinese
497112,933,f,a10_14,eo_eeo_Russian
450913,933,m,a5_9,ao_esao_Chinese
316704,933,f,a10_14,ao_esao_Chinese
804962,933,m,a55_59,eo_bio_English
345497,933,m,a40_44,ao_esao_Chinese
446368,933,f,a20_24,eo_neo
300158,933,m,a20_24,ao_sao_ei
179862,933,m,a20_24,eo_bio_English
861817,933,f,a15_19,eo_bio_Irish
200980,933,m,a35_39,eo_fo
351882,933,m,a50_54,eo_bio_English
217532,933,f,a20_24,ao_esao_Chinese
779142,933,f,a50_54,ao_sao_ei
804686,933,f,a50_54,ao_sao_ei
25756,933,m,a35_39,ao_esao_Chinese
16355,933,f,a5_9,eo_bio_English
828141,933,f,a50_54,ao_esao_Chinese
734098,933,f,a15_19,eo_bio_Scottish
686521,933,f,a15_19,eo_fo
17850,933,f,a60_64,onao_Canadian
77421,933,m,a40_44,ao_esao_Chinese
451735,933,f,a35_39,ao_esao_Chinese
884090,933,f,a20_24,ao_wcameo
390505,933,f,a20_24,eo_eeo_Polish
770820,933,m,a60_64,eo_bio_English
214684,933,m,a40_44,onao_Canadian
651560,933,m,a70_74,ao_esao_Chinese
6552,933,m,a45_49,ao_esao_Chinese
259467,933,f,a55_59,ao_esao_Chinese
781175,933,f,a25_29,ao_sao_ei
864385,933,f,a0_4,ao_esao_Chinese
348030,933,f,a25_29,eo_seo_Italian
375515,933,f,a80_84,ao_esao_Chinese
268137,933,m,a40_44,ao_sao_ei
738877,933,m,a10_14,ao_esao_Filipino
281331,933,m,a60_64,ao_wcameo
273939,933,m,a55_59,eo_weo_German
350651,933,m,a5_9,eo_bio_English
626766,933,f,a25_29,ao_esao_Chinese
415317,933,f,a40_44,eo_fo
458720,933,f,a25_29,onao_Canadian
55259,933,m,a55_59,ao_esao_Chinese
144928,933,m,a25_29,ao_esao_Chinese
707828,933,m,a65_69,ao_sao_ei
326350,933,m,a65_69,ao_esao_Chinese
396028,933,f,a0_4,ao_esao_Chinese
668680,933,m,a35_39,onao_Canadian
106590,933,f,a25_29,eo_bio_Scottish
206492,933,m,a45_49,onao_Canadian
677523,933,f,a15_19,eo_bio_English
569424,933,f,a25_29,ao_esao_Chinese
367698,933,m,a5_9,ao_esao_Chinese
494422,933,f,a35_39,ao_sao_ei
613604,933,f,a10_14,ao_esao_Filipino
348812,933,m,a20_24,ao_esao_Chinese
98345,933,f,a20_24,ao_esao_Chinese
718342,933,m,a55_59,ao_esao_Chinese
55373,933,f,a15_19,eo_weo_German
59440,933,m,a5_9,eo_neo
529791,933,f,a15_19,eo_seo_Portuguese
219097,933,m,a60_64,onao_Canadian
453315,933,f,a40_44,ao_esao_Chinese
383255,933,m,a5_9,ao_sao_ei
762693,933,m,a15_19,ao_esao_Chinese
645007,933,f,a35_39,ao_sao_ei
73275,933,f,a35_39,eo_bio_Irish
758873,933,m,a35_39,onao_Canadian
487006,933,m,a35_39,ao_esao_Chinese
143154,933,f,a30_34,eo_oeeo
683986,933,f,a0_4,oo
476141,933,f,a65_69,ao_esao_Chinese
329546,933,m,a0_4,ao_esao_Chinese
39593,933,m,a35_39,eo_oeo
434798,933,f,a80_84,ao_sao_ei
59728,933,m,a80_84,ao_esao_Chinese
722752,933,f,a0_4,ao_esao_Chinese
9107,933,f,a15_19,ao_esao_Chinese
909635,933,m,a20_24,eo_oseo
864065,933,m,a50_54,ao_esao_Chinese
693507,933,f,a40_44,ao_esao_Chinese
193210,933,m,a35_39,onao_Canadian
850821,933,f,a75_79,ao_sao_ei
929787,933,f,a5_9,ao_sao_ei
34352,933,m,a5_9,ao_esao_Chinese
813527,933,f,a15_19,ao_esao_Chinese
547175,933,f,a35_39,ao_sao_ei
730604,933,m,a80_84,ao_esao_Chinese
927663,933,f,a20_24,ao_esao_Chinese
730857,933,m,a50_54,ao_sao_ei
141385,933,m,a70_74,eo_fo
365816,933,m,a0_4,ao_esao_Filipino
355562,933,f,a0_4,ao_esao_Chinese
564270,933,f,a25_29,eo_fo
78784,933,f,a0_4,ao_sao_ei
816912,933,f,a0_4,ao_esao_Chinese
631286,933,m,a75_79,oo
449056,933,f,a15_19,ao_sao_ei
201812,933,m,a60_64,ao_esao_Chinese
35716,933,f,a0_4,eo_bio_English
512756,933,f,a35_39,eo_oeo
52279,933,f,a20_24,oo
373080,933,f,a25_29,oo
319440,933,m,a35_39,ao_sao_ei
465469,933,m,a55_59,ao_esao_Chinese
469083,933,m,a65_69,ao_esao_Chinese
221809,933,m,a15_19,ao_esao_Chinese
735412,933,m,a45_49,ao_osao
145965,933,f,a0_4,ao_sao_ei
306442,933,f,a30_34,eo_weo_German
882740,933,m,a15_19,eo_weo_German
487914,933,f,a30_34,onao_Canadian
181631,933,f,a55_59,eo_weo_German
311990,933,m,a0_4,ao_esao_Chinese
580474,933,m,a60_64,onao_Canadian
738107,933,f,a65_69,ao_esao_Chinese
652015,933,m,a20_24,ao_esao_Chinese
515615,933,f,a35_39,ao_esao_Chinese
5498,933,f,a65_69,ao_esao_Chinese
724034,933,m,a25_29,eo_bio_Scottish
210694,933,m,a20_24,ao_esao_Chinese
778485,933,m,a80_84,ao_esao_Chinese
217686,933,f,a5_9,ao_esao_Chinese
445698,933,f,a15_19,ao_esao_Chinese
750709,933,f,a65_69,onao_Canadian
383684,933,m,a20_24,onao_Canadian
4539,933,f,a70_74,ao_esao_Chinese
722359,933,f,a10_14,onao_Canadian
481160,933,m,a50_54,ao_esao_Chinese
535593,933,m,a85_,ao_esao_Filipino
414298,933,m,a20_24,eo_bio_Irish
288676,933,f,a20_24,ao_esao_Chinese
364781,933,m,a5_9,ao_sao_ei
85700,933,f,a20_24,ao_esao_Chinese
863158,933,m,a35_39,eo_bio_English
246298,933,m,a50_54,ao_oesao
4289,933,m,a40_44,ao_esao_Chinese
111145,933,m,a45_49,eo_neo
48156,933,m,a40_44,ao_esao_Chinese
402957,933,m,a25_29,eo_bio_English
293655,933,m,a50_54,onao_Canadian
545174,933,f,a65_69,ao_esao_Chinese
109232,933,f,a5_9,ao_esao_Chinese
235377,933,m,a0_4,ao_esao_Chinese
867095,933,f,a20_24,eo_bio_English
541523,933,m,a15_19,ao_esao_Filipino
569787,933,m,a25_29,onao_Canadian
739023,933,m,a60_64,ao_wcameo
659920,933,m,a10_14,ao_oesao
140026,933,m,a60_64,onao_Canadian
586140,933,m,a50_54,ao_esao_Filipino
285818,933,m,a80_84,eo_bio_Scottish
760661,933,f,a40_44,eo_bio_Scottish
11352,933,m,a40_44,ao_esao_Chinese
189726,933,f,a50_54,onao_Canadian
273483,933,m,a20_24,ao_esao_Chinese
742935,933,f,a60_64,ao_esao_Chinese
123192,933,f,a80_84,ao_esao_Chinese
813344,933,m,a80_84,ao_esao_Chinese
118636,933,m,a80_84,ao_esao_Filipino
289474,933,m,a10_14,ao_esao_Chinese
360480,933,m,a15_19,ao_esao_Chinese
559900,933,m,a60_64,ao_sao_ei
555181,933,m,a20_24,onao_Canadian
656302,933,m,a45_49,ao_esao_Chinese
438144,933,f,a0_4,ao_esao_Chinese
214046,933,f,a35_39,ao_esao_Chinese
42568,933,f,a30_34,eo_bio_English
698023,933,f,a35_39,onao_Canadian
435182,933,m,a10_14,ao_esao_Chinese
869144,933,f,a5_9,ao_esao_Chinese
267904,933,m,a40_44,ao_esao_Filipino
295922,933,f,a15_19,ao_esao_Chinese
72963,933,m,a85_,ao_sao_ei
414076,933,m,a5_9,ao_esao_Chinese
446722,933,m,a25_29,ao_esao_Chinese
802196,933,m,a25_29,ao_sao_ei
684461,933,m,a35_39,ao_esao_Chinese
736132,933,f,a5_9,ao_esao_Filipino
371277,933,m,a65_69,ao_osao
852678,933,m,a45_49,ao_esao_Chinese
753695,933,m,a15_19,ao_esao_Chinese
848112,933,m,a30_34,eo_bio_English
183439,933,m,a50_54,ao_esao_Chinese
690101,933,f,a80_84,ao_sao_ei
172501,933,f,a15_19,eo_weo_German
596922,933,f,a40_44,ao_esao_Chinese
865821,933,m,a70_74,eo_oseo
224683,933,m,a5_9,onao_Canadian
307599,933,m,a60_64,eo_fo
594819,933,f,a35_39,ao_esao_Chinese
364619,933,f,a40_44,onao_Canadian
567377,933,m,a65_69,ao_sao_ei
318182,933,f,a30_34,ao_esao_Chinese
88684,933,m,a50_54,ao_osao
872190,933,m,a35_39,ao_sao_ei
451116,933,m,a55_59,ao_esao_Chinese
721914,933,m,a40_44,eo_fo
477686,933,m,a70_74,onao_Canadian
274004,933,m,a65_69,ao_esao_Chinese
307596,933,m,a15_19,eo_neo
905400,933,f,a30_34,eo_bio_Scottish
285456,933,m,a15_19,ao_esao_Chinese
172357,933,f,a40_44,ao_esao_Chinese
249668,933,m,a60_64,ao_esao_Chinese
221769,933,m,a10_14,ao_osao
538019,933,m,a40_44,ao_esao_Chinese
202826,933,f,a45_49,eo_seo_Italian
79017,933,f,a35_39,eo_weo_German
345849,933,m,a0_4,ao_esao_Chinese
632446,933,f,a45_49,onao_Canadian
353305,933,m,a40_44,ao_esao_Chinese
304097,933,f,a0_4,onao_Canadian
817019,933,m,a40_44,eo_bio_Scottish
115722,933,f,a5_9,ao_sao_ei
917903,933,m,a70_74,ao_esao_Chinese
678606,933,m,a35_39,ao_sao_ei
294161,933,f,a65_69,ao_esao_Chinese
28612,933,m,a45_49,ao_sao_ei
223651,933,m,a55_59,eo_bio_Scottish
189625,933,m,a40_44,ao_esao_Chinese
781221,933,f,a35_39,ao_esao_Chinese
473574,933,m,a15_19,eo_weo_German
599801,933,f,a45_49,ao_esao_Chinese
137835,933,f,a80_84,eo_eeo_Russian
358891,933,m,a0_4,ao_esao_Chinese
630018,933,m,a75_79,ao_esao_Chinese
794596,933,m,a15_19,ao_esao_Chinese
127786,933,m,a15_19,ao_esao_Chinese
305098,933,m,a10_14,onao_Canadian
689662,933,m,a5_9,ao_sao_ei
763502,933,m,a5_9,eo_eeo_Ukrainian
716308,933,m,a60_64,ao_esao_Chinese
558734,933,m,a40_44,ao_esao_Chinese
387738,933,f,a0_4,ao_esao_Chinese
864791,933,f,a35_39,ao_sao_ei
250230,933,m,a55_59,ao_esao_Filipino
67809,933,m,a35_39,eo_fo
420772,933,m,a40_44,eo_weo_German
52958,933,f,a70_74,oo
547424,933,f,a30_34,ao_esao_Chinese
301404,933,m,a30_34,ao_sao_ei
633886,933,f,a20_24,ao_esao_Filipino
74744,933,m,a75_79,ao_esao_Chinese
597246,933,m,a20_24,ao_esao_Filipino
217134,933,m,a5_9,ao_sao_ei
83565,933,f,a55_59,eo_fo
849441,933,m,a25_29,eo_oseo
712501,933,f,a10_14,ao_esao_Filipino
339824,933,m,a50_54,eo_bio_Scottish
149385,933,m,a45_49,eo_oeeo
662407,933,f,a60_64,ao_sao_ei
372220,933,m,a0_4,eo_eeo_Russian
784851,933,f,a50_54,ao_esao_Chinese
336934,933,f,a45_49,ao_esao_Chinese
743109,933,m,a10_14,ao_esao_Chinese
629090,933,f,a10_14,ao_esao_Chinese
141614,933,f,a40_44,eo_neo
396386,933,m,a45_49,ao_sao_ei
461165,933,m,a45_49,ao_esao_Chinese
109706,933,m,a75_79,ao_esao_Filipino
293493,933,m,a50_54,onao_Canadian
412211,933,m,a75_79,eo_fo
78487,933,m,a50_54,ao_sao_ei
152378,933,m,a15_19,ao_oesao
838848,933,m,a35_39,ao_esao_Chinese
7974,933,m,a0_4,ao_esao_Chinese
4156,933,f,a35_39,ao_esao_Chinese
530761,933,f,a5_9,onao_Canadian
910039,933,m,a65_69,ao_esao_Chinese
609662,933,m,a70_74,ao_esao_Chinese
6143,933,f,a0_4,ao_esao_Chinese
833979,933,f,a5_9,ao_esao_Filipino
413169,933,f,a55_59,ao_esao_Filipino
450140,933,m,a35_39,ao_sao_ei
750906,933,m,a40_44,ao_esao_Chinese
175332,933,m,a30_34,onao_Canadian
312864,933,m,a55_59,onao_Canadian
191184,933,f,a75_79,eo_bio_Scottish
582821,933,f,a35_39,eo_bio_Scottish
646213,933,f,a40_44,ao_esao_Chinese
232344,933,m,a25_29,ao_esao_Filipino
222044,933,m,a60_64,ao_esao_Chinese
868108,933,m,a40_44,eo_oeo
583709,933,m,a45_49,eo_obio
262106,933,f,a35_39,ao_osao
642715,933,m,a55_59,ao_sao_ei
46710,933,m,a40_44,eo_fo
441245,933,f,a15_19,ao_esao_Chinese
621602,933,m,a35_39,ao_esao_Chinese
50204,933,f,a30_34,ao_esao_Chinese
383857,933,f,a40_44,eo_eeo_Polish
523973,933,f,a60_64,eo_fo
879728,933,m,a60_64,ao_sao_ei
819893,933,m,a0_4,ao_sao_ei
506225,933,f,a60_64,eo_eeo_Ukrainian
58823,933,f,a45_49,eo_weo_German
398166,933,m,a25_29,ao_esao_Chinese
365152,933,f,a40_44,eo_weo_German
708184,933,f,a15_19,onao_Canadian
108677,933,f,a75_79,ao_oesao
452522,933,f,a70_74,eo_fo
716355,933,f,a20_24,ao_esao_Chinese
391087,933,m,a60_64,ao_esao_Chinese
871210,933,m,a15_19,ao_esao_Chinese
146778,933,m,a15_19,eo_bio_Scottish
538673,933,m,a60_64,ao_esao_Chinese
601730,933,m,a50_54,ao_esao_Chinese
66455,933,m,a0_4,ao_esao_Chinese
916516,933,m,a60_64,ao_sao_ei
535206,933,m,a25_29,ao_esao_Chinese
576821,933,m,a55_59,ao_esao_Chinese
239988,933,f,a55_59,onao_Canadian
471371,933,f,a20_24,ao_esao_Chinese
744977,933,f,a25_29,eo_bio_Scottish
644485,933,f,a0_4,eo_fo
311364,933,f,a30_34,ao_esao_Chinese
76150,933,f,a15_19,ao_sao_ei
277992,933,f,a40_44,ao_esao_Chinese
799739,933,f,a30_34,ao_esao_Chinese
290903,933,m,a35_39,ao_esao_Chinese
267453,933,m,a55_59,onao_Canadian
690343,933,m,a40_44,ao_esao_Chinese
113594,933,f,a10_14,ao_esao_Chinese
424528,933,m,a35_39,ao_oesao
407450,933,f,a40_44,ao_sao_ei
339234,933,f,a55_59,ao_sao_ei
297048,933,m,a30_34,ao_osao
389688,933,m,a60_64,ao_esao_Chinese
671666,933,m,a30_34,ao_esao_Chinese
728235,933,m,a0_4,eo_bio_Scottish
252469,933,m,a75_79,eo_bio_Scottish
21164,933,m,a20_24,ao_esao_Chinese
898320,933,m,a40_44,onao_Canadian
345583,933,f,a70_74,ao_oesao
858338,933,m,a45_49,ao_esao_Chinese
929335,933,m,a65_69,ao_esao_Filipino
184632,933,f,a80_84,ao_esao_Filipino
567962,933,f,a35_39,ao_esao_Chinese
167008,933,m,a40_44,ao_esao_Chinese
902196,933,f,a40_44,eo_oeo
272185,933,f,a10_14,ao_esao_Filipino
176001,933,f,a80_84,ao_esao_Chinese
21756,933,f,a35_39,ao_sao_ei
95666,933,m,a35_39,ao_esao_Chinese
530491,933,f,a30_34,eo_weo_German
293955,933,m,a50_54,ao_esao_Chinese
115049,933,f,a60_64,ao_esao_Chinese
684389,933,f,a25_29,eo_eeo_Hungarian
63342,933,f,a40_44,eo_seo_Italian
127504,933,f,a15_19,ao_esao_Chinese
517500,933,f,a50_54,ao_esao_Chinese
8440,933,m,a75_79,ao_esao_Chinese
677619,933,m,a40_44,ao_esao_Chinese
672718,933,m,a15_19,ao_esao_Chinese
780978,933,f,a50_54,onao_Canadian
45039,933,m,a45_49,ao_esao_Filipino
154716,933,f,a45_49,ao_esao_Chinese
196971,933,f,a15_19,ao_sao_ei
22935,933,f,a55_59,ao_esao_Chinese
539783,933,f,a20_24,ao_sao_ei
526892,933,f,a55_59,onao_Canadian
537834,933,f,a40_44,onao_Canadian
799603,933,m,a40_44,ao_esao_Chinese
661600,933,m,a55_59,ao_esao_Chinese
448235,933,m,a0_4,ao_esao_Filipino
29577,933,f,a30_34,ao_esao_Chinese
752088,933,f,a40_44,ao_esao_Chinese
145341,933,m,a20_24,ao_esao_Chinese
226045,933,m,a20_24,ao_esao_Chinese
159229,933,m,a10_14,ao_esao_Chinese
524448,933,f,a40_44,eo_bio_Scottish
872165,933,m,a20_24,ao_esao_Chinese
499544,933,m,a50_54,ao_osao
313100,933,f,a25_29,ao_esao_Chinese
554704,933,m,a50_54,onao_Canadian
284160,933,f,a50_54,ao_esao_Chinese
506166,933,m,a15_19,ao_esao_Chinese
332066,933,m,a15_19,ao_wcameo
284624,933,m,a10_14,ao_esao_Chinese
821682,933,f,a85_,ao_esao_Chinese
124583,933,m,a60_64,ao_esao_Chinese
477374,933,f,a15_19,ao_esao_Chinese
283276,933,m,a25_29,eo_fo
239440,933,m,a50_54,onao_Canadian
355445,933,f,a65_69,ao_esao_Chinese
736649,933,m,a40_44,ao_esao_Chinese
160114,933,m,a35_39,ao_esao_Chinese
356740,933,m,a0_4,ao_esao_Chinese
305575,933,f,a25_29,ao_esao_Filipino
577165,933,m,a0_4,eo_bio_English
815365,933,m,a40_44,eo_eeo_Russian
593764,933,f,a20_24,eo_bio_English
373794,933,m,a10_14,ao_esao_Filipino
297749,933,m,a45_49,ao_esao_Chinese
366887,933,m,a15_19,ao_esao_Chinese
365849,933,m,a55_59,ao_sao_ei
261241,933,m,a55_59,ao_esao_Chinese
83257,933,m,a25_29,onao_Canadian
28899,933,m,a45_49,ao_esao_Chinese
119855,933,m,a25_29,ao_esao_Chinese
207905,933,f,a45_49,eo_bio_Scottish
562755,933,m,a65_69,ao_sao_ei
766250,933,f,a40_44,eo_bio_Scottish
829682,933,f,a50_54,eo_eeo_Russian
573956,933,m,a40_44,ao_esao_Chinese
502322,933,f,a75_79,ao_esao_Chinese
290028,933,m,a15_19,eo_bio_Irish
138354,933,f,a55_59,ao_esao_Chinese
101442,933,f,a70_74,eo_bio_Scottish
841201,933,m,a60_64,ao_esao_Chinese
77152,933,f,a25_29,eo_bio_Scottish
682796,933,m,a80_84,onao_Canadian
244362,933,m,a0_4,eo_bio_Irish
64027,933,m,a20_24,eo_bio_Irish
789437,933,f,a25_29,ao_esao_Filipino
832728,933,m,a30_34,ao_esao_Chinese
162304,933,f,a25_29,ao_esao_Chinese
743375,933,f,a10_14,ao_sao_ei
12154,933,m,a65_69,onao_Canadian
627867,933,m,a40_44,ao_esao_Chinese
770395,933,f,a70_74,ao_esao_Chinese
507660,933,m,a60_64,ao_esao_Chinese
537678,933,m,a25_29,ao_esao_Chinese
166050,933,m,a15_19,ao_esao_Chinese
928454,933,f,a60_64,ao_esao_Chinese
386994,933,m,a15_19,ao_sao_ei
690364,933,f,a45_49,ao_esao_Chinese
501637,933,m,a65_69,ao_esao_Filipino
675704,933,m,a15_19,eo_eeo_Hungarian
739785,933,m,a55_59,ao_sao_ei
52861,933,f,a70_74,onao_Canadian
776420,933,f,a45_49,ao_sao_ei
17612,933,m,a55_59,onao_Canadian
795542,933,m,a45_49,ao_esao_Chinese
145028,933,f,a50_54,ao_sao_ei
742532,933,m,a30_34,ao_esao_Chinese
8607,933,f,a0_4,onao_Canadian
748207,933,f,a65_69,onao_Canadian
755360,933,f,a40_44,eo_bio_Scottish
820701,933,f,a10_14,ao_esao_Chinese
398561,933,f,a40_44,eo_weo_German
337188,933,m,a15_19,ao_sao_ei
572376,933,m,a65_69,ao_esao_Chinese
548983,933,m,a35_39,ao_esao_Chinese
457581,933,m,a15_19,ao_sao_ei
858445,933,f,a20_24,ao_sao_ei
923749,933,m,a40_44,eo_bio_English
357152,933,m,a80_84,ao_esao_Chinese
181851,933,f,a30_34,ao_esao_Chinese
861692,933,m,a80_84,ao_esao_Chinese
390854,933,f,a80_84,ao_esao_Filipino
861152,933,f,a15_19,ao_sao_ei
7531,933,m,a20_24,ao_oesao
652023,933,f,a40_44,ao_esao_Chinese
748730,933,f,a65_69,eo_bio_Scottish
168103,933,m,a80_84,ao_esao_Chinese
397503,933,f,a45_49,onao_Canadian
109136,933,m,a20_24,eo_oeeo
8141,933,m,a65_69,eo_bio_Scottish
114332,933,f,a5_9,ao_esao_Chinese
201506,933,m,a30_34,ao_esao_Filipino
544622,933,m,a5_9,eo_fo
845750,933,f,a20_24,eo_eeo_Hungarian
822109,933,f,a20_24,onao_Canadian
714390,933,f,a65_69,onao_Canadian
287096,933,f,a50_54,ao_esao_Chinese
217240,933,m,a40_44,onao_Canadian
156173,933,m,a55_59,onao_Canadian
107523,933,f,a65_69,ao_esao_Chinese
171340,933,f,a0_4,ao_esao_Chinese
614815,933,m,a40_44,ao_esao_Chinese
90711,933,m,a20_24,eo_weo_German
280292,933,f,a15_19,onao_Canadian
500763,933,m,a15_19,ao_esao_Chinese
522661,933,m,a75_79,ao_esao_Chinese
751169,933,m,a40_44,ao_esao_Chinese
164204,933,f,a40_44,ao_sao_ei
877209,933,f,a10_14,ao_osao
878665,933,f,a15_19,ao_esao_Chinese
659450,933,f,a15_19,eo_bio_Scottish
850367,933,f,a35_39,ao_esao_Chinese
413445,933,m,a45_49,onao_Canadian
714395,933,f,a35_39,eo_weo_German
214924,933,f,a0_4,ao_esao_Chinese
123603,933,m,a25_29,ao_sao_ei
627713,933,m,a20_24,ao_sao_ei
281023,933,m,a30_34,ao_esao_Chinese
679865,933,m,a55_59,onao_Canadian
916702,933,f,a5_9,ao_esao_Chinese
575947,933,f,a20_24,ao_esao_Chinese
245715,933,f,a50_54,eo_eeo_Hungarian
581867,933,m,a15_19,ao_esao_Chinese
753477,933,m,a40_44,eo_eeo_Polish
570527,933,f,a15_19,ao_esao_Chinese
132349,933,f,a25_29,ao_esao_Filipino
343845,933,m,a5_9,ao_esao_Chinese
133537,933,m,a25_29,onao_Canadian
668126,933,f,a40_44,ao_esao_Chinese
202147,933,m,a15_19,eo_bio_Scottish
915916,933,f,a60_64,ao_esao_Filipino
101317,933,m,a15_19,ao_esao_Chinese
17185,933,m,a65_69,eo_bio_Irish
116267,933,m,a0_4,ao_esao_Chinese
808320,933,m,a5_9,eo_fo
426763,933,m,a35_39,eo_weo_German
629099,933,m,a45_49,ao_esao_Chinese
380889,933,f,a30_34,ao_esao_Chinese
373636,933,m,a45_49,ao_esao_Chinese
758365,933,f,a25_29,ao_sao_ei
356537,933,m,a20_24,eo_fo
232795,933,m,a30_34,ao_wcameo
386060,933,f,a30_34,ao_esao_Chinese
581707,933,f,a50_54,ao_esao_Chinese
126685,933,f,a35_39,ao_esao_Filipino
157707,933,f,a45_49,ao_esao_Chinese
918921,933,f,a70_74,ao_esao_Chinese
717223,933,m,a15_19,ao_sao_ei
569479,933,m,a10_14,ao_esao_Filipino
709944,933,f,a0_4,ao_esao_Chinese
66862,933,f,a35_39,ao_esao_Filipino
303109,933,f,a0_4,eo_weo_German
616087,933,f,a45_49,ao_esao_Chinese
338077,933,m,a45_49,ao_esao_Chinese
528107,933,m,a65_69,ao_sao_ei
588250,933,m,a15_19,ao_esao_Chinese
917060,933,f,a65_69,eo_oeo
667820,933,m,a75_79,onao_Canadian
430197,933,m,a35_39,ao_esao_Chinese
86455,933,f,a15_19,eo_fo
724814,933,f,a65_69,ao_esao_Chinese
878072,933,m,a50_54,onao_Canadian
448044,933,m,a20_24,onao_Canadian
902426,933,m,a75_79,ao_wcameo
191401,933,f,a30_34,ao_esao_Chinese
432530,933,f,a30_34,ao_esao_Chinese
47021,933,f,a25_29,ao_oesao
203133,933,m,a5_9,eo_eeo_Polish
834091,933,f,a45_49,ao_sao_ei
194553,933,m,a15_19,ao_esao_Filipino
70442,933,m,a10_14,ao_esao_Chinese
396693,933,f,a30_34,ao_oesao
197730,933,m,a45_49,ao_osao
721988,933,f,a35_39,ao_esao_Filipino
889472,933,f,a50_54,eo_eeo_Russian
202198,933,f,a20_24,ao_esao_Chinese
829601,933,m,a35_39,ao_esao_Chinese
117998,933,m,a0_4,ao_esao_Chinese
735662,933,m,a50_54,onao_Canadian
43637,933,f,a0_4,ao_oesao
857352,933,m,a75_79,eo_bio_Irish
122054,933,f,a35_39,ao_esao_Chinese
732623,933,f,a5_9,ao_esao_Chinese
743226,933,m,a55_59,ao_esao_Chinese
298196,933,f,a0_4,eo_weo_German
112633,933,m,a25_29,eo_seo_Italian
612298,933,f,a55_59,ao_esao_Chinese
214654,933,f,a40_44,ao_esao_Chinese
