PPSORT,CMA,AGE,SEX,RACE
359002,933,m,a45_49,eo_weo_German
718549,933,f,a10_14,eo_obio
556933,933,f,a35_39,naao
155043,933,m,a50_54,onao_Canadian
125653,933,m,a10_14,eo_bio_Scottish
90993,933,f,a15_19,eo_neo
260215,933,f,a50_54,eo_bio_Scottish
373339,933,f,a50_54,eo_weo_Dutch
428185,933,m,a50_54,eo_bio_Scottish
878907,933,m,a50_54,onao_Canadian
181442,933,m,a40_44,ao_esao_Filipino
623049,933,m,a40_44,eo_weo_Dutch
175126,933,m,a60_64,onao_Canadian
829364,933,f,a45_49,eo_weo_German
85071,933,m,a5_9,eo_weo_German
396811,933,f,a40_44,ao_esao_Chinese
464446,933,f,a25_29,eo_neo
682514,933,f,a40_44,eo_bio_Scottish
557859,933,f,a25_29,eo_weo_German
802543,933,f,a20_24,eo_bio_English
342545,933,f,a45_49,eo_weo_German
430921,933,f,a50_54,eo_bio_Scottish
365301,933,f,a15_19,eo_oeeo
704618,933,f,a60_64,eo_fo
318740,933,f,a10_14,eo_bio_English
847778,933,f,a30_34,eo_fo
881135,933,m,a30_34,onao_Canadian
772261,933,f,a30_34,eo_weo_German
633401,933,f,a10_14,onao_Canadian
697314,933,m,a20_24,eo_oeeo
560479,933,f,a50_54,onao_Canadian
163552,933,f,a45_49,eo_neo
668097,933,f,a30_34,eo_bio_Scottish
6426,933,m,a35_39,eo_bio_Scottish
883785,933,m,a40_44,eo_eeo_Ukrainian
647003,933,f,a40_44,eo_bio_English
532137,933,f,a35_39,eo_bio_Scottish
334403,933,m,a65_69,ao_oesao
807730,933,m,a40_44,eo_bio_Irish
587576,933,m,a10_14,eo_neo
462142,933,m,a35_39,eo_bio_English
107584,933,f,a45_49,eo_bio_English
188363,933,f,a20_24,onao_Canadian
497112,933,f,a30_34,eo_fo
450913,933,f,a55_59,naao
316704,933,m,a45_49,eo_weo_German
804962,933,f,a15_19,eo_bio_Irish
345497,933,f,a50_54,eo_bio_Irish
446368,933,f,a10_14,eo_bio_Scottish
300158,933,m,a50_54,eo_bio_English
179862,933,f,a30_34,naao
861817,933,f,a30_34,ao_esao_Chinese
200980,933,f,a20_24,eo_bio_Scottish
351882,933,m,a15_19,onao_Canadian
217532,933,f,a40_44,eo_weo_German
779142,933,f,a45_49,onao_Canadian
804686,933,f,a70_74,eo_fo
25756,933,m,a10_14,eo_seo_Italian
16355,933,m,a50_54,onao_Canadian
828141,933,m,a50_54,onao_Canadian
734098,933,m,a55_59,eo_bio_English
686521,933,f,a50_54,eo_weo_German
17850,933,f,a20_24,eo_weo_German
77421,933,f,a15_19,naao
451735,933,f,a5_9,eo_neo
884090,933,m,a35_39,onao_Canadian
390505,933,m,a15_19,ao_esao_Chinese
770820,933,f,a50_54,eo_bio_Irish
214684,933,f,a45_49,onao_Canadian
651560,933,f,a15_19,onao_Canadian
6552,933,f,a20_24,onao_Canadian
259467,933,f,a25_29,onao_Canadian
781175,933,f,a15_19,naao
864385,933,f,a35_39,eo_eeo_Russian
348030,933,m,a15_19,eo_neo
375515,933,f,a30_34,eo_weo_German
268137,933,m,a50_54,onao_Canadian
738877,933,f,a60_64,onao_Canadian
281331,933,m,a40_44,eo_fo
273939,933,m,a30_34,eo_weo_German
350651,933,m,a5_9,onao_Canadian
626766,933,f,a20_24,onao_Canadian
415317,933,f,a15_19,onao_Canadian
458720,933,f,a10_14,eo_oeo
55259,933,f,a35_39,onao_Canadian
144928,933,m,a20_24,ao_esao_Chinese
707828,933,m,a55_59,naao
326350,933,f,a60_64,ao_esao_Chinese
396028,933,f,a30_34,eo_bio_English
668680,933,f,a5_9,eo_weo_German
106590,933,m,a20_24,eo_weo_German
206492,933,f,a20_24,eo_weo_German
677523,933,m,a45_49,eo_bio_Scottish
569424,933,m,a5_9,eo_bio_Scottish
367698,933,f,a60_64,eo_fo
494422,933,f,a0_4,eo_neo
613604,933,f,a10_14,naao
348812,933,m,a20_24,ao_esao_Chinese
98345,933,m,a10_14,naao
718342,933,f,a40_44,eo_neo
55373,933,f,a50_54,eo_bio_Scottish
59440,933,f,a20_24,eo_oeo
529791,933,f,a50_54,eo_weo_German
219097,933,m,a40_44,eo_fo
453315,933,f,a10_14,eo_oeo
383255,933,m,a5_9,eo_bio_Irish
762693,933,f,a40_44,eo_fo
645007,933,m,a10_14,onao_Canadian
73275,933,f,a45_49,eo_weo_German
758873,933,f,a70_74,eo_bio_English
487006,933,f,a50_54,ao_esao_Filipino
143154,933,f,a10_14,eo_bio_Irish
683986,933,f,a15_19,onao_Canadian
476141,933,f,a45_49,eo_weo_German
329546,933,f,a10_14,eo_fo
39593,933,m,a10_14,naao
434798,933,m,a10_14,eo_bio_Scottish
59728,933,f,a45_49,eo_bio_English
722752,933,f,a40_44,eo_neo
9107,933,f,a45_49,eo_weo_German
909635,933,f,a30_34,onao_Canadian
864065,933,f,a25_29,eo_neo
693507,933,m,a5_9,eo_bio_English
193210,933,f,a55_59,ao_oesao
850821,933,f,a30_34,onao_Canadian
929787,933,m,a60_64,eo_fo
34352,933,m,a0_4,onao_Canadian
813527,933,m,a60_64,eo_fo
547175,933,m,a60_64,onao_Canadian
730604,933,m,a55_59,eo_eeo_Russian
927663,933,m,a10_14,eo_bio_Irish
730857,933,f,a60_64,ao_esao_Filipino
141385,933,m,a15_19,onao_Canadian
365816,933,m,a10_14,onao_Canadian
355562,933,m,a45_49,eo_bio_Scottish
564270,933,f,a40_44,eo_weo_German
78784,933,m,a40_44,naao
816912,933,f,a45_49,ao_esao_Chinese
631286,933,m,a20_24,onao_Canadian
449056,933,m,a15_19,eo_bio_Scottish
201812,933,m,a30_34,eo_fo
35716,933,m,a30_34,eo_bio_Scottish
512756,933,m,a25_29,eo_bio_English
52279,933,m,a50_54,naao
373080,933,m,a50_54,ao_oesao
319440,933,m,a20_24,eo_fo
465469,933,f,a60_64,eo_fo
469083,933,f,a5_9,onao_Canadian
221809,933,m,a15_19,eo_oeo
735412,933,m,a50_54,eo_weo_Dutch
145965,933,f,a0_4,onao_Canadian
306442,933,f,a5_9,eo_weo_German
882740,933,m,a60_64,onao_Canadian
487914,933,f,a50_54,naao
181631,933,f,a5_9,eo_fo
311990,933,f,a35_39,eo_weo_German
580474,933,f,a10_14,eo_fo
738107,933,f,a10_14,ao_esao_Chinese
652015,933,m,a25_29,eo_weo_German
515615,933,m,a0_4,eo_eeo_Russian
5498,933,m,a35_39,ao_esao_Chinese
724034,933,m,a5_9,onao_Canadian
210694,933,m,a5_9,ao_esao_Filipino
778485,933,m,a25_29,onao_Canadian
217686,933,f,a15_19,eo_weo_German
445698,933,m,a15_19,eo_neo
750709,933,f,a65_69,eo_seo_Italian
383684,933,m,a25_29,onao_Canadian
4539,933,m,a10_14,onao_Canadian
722359,933,f,a30_34,onao_Canadian
481160,933,f,a40_44,eo_weo_German
535593,933,m,a35_39,eo_weo_German
414298,933,m,a30_34,eo_bio_Scottish
288676,933,f,a0_4,ao_esao_Filipino
364781,933,m,a20_24,eo_bio_English
85700,933,f,a15_19,onao_Canadian
863158,933,m,a15_19,eo_bio_English
246298,933,f,a40_44,eo_bio_English
4289,933,m,a40_44,eo_weo_German
111145,933,m,a45_49,eo_fo
48156,933,m,a20_24,eo_weo_Dutch
402957,933,m,a55_59,eo_bio_English
293655,933,m,a50_54,eo_eeo_Ukrainian
545174,933,m,a5_9,eo_oeo
109232,933,f,a40_44,onao_Canadian
235377,933,f,a60_64,eo_bio_Irish
867095,933,m,a5_9,eo_weo_German
541523,933,m,a40_44,eo_bio_Scottish
569787,933,f,a40_44,eo_eeo_Russian
739023,933,f,a40_44,ao_oesao
659920,933,f,a15_19,eo_oeo
140026,933,m,a40_44,eo_bio_Scottish
586140,933,f,a10_14,onao_Canadian
285818,933,m,a40_44,eo_bio_Scottish
760661,933,f,a50_54,eo_bio_Scottish
11352,933,m,a10_14,onao_Canadian
189726,933,f,a25_29,eo_oeo
273483,933,m,a60_64,naao
742935,933,m,a15_19,onao_Canadian
123192,933,f,a30_34,onao_Canadian
813344,933,f,a5_9,onao_Canadian
118636,933,f,a50_54,eo_bio_Scottish
289474,933,m,a45_49,onao_Canadian
360480,933,m,a45_49,eo_bio_Scottish
559900,933,m,a30_34,eo_weo_German
555181,933,f,a10_14,eo_weo_Dutch
656302,933,m,a60_64,eo_bio_Irish
438144,933,f,a20_24,naao
214046,933,m,a40_44,eo_bio_English
42568,933,m,a25_29,eo_seo_Portuguese
698023,933,m,a15_19,eo_obio
435182,933,m,a20_24,onao_Canadian
869144,933,m,a30_34,eo_bio_Irish
267904,933,f,a65_69,eo_weo_German
295922,933,m,a60_64,eo_bio_Scottish
72963,933,m,a0_4,eo_oeo
414076,933,m,a40_44,onao_Canadian
446722,933,f,a10_14,ao_esao_Chinese
802196,933,m,a40_44,eo_eeo_Ukrainian
684461,933,f,a35_39,onao_Canadian
736132,933,f,a35_39,eo_weo_German
371277,933,f,a15_19,eo_bio_Irish
852678,933,f,a10_14,eo_fo
753695,933,m,a65_69,onao_Canadian
848112,933,f,a40_44,onao_Canadian
183439,933,m,a20_24,onao_Canadian
690101,933,m,a10_14,onao_Canadian
172501,933,f,a45_49,eo_weo_German
596922,933,m,a55_59,eo_bio_Scottish
865821,933,m,a20_24,ao_oesao
224683,933,m,a0_4,onao_Canadian
307599,933,m,a25_29,naao
594819,933,m,a55_59,eo_bio_English
364619,933,m,a45_49,onao_Canadian
567377,933,m,a45_49,eo_weo_German
318182,933,f,a5_9,onao_Canadian
88684,933,f,a60_64,eo_weo_German
872190,933,f,a50_54,onao_Canadian
451116,933,f,a15_19,eo_weo_German
721914,933,f,a50_54,eo_oeo
477686,933,m,a15_19,eo_fo
274004,933,m,a15_19,eo_weo_German
307596,933,m,a10_14,eo_bio_English
905400,933,m,a20_24,onao_Canadian
285456,933,f,a20_24,eo_bio_Scottish
172357,933,m,a5_9,eo_neo
249668,933,m,a60_64,eo_weo_Dutch
221769,933,f,a45_49,onao_Canadian
538019,933,m,a50_54,naao
202826,933,m,a50_54,eo_fo
79017,933,m,a35_39,onao_Canadian
345849,933,f,a0_4,eo_bio_Scottish
632446,933,f,a55_59,eo_weo_German
353305,933,m,a50_54,onao_Canadian
304097,933,m,a0_4,eo_weo_German
817019,933,f,a20_24,eo_weo_German
115722,933,f,a45_49,onao_Canadian
917903,933,f,a45_49,eo_neo
678606,933,m,a5_9,naao
294161,933,f,a55_59,eo_bio_Irish
28612,933,m,a60_64,onao_Canadian
223651,933,m,a35_39,eo_weo_German
189625,933,m,a15_19,eo_weo_German
781221,933,f,a15_19,eo_obio
473574,933,f,a30_34,eo_neo
599801,933,m,a60_64,eo_weo_German
137835,933,m,a15_19,eo_bio_English
358891,933,m,a40_44,ao_esao_Chinese
630018,933,m,a30_34,eo_fo
794596,933,f,a35_39,eo_fo
127786,933,m,a0_4,onao_Canadian
305098,933,f,a40_44,eo_bio_Irish
689662,933,f,a20_24,eo_bio_English
763502,933,f,a25_29,eo_oeo
716308,933,f,a50_54,eo_bio_English
558734,933,f,a55_59,onao_Canadian
387738,933,f,a50_54,eo_bio_English
864791,933,m,a45_49,eo_bio_Irish
250230,933,f,a25_29,eo_fo
67809,933,m,a50_54,onao_Canadian
420772,933,f,a30_34,eo_seo_Portuguese
52958,933,f,a25_29,eo_weo_Dutch
547424,933,m,a30_34,eo_obio
301404,933,m,a60_64,eo_bio_English
633886,933,f,a65_69,eo_bio_English
74744,933,m,a45_49,eo_weo_German
597246,933,m,a30_34,onao_Canadian
217134,933,f,a25_29,eo_fo
83565,933,f,a15_19,eo_bio_Scottish
849441,933,f,a55_59,eo_bio_Scottish
712501,933,m,a25_29,eo_bio_Scottish
339824,933,m,a45_49,eo_bio_Irish
149385,933,m,a55_59,naao
662407,933,f,a5_9,eo_bio_Irish
372220,933,f,a60_64,ao_oesao
784851,933,m,a30_34,onao_Canadian
336934,933,m,a0_4,onao_Canadian
743109,933,m,a5_9,naao
629090,933,m,a45_49,onao_Canadian
141614,933,f,a10_14,eo_fo
396386,933,m,a40_44,eo_neo
461165,933,m,a20_24,eo_bio_Scottish
109706,933,m,a25_29,onao_Canadian
293493,933,m,a0_4,eo_neo
412211,933,f,a25_29,eo_eeo_Russian
78487,933,f,a30_34,eo_obio
152378,933,m,a10_14,eo_obio
838848,933,f,a70_74,eo_weo_German
7974,933,f,a40_44,naao
4156,933,m,a25_29,eo_bio_English
530761,933,m,a45_49,eo_bio_Scottish
910039,933,f,a0_4,eo_weo_Dutch
609662,933,f,a15_19,ao_esao_Filipino
6143,933,m,a55_59,eo_bio_Irish
833979,933,f,a55_59,onao_Canadian
