PPSORT,CMA,AGE,SEX,RACE
359002,933,f,a65_69,ao_wcameo
718549,933,f,a35_39,ao_wcameo
556933,933,f,a60_64,eo_neo
155043,933,m,a5_9,eo_bio_Irish
125653,933,f,a10_14,eo_bio_English
90993,933,f,a20_24,eo_weo_Dutch
260215,933,m,a75_79,eo_bio_English
373339,933,m,a5_9,onao_Canadian
428185,933,f,a40_44,ao_wcameo
878907,933,m,a50_54,eo_weo_German
181442,933,f,a50_54,onao_Canadian
623049,933,m,a5_9,onao_Canadian
175126,933,f,a15_19,eo_bio_English
829364,933,f,a40_44,eo_obio
85071,933,m,a40_44,eo_neo
396811,933,m,a45_49,eo_eeo_Ukrainian
464446,933,m,a10_14,eo_bio_Scottish
682514,933,m,a5_9,eo_eeo_Ukrainian
557859,933,m,a75_79,eo_bio_Scottish
802543,933,f,a85_,eo_eeo_Ukrainian
342545,933,m,a40_44,eo_bio_English
430921,933,f,a10_14,eo_bio_Scottish
365301,933,f,a40_44,ao_wcameo
704618,933,m,a50_54,ao_esao_Chinese
318740,933,f,a55_59,eo_oeeo
847778,933,m,a70_74,ao_esao_Chinese
881135,933,f,a50_54,onao_Canadian
772261,933,m,a25_29,eo_bio_Scottish
633401,933,m,a70_74,eo_obio
697314,933,m,a50_54,onao_Canadian
560479,933,f,a65_69,eo_weo_Dutch
163552,933,m,a30_34,eo_oeeo
668097,933,m,a25_29,ao_wcameo
6426,933,m,a80_84,eo_bio_Scottish
883785,933,m,a55_59,onao_Canadian
647003,933,m,a80_84,eo_fo
532137,933,f,a35_39,eo_bio_Scottish
334403,933,f,a50_54,eo_eeo_Ukrainian
807730,933,m,a75_79,onao_Canadian
587576,933,f,a5_9,ao_wcameo
462142,933,m,a50_54,ao_wcameo
107584,933,m,a35_39,eo_neo
188363,933,f,a65_69,onao_Canadian
497112,933,m,a40_44,onao_Canadian
450913,933,m,a5_9,eo_oseo
316704,933,m,a85_,eo_weo_Dutch
804962,933,m,a25_29,ao_wcameo
345497,933,f,a55_59,eo_oseo
446368,933,m,a50_54,oo
300158,933,f,a60_64,ao_wcameo
179862,933,m,a35_39,eo_bio_Irish
861817,933,f,a10_14,ao_wcameo
200980,933,f,a15_19,onao_Canadian
351882,933,f,a40_44,eo_weo_German
217532,933,f,a70_74,onao_Canadian
779142,933,m,a80_84,eo_oseo
804686,933,m,a50_54,ao_wcameo
25756,933,f,a65_69,eo_oseo
16355,933,m,a75_79,eo_oseo
828141,933,f,a55_59,ao_esao_Chinese
734098,933,m,a45_49,eo_weo_Dutch
686521,933,f,a45_49,onao_Canadian
17850,933,m,a45_49,ao_wcameo
77421,933,m,a45_49,eo_obio
451735,933,m,a15_19,eo_oeeo
884090,933,m,a5_9,eo_bio_Scottish
390505,933,m,a75_79,onao_Canadian
770820,933,f,a15_19,onao_Canadian
214684,933,f,a40_44,eo_weo_German
651560,933,f,a55_59,ao_esao_Chinese
6552,933,f,a40_44,eo_weo_Dutch
259467,933,f,a55_59,onao_Canadian
781175,933,f,a85_,ao_esao_Chinese
864385,933,m,a5_9,ao_esao_Chinese
348030,933,f,a60_64,oo
375515,933,f,a55_59,ao_esao_Chinese
268137,933,m,a50_54,eo_bio_Scottish
738877,933,f,a60_64,onao_Canadian
281331,933,f,a15_19,eo_oeeo
273939,933,m,a10_14,ao_wcameo
350651,933,m,a40_44,eo_weo_German
626766,933,f,a5_9,ao_oesao
415317,933,m,a75_79,onao_Canadian
458720,933,m,a55_59,onao_Canadian
55259,933,m,a15_19,eo_bio_Scottish
144928,933,f,a10_14,eo_bio_English
707828,933,m,a55_59,eo_oseo
326350,933,m,a40_44,eo_eeo_Ukrainian
396028,933,f,a60_64,onao_Canadian
668680,933,m,a75_79,ao_sao_ei
106590,933,f,a5_9,ao_wcameo
206492,933,f,a15_19,ao_wcameo
677523,933,m,a10_14,eo_bio_English
569424,933,m,a10_14,eo_bio_Irish
367698,933,m,a15_19,onao_Canadian
494422,933,f,a35_39,eo_neo
613604,933,m,a45_49,eo_bio_Scottish
348812,933,f,a85_,eo_obio
98345,933,f,a35_39,eo_bio_Irish
718342,933,f,a55_59,eo_eeo_Polish
55373,933,m,a50_54,ao_sao_ei
59440,933,m,a10_14,naao
529791,933,f,a70_74,eo_bio_English
219097,933,m,a25_29,ao_esao_Chinese
453315,933,m,a75_79,ao_esao_Chinese
383255,933,m,a15_19,eo_eeo_Polish
762693,933,f,a75_79,ao_sao_ei
645007,933,m,a10_14,ao_wcameo
73275,933,f,a5_9,onao_Canadian
758873,933,f,a45_49,eo_oeeo
487006,933,m,a75_79,eo_eeo_Polish
143154,933,f,a50_54,ao_esao_Chinese
683986,933,f,a75_79,eo_bio_English
476141,933,f,a75_79,eo_bio_Scottish
329546,933,m,a30_34,onao_Canadian
39593,933,f,a15_19,onao
434798,933,m,a10_14,ao_wcameo
59728,933,f,a60_64,eo_eeo_Ukrainian
722752,933,f,a60_64,ao_esao_Chinese
9107,933,f,a60_64,eo_bio_Scottish
909635,933,m,a5_9,ao_wcameo
864065,933,m,a35_39,onao_Canadian
693507,933,f,a80_84,onao_Canadian
193210,933,m,a65_69,ao_esao_Chinese
850821,933,m,a70_74,eo_bio_English
929787,933,m,a5_9,ao_esao_Chinese
34352,933,m,a85_,eo_eeo_Polish
813527,933,m,a40_44,ao_wcameo
547175,933,m,a20_24,ao_wcameo
730604,933,m,a45_49,eo_bio_English
927663,933,m,a25_29,eo_obio
730857,933,m,a50_54,eo_weo_Dutch
141385,933,m,a20_24,eo_weo_German
365816,933,f,a55_59,onao_Canadian
355562,933,f,a70_74,onao_Canadian
564270,933,m,a80_84,ao_wcameo
78784,933,f,a35_39,oo
816912,933,m,a60_64,ao_esao_Chinese
631286,933,m,a65_69,eo_oseo
449056,933,f,a70_74,ao_wcameo
201812,933,f,a20_24,oo
35716,933,m,a60_64,ao_esao_Chinese
512756,933,f,a15_19,eo_eeo_Ukrainian
52279,933,f,a45_49,eo_bio_English
373080,933,m,a40_44,eo_weo_Dutch
319440,933,f,a55_59,eo_oseo
465469,933,f,a40_44,ao_wcameo
469083,933,m,a70_74,eo_weo_Dutch
221809,933,m,a10_14,ao_wcameo
735412,933,f,a50_54,onao_Canadian
145965,933,m,a30_34,eo_bio_Scottish
306442,933,f,a15_19,eo_bio_English
882740,933,m,a0_4,oo
487914,933,f,a40_44,eo_bio_English
181631,933,f,a45_49,eo_eeo_Ukrainian
311990,933,f,a80_84,ao_oesao
580474,933,f,a35_39,ao_wcameo
738107,933,m,a0_4,eo_eeo_Ukrainian
652015,933,m,a50_54,eo_bio_Irish
515615,933,m,a10_14,onao_Canadian
5498,933,f,a45_49,onao_Canadian
724034,933,m,a60_64,eo_bio_Scottish
210694,933,f,a15_19,eo_weo_German
778485,933,m,a45_49,eo_bio_English
217686,933,m,a55_59,eo_bio_English
445698,933,f,a55_59,eo_weo_Dutch
750709,933,f,a55_59,ao_wcameo
383684,933,f,a75_79,oo
4539,933,m,a80_84,eo_oeeo
722359,933,m,a60_64,eo_weo_Dutch
481160,933,f,a25_29,ao_esao_Chinese
535593,933,m,a60_64,eo_weo_Dutch
414298,933,m,a50_54,eo_weo_German
288676,933,f,a15_19,onao_Canadian
364781,933,m,a80_84,ao_wcameo
85700,933,m,a15_19,ao_sao_ei
863158,933,f,a50_54,eo_bio_English
246298,933,f,a35_39,eo_eeo_Ukrainian
4289,933,f,a40_44,ao_sao_ei
111145,933,f,a35_39,eo_weo_German
48156,933,m,a70_74,ao_wcameo
402957,933,m,a45_49,ao_wcameo
293655,933,m,a10_14,onao_Canadian
545174,933,m,a10_14,onao
109232,933,m,a55_59,eo_bio_English
235377,933,m,a80_84,ao_esao_Chinese
867095,933,m,a5_9,onao_Canadian
541523,933,m,a20_24,eo_obio
569787,933,f,a70_74,eo_eeo_Polish
739023,933,m,a55_59,eo_weo_German
659920,933,m,a50_54,naao
140026,933,m,a65_69,onao
586140,933,m,a50_54,eo_eeo_Ukrainian
285818,933,m,a15_19,eo_bio_English
760661,933,f,a15_19,oo
11352,933,f,a75_79,onao_Canadian
189726,933,m,a70_74,eo_bio_Scottish
273483,933,m,a40_44,ao_esao_Chinese
742935,933,m,a60_64,eo_eeo_Ukrainian
123192,933,f,a50_54,eo_bio_Scottish
813344,933,m,a10_14,onao_Canadian
118636,933,f,a30_34,eo_eeo_Ukrainian
289474,933,f,a60_64,ao_wcameo
360480,933,m,a65_69,eo_oseo
559900,933,f,a60_64,ao_wcameo
555181,933,f,a40_44,eo_weo_German
656302,933,m,a75_79,eo_eeo_Polish
438144,933,m,a55_59,eo_obio
214046,933,f,a70_74,eo_bio_Irish
42568,933,f,a60_64,eo_bio_Irish
698023,933,m,a40_44,ao_wcameo
435182,933,m,a20_24,eo_oeeo
869144,933,m,a80_84,ao_wcameo
267904,933,f,a60_64,eo_bio_English
295922,933,f,a70_74,naao
72963,933,m,a15_19,eo_bio_English
414076,933,f,a10_14,eo_oseo
446722,933,m,a0_4,eo_weo_German
802196,933,f,a55_59,onao_Canadian
684461,933,m,a10_14,onao_Canadian
736132,933,f,a75_79,eo_bio_Irish
371277,933,f,a40_44,eo_oseo
852678,933,f,a20_24,oo
753695,933,f,a35_39,eo_eeo_Ukrainian
848112,933,f,a10_14,eo_eeo_Ukrainian
183439,933,f,a5_9,eo_eeo_Polish
690101,933,f,a45_49,eo_eeo_Polish
172501,933,f,a15_19,eo_obio
596922,933,f,a20_24,eo_weo_Dutch
865821,933,m,a5_9,eo_bio_Scottish
224683,933,m,a20_24,eo_bio_English
307599,933,m,a35_39,ao_wcameo
594819,933,f,a55_59,ao_esao_Chinese
364619,933,m,a80_84,eo_bio_Irish
567377,933,f,a75_79,eo_bio_Scottish
318182,933,f,a50_54,eo_bio_Scottish
88684,933,f,a50_54,eo_bio_English
872190,933,f,a55_59,naao
451116,933,m,a15_19,eo_bio_English
721914,933,f,a0_4,eo_bio_Scottish
477686,933,m,a50_54,eo_weo_German
274004,933,m,a30_34,eo_oeeo
307596,933,m,a25_29,onao_Canadian
905400,933,m,a50_54,ao_esao_Chinese
285456,933,f,a15_19,eo_bio_Scottish
172357,933,f,a15_19,onao_Canadian
249668,933,f,a10_14,eo_oeeo
221769,933,f,a50_54,onao_Canadian
538019,933,m,a40_44,eo_neo
202826,933,f,a60_64,eo_bio_English
79017,933,m,a50_54,eo_eeo_Ukrainian
345849,933,m,a85_,eo_neo
632446,933,m,a60_64,oo
353305,933,f,a55_59,ao_esao_Chinese
304097,933,m,a40_44,onao
817019,933,m,a15_19,eo_weo_Dutch
115722,933,f,a5_9,eo_eeo_Ukrainian
917903,933,m,a40_44,eo_bio_English
678606,933,m,a45_49,eo_eeo_Ukrainian
294161,933,m,a40_44,ao_wcameo
28612,933,f,a10_14,ao_wcameo
223651,933,m,a40_44,eo_obio
189625,933,m,a15_19,eo_bio_English
781221,933,f,a70_74,onao_Canadian
473574,933,f,a70_74,ao_esao_Chinese
599801,933,m,a15_19,naao
137835,933,m,a50_54,eo_eeo_Ukrainian
358891,933,f,a0_4,eo_weo_Dutch
630018,933,f,a65_69,ao_wcameo
794596,933,f,a40_44,ao_wcameo
127786,933,m,a15_19,eo_neo
305098,933,f,a10_14,eo_bio_English
689662,933,f,a55_59,eo_oeeo
763502,933,m,a0_4,eo_eeo_Ukrainian
716308,933,m,a0_4,ao_sao_ei
558734,933,f,a15_19,ao_sao_ei
387738,933,m,a75_79,eo_weo_German
864791,933,f,a30_34,onao_Canadian
250230,933,m,a70_74,ao_esao_Chinese
67809,933,f,a15_19,onao_Canadian
420772,933,m,a20_24,eo_bio_Scottish
52958,933,m,a40_44,eo_weo_German
547424,933,m,a40_44,ao_wcameo
301404,933,f,a75_79,onao_Canadian
633886,933,m,a45_49,eo_bio_English
74744,933,m,a0_4,onao_Canadian
597246,933,m,a25_29,ao_sao_ei
217134,933,m,a15_19,eo_obio
83565,933,m,a55_59,ao_wcameo
849441,933,m,a5_9,onao_Canadian
712501,933,m,a15_19,oo
339824,933,f,a50_54,eo_bio_Scottish
149385,933,f,a85_,eo_eeo_Polish
662407,933,m,a10_14,ao_esao_Chinese
372220,933,m,a5_9,ao_wcameo
784851,933,f,a80_84,onao_Canadian
336934,933,m,a75_79,eo_bio_Irish
743109,933,m,a20_24,eo_bio_English
629090,933,f,a50_54,eo_oseo
141614,933,f,a30_34,onao
396386,933,f,a60_64,eo_eeo_Polish
461165,933,m,a40_44,eo_bio_English
109706,933,f,a50_54,ao_wcameo
293493,933,m,a40_44,ao_wcameo
412211,933,m,a50_54,ao_esao_Chinese
78487,933,m,a55_59,eo_bio_Irish
152378,933,m,a60_64,ao_wcameo
838848,933,m,a40_44,eo_bio_Irish
7974,933,m,a45_49,eo_bio_Irish
4156,933,m,a40_44,naao
530761,933,m,a75_79,eo_eeo_Polish
910039,933,f,a40_44,ao_wcameo
609662,933,m,a10_14,onao_Canadian
6143,933,m,a20_24,eo_weo_German
833979,933,f,a20_24,ao_oesao
413169,933,m,a45_49,eo_obio
450140,933,m,a40_44,eo_oeeo
750906,933,f,a55_59,eo_eeo_Ukrainian
175332,933,m,a50_54,ao_esao_Chinese
312864,933,m,a10_14,eo_eeo_Ukrainian
191184,933,f,a15_19,onao_Canadian
582821,933,m,a40_44,eo_obio
646213,933,m,a10_14,ao_wcameo
232344,933,f,a15_19,eo_bio_Scottish
222044,933,f,a20_24,ao_esao_Chinese
868108,933,m,a45_49,eo_bio_Scottish
583709,933,m,a45_49,eo_bio_English
262106,933,m,a20_24,eo_neo
642715,933,m,a10_14,onao
46710,933,f,a10_14,oo
441245,933,m,a60_64,eo_bio_Irish
621602,933,f,a40_44,eo_eeo_Ukrainian
50204,933,f,a55_59,onao_Canadian
383857,933,f,a50_54,eo_eeo_Ukrainian
523973,933,f,a5_9,eo_obio
879728,933,f,a50_54,eo_eeo_Ukrainian
819893,933,m,a5_9,ao_esao_Chinese
506225,933,f,a55_59,naao
58823,933,m,a50_54,onao_Canadian
398166,933,f,a45_49,ao_wcameo
365152,933,m,a65_69,eo_eeo_Ukrainian
708184,933,m,a35_39,eo_bio_Irish
108677,933,f,a20_24,eo_oeeo
452522,933,f,a50_54,eo_weo_German
716355,933,m,a35_39,ao_sao_ei
391087,933,f,a85_,onao_Canadian
871210,933,f,a0_4,eo_oeeo
146778,933,m,a60_64,eo_eeo_Ukrainian
538673,933,m,a65_69,ao_esao_Chinese
601730,933,f,a40_44,eo_bio_English
66455,933,f,a20_24,eo_bio_Scottish
916516,933,m,a65_69,eo_obio
535206,933,m,a80_84,ao_wcameo
576821,933,f,a30_34,eo_bio_English
239988,933,m,a30_34,onao_Canadian
471371,933,m,a55_59,eo_obio
744977,933,f,a0_4,eo_weo_German
644485,933,m,a55_59,eo_bio_Scottish
311364,933,m,a60_64,eo_bio_English
76150,933,m,a30_34,onao_Canadian
277992,933,m,a70_74,eo_eeo_Ukrainian
799739,933,f,a70_74,eo_obio
290903,933,f,a55_59,onao_Canadian
267453,933,m,a45_49,eo_obio
690343,933,m,a10_14,eo_oseo
113594,933,m,a70_74,ao_esao_Chinese
424528,933,m,a85_,eo_bio_Scottish
407450,933,m,a50_54,eo_oseo
339234,933,m,a10_14,ao_wcameo
297048,933,f,a5_9,ao_wcameo
389688,933,m,a40_44,eo_bio_Irish
671666,933,f,a5_9,eo_weo_Dutch
728235,933,f,a20_24,onao
252469,933,m,a40_44,eo_neo
21164,933,m,a15_19,onao_Canadian
898320,933,m,a40_44,eo_bio_English
345583,933,m,a80_84,onao_Canadian
858338,933,f,a45_49,ao_wcameo
929335,933,f,a10_14,ao_wcameo
184632,933,f,a5_9,eo_weo_German
567962,933,f,a80_84,ao_wcameo
167008,933,f,a65_69,eo_bio_English
902196,933,m,a35_39,eo_obio
272185,933,f,a40_44,eo_bio_Scottish
176001,933,f,a70_74,eo_bio_English
