PPSORT,CMA,AGE,SEX,RACE,KOL,WORKLANG,MARST,DWEL,MOBL
894397,933,a65_69,m,ao_esao_Chinese,no.official_lang,work.official_lang,married,other.attached,non.movers
104707,933,a55_59,f,eo_eeo_Hungarian,official_lang,work.official_lang,no.married,apartment,non.movers
900765,933,a10_14,m,ao_esao_Chinese,official_lang,work.no.official_lang,no.married,apartment,non.movers
867372,933,a25_29,m,ao_wcameo,official_lang,work.official_lang,no.married,other.attached,nonmigrants.movers
804346,933,a40_44,f,eo_fo,official_lang,work.official_lang,married,apartment,non.movers
337875,933,a5_9,f,ao_wcameo,official_lang,work.no.official_lang,no.married,apartment,interprovincial.movers
285415,933,a40_44,f,ao_esao_Chinese,official_lang,work.official_lang,married,other.attached,non.movers
734559,933,a0_4,f,onao_Canadian,official_lang,work.no.official_lang,no.married,apartment,non.movers
69138,933,a5_9,m,ao_wcameo,official_lang,work.no.official_lang,no.married,single.detached.house,non.movers
743199,933,a75_79,m,eo_bio_English,official_lang,work.official_lang,divorced,apartment,non.movers
734737,933,a45_49,f,ao_esao_Chinese,official_lang,work.no.official_lang,married,other.attached,non.movers
235780,933,a85_,f,eo_neo,official_lang,work.no.official_lang,married,single.detached.house,non.movers
502855,933,a40_44,f,lcsao,official_lang,work.no.official_lang,married,single.detached.house,non.movers
331809,933,a20_24,m,ao_sao_ei,official_lang,work.no.official_lang,no.married,apartment,non.movers
288676,933,a30_34,m,ao_sao_ei,official_lang,work.official_lang,no.married,apartment,non.movers
847198,933,a55_59,f,ao_esao_Chinese,official_lang,work.no.official_lang,divorced,apartment,non.movers
467385,933,a40_44,m,ao_sao_ei,official_lang,work.official_lang,married,apartment,external.movers
507523,933,a55_59,m,ao_sao_ei,official_lang,work.official_lang,married,single.detached.house,non.movers
690976,933,a60_64,m,ao_esao_Chinese,official_lang,work.official_lang,separated,single.detached.house,non.movers
92374,933,a0_4,m,ao_esao_Filipino,official_lang,work.no.official_lang,no.married,apartment,non.movers
458823,933,a65_69,m,ao_sao_ei,official_lang,work.official_lang,married,apartment,non.movers
136597,933,a30_34,m,ao_esao_Filipino,official_lang,work.official_lang,married,single.detached.house,non.movers
854789,933,a40_44,f,eo_seo_Italian,official_lang,work.no.official_lang,married,apartment,non.movers
374909,933,a5_9,m,ao_esao_Chinese,official_lang,work.no.official_lang,no.married,other.attached,non.movers
135896,933,a60_64,f,ao_esao_Chinese,official_lang,work.no.official_lang,divorced,apartment,non.movers
391012,933,a85_,m,ao_esao_Chinese,no.official_lang,work.no.official_lang,married,single.detached.house,non.movers
528682,933,a55_59,f,ao_wcameo,official_lang,work.official_lang,married,apartment,non.movers
675100,933,a5_9,f,onao_Canadian,official_lang,work.no.official_lang,no.married,apartment,non.movers
383238,933,a30_34,m,eo_oeeo,official_lang,work.official_lang,married,other.attached,nonmigrants.movers
721253,933,a25_29,f,ao_esao_Chinese,official_lang,work.official_lang,no.married,other.attached,non.movers
245614,933,a65_69,m,onao_Canadian,official_lang,work.official_lang,no.married,single.detached.house,nonmigrants.movers
789109,933,a75_79,m,ao_esao_Chinese,official_lang,work.no.official_lang,married,apartment,non.movers
32251,933,a50_54,f,ao_esao_Chinese,no.official_lang,work.no.official_lang,no.married,apartment,non.movers
836081,933,a85_,f,ao_esao_Chinese,no.official_lang,work.no.official_lang,widowed,other.attached,non.movers
384624,933,a0_4,m,ao_esao_Filipino,official_lang,work.no.official_lang,no.married,other.attached,non.movers
566694,933,a5_9,m,ao_wcameo,official_lang,work.no.official_lang,no.married,other.attached,non.movers
230199,933,a10_14,f,ao_sao_ei,official_lang,work.no.official_lang,no.married,apartment,non.movers
878344,933,a60_64,m,ao_oesao,no.official_lang,work.no.official_lang,married,apartment,non.movers
128900,933,a10_14,m,ao_esao_Filipino,official_lang,work.no.official_lang,no.married,other.attached,non.movers
68438,933,a40_44,f,ao_esao_Chinese,official_lang,work.official_lang,married,apartment,non.movers
445549,933,a40_44,f,ao_sao_ei,official_lang,work.official_lang,married,apartment,non.movers
203167,933,a25_29,f,ao_sao_ei,official_lang,work.official_lang,married,apartment,external.movers
527896,933,a30_34,f,ao_sao_ei,official_lang,work.official_lang,no.married,single.detached.house,non.movers
674069,933,a45_49,f,ao_esao_Filipino,official_lang,work.official_lang,married,apartment,non.movers
431960,933,a10_14,f,ao_sao_ei,official_lang,work.no.official_lang,no.married,single.detached.house,non.movers
118647,933,a55_59,f,ao_oesao,official_lang,work.official_lang,married,other.attached,non.movers
741364,933,a15_19,f,ao_sao_ei,official_lang,work.no.official_lang,no.married,apartment,non.movers
849080,933,a80_84,m,ao_oesao,no.official_lang,work.no.official_lang,married,apartment,non.movers
328506,933,a70_74,m,ao_sao_ei,no.official_lang,work.no.official_lang,married,single.detached.house,non.movers
756146,933,a15_19,m,ao_sao_ei,official_lang,work.official_lang,no.married,apartment,non.movers
343755,933,a60_64,f,ao_oesao,official_lang,work.no.official_lang,separated,apartment,other.movers
272715,933,a40_44,f,onao_Canadian,official_lang,work.official_lang,living.common.law,single.detached.house,non.movers
392914,933,a45_49,m,eo_oeeo,official_lang,work.official_lang,living.common.law,apartment,non.movers
232650,933,a85_,m,ao_sao_ei,official_lang,work.no.official_lang,married,apartment,non.movers
750579,933,a40_44,m,oo,official_lang,work.official_lang,married,other.attached,non.movers
844340,933,a70_74,f,eo_weo_German,official_lang,work.no.official_lang,married,single.detached.house,non.movers
401657,933,a50_54,m,ao_sao_ei,official_lang,work.official_lang,no.married,single.detached.house,non.movers
901268,933,a35_39,m,onao_Canadian,official_lang,work.official_lang,married,other.attached,non.movers
46471,933,a70_74,f,ao_sao_ei,no.official_lang,work.no.official_lang,married,single.detached.house,non.movers
640081,933,a75_79,f,eo_eeo_Russian,no.official_lang,work.no.official_lang,widowed,apartment,non.movers
209742,933,a20_24,m,eo_bio_Scottish,official_lang,work.official_lang,no.married,other.attached,non.movers
921821,933,a60_64,f,onao_Canadian,official_lang,work.official_lang,separated,other.attached,non.movers
630069,933,a30_34,f,eo_seo_Spanish,official_lang,work.official_lang,married,apartment,non.movers
324224,933,a5_9,m,ao_sao_ei,official_lang,work.no.official_lang,no.married,apartment,non.movers
445744,933,a45_49,m,ao_oesao,no.official_lang,work.no.official_lang,divorced,apartment,non.movers
674639,933,a55_59,f,ao_sao_ei,no.official_lang,work.no.official_lang,married,other.attached,non.movers
700573,933,a60_64,f,ao_oesao,official_lang,work.no.official_lang,married,single.detached.house,non.movers
258419,933,a45_49,f,ao_esao_Chinese,official_lang,work.official_lang,divorced,single.detached.house,other.movers
455505,933,a50_54,f,eo_bio_English,official_lang,work.no.official_lang,married,single.detached.house,non.movers
494110,933,a40_44,f,ao_esao_Chinese,no.official_lang,work.no.official_lang,married,apartment,non.movers
753306,933,a55_59,f,eo_bio_English,official_lang,work.official_lang,divorced,single.detached.house,non.movers
727559,933,a0_4,m,onao_Canadian,official_lang,work.no.official_lang,no.married,single.detached.house,other.movers
656854,933,a20_24,m,eo_oeeo,official_lang,work.official_lang,no.married,apartment,non.movers
608286,933,a85_,f,eo_bio_Irish,official_lang,work.no.official_lang,married,single.detached.house,non.movers
426225,933,a5_9,f,onao_Canadian,official_lang,work.no.official_lang,no.married,single.detached.house,non.movers
162835,933,a15_19,f,lcsao,official_lang,work.official_lang,no.married,other.attached,non.movers
294571,933,a35_39,f,ao_esao_Chinese,official_lang,work.official_lang,married,apartment,non.movers
609987,933,a10_14,f,ao,official_lang,work.no.official_lang,no.married,other.attached,non.movers
84553,933,a35_39,f,ao_esao_Chinese,official_lang,work.no.official_lang,no.married,other.attached,non.movers
327935,933,a0_4,m,onao_Canadian,official_lang,work.no.official_lang,no.married,single.detached.house,non.movers
766397,933,a45_49,f,ao_esao_Filipino,official_lang,work.official_lang,married,other.attached,non.movers
53796,933,a20_24,f,ao_osao,official_lang,work.official_lang,no.married,apartment,non.movers
742201,933,a70_74,f,eo_seo_Italian,official_lang,work.no.official_lang,married,apartment,non.movers
483638,933,a50_54,f,ao_oesao,official_lang,work.no.official_lang,married,other.attached,non.movers
288398,933,a15_19,m,ao_sao_ei,official_lang,work.official_lang,no.married,apartment,non.movers
867471,933,a40_44,f,ao_esao_Chinese,no.official_lang,work.no.official_lang,married,apartment,non.movers
212845,933,a30_34,f,ao_sao_ei,official_lang,work.official_lang,married,single.detached.house,non.movers
411167,933,a55_59,m,eo_eeo_Ukrainian,official_lang,work.official_lang,married,apartment,non.movers
738751,933,a40_44,m,ao_esao_Filipino,official_lang,work.official_lang,married,other.attached,non.movers
846770,933,a30_34,f,ao_oesao,official_lang,work.no.official_lang,no.married,apartment,external.movers
670625,933,a5_9,m,ao_wcameo,official_lang,work.no.official_lang,no.married,single.detached.house,non.movers
449830,933,a35_39,m,ao_esao_Chinese,official_lang,work.no.official_lang,married,apartment,nonmigrants.movers
556429,933,a40_44,m,ao_oesao,official_lang,work.no.official_lang,married,other.attached,non.movers
577958,933,a45_49,m,ao_oesao,official_lang,work.official_lang,married,single.detached.house,non.movers
120208,933,a65_69,f,ao_esao_Chinese,official_lang,work.no.official_lang,widowed,other.attached,non.movers
534093,933,a20_24,m,ao_sao_ei,official_lang,work.no.official_lang,no.married,apartment,external.movers
307032,933,a10_14,m,eo_seo_Spanish,official_lang,work.no.official_lang,no.married,apartment,non.movers
573303,933,a15_19,m,onao_Canadian,official_lang,work.no.official_lang,no.married,single.detached.house,non.movers
27033,933,a55_59,f,ao_oesao,official_lang,work.no.official_lang,no.married,apartment,non.movers
577197,933,a10_14,m,ao_esao_Chinese,official_lang,work.no.official_lang,no.married,other.attached,non.movers
746588,933,a15_19,m,ao_esao_Filipino,official_lang,work.official_lang,no.married,other.attached,non.movers
24763,933,a50_54,m,eo_eeo_Russian,official_lang,work.official_lang,married,single.detached.house,non.movers
919493,933,a30_34,m,ao_esao_Chinese,official_lang,work.official_lang,no.married,apartment,non.movers
135967,933,a30_34,f,eo_eeo_Polish,official_lang,work.official_lang,no.married,other.attached,non.movers
417611,933,a30_34,f,ao_esao_Chinese,official_lang,work.official_lang,married,apartment,non.movers
781521,933,a5_9,f,onao_Canadian,official_lang,work.no.official_lang,no.married,single.detached.house,non.movers
663383,933,a20_24,m,onao_Canadian,official_lang,work.official_lang,no.married,single.detached.house,non.movers
775540,933,a55_59,m,ao_esao_Chinese,no.official_lang,work.official_lang,married,apartment,non.movers
387738,933,a15_19,m,onao_Canadian,official_lang,work.official_lang,no.married,other.attached,non.movers
422403,933,a65_69,f,eo_oeeo,official_lang,work.official_lang,divorced,apartment,non.movers
682248,933,a30_34,m,ao_sao_ei,official_lang,work.official_lang,married,apartment,nonmigrants.movers
650198,933,a65_69,m,ao_osao,no.official_lang,work.no.official_lang,married,apartment,non.movers
339628,933,a25_29,f,ao_esao_Chinese,official_lang,work.no.official_lang,no.married,apartment,non.movers
5005,933,a15_19,f,onao_Canadian,official_lang,work.official_lang,no.married,single.detached.house,non.movers
772519,933,a15_19,f,ao_esao_Filipino,official_lang,work.no.official_lang,no.married,apartment,non.movers
138523,933,a0_4,m,eo_eeo_Ukrainian,no.official_lang,work.no.official_lang,no.married,single.detached.house,non.movers
887240,933,a5_9,f,ao_oesao,official_lang,work.no.official_lang,no.married,apartment,non.movers
533471,933,a60_64,f,ao_sao_ei,official_lang,work.official_lang,married,apartment,non.movers
897462,933,a30_34,m,ao_sao_ei,official_lang,work.official_lang,married,single.detached.house,non.movers
666208,933,a70_74,m,ao_esao_Chinese,no.official_lang,work.no.official_lang,married,single.detached.house,non.movers
335407,933,a15_19,m,onao_Canadian,official_lang,work.no.official_lang,no.married,single.detached.house,non.movers
359397,933,a25_29,m,eo_eeo_Polish,official_lang,work.official_lang,no.married,apartment,non.movers
439889,933,a40_44,m,eo_bio_English,official_lang,work.official_lang,married,apartment,non.movers
135224,933,a40_44,f,ao,official_lang,work.official_lang,married,apartment,non.movers
757054,933,a70_74,f,ao_esao_Chinese,no.official_lang,work.no.official_lang,married,other.attached,external.movers
680730,933,a25_29,f,ao_sao_ei,official_lang,work.official_lang,no.married,apartment,non.movers
353563,933,a45_49,m,ao_esao_Chinese,official_lang,work.no.official_lang,married,apartment,external.movers
921584,933,a30_34,m,onao_Canadian,official_lang,work.no.official_lang,no.married,single.detached.house,non.movers
696230,933,a25_29,m,ao_sao_ei,official_lang,work.official_lang,no.married,apartment,non.movers
902504,933,a15_19,f,eo_eeo_Polish,official_lang,work.no.official_lang,no.married,other.attached,non.movers
835256,933,a40_44,f,lcsao,official_lang,work.official_lang,married,other.attached,non.movers
319222,933,a55_59,m,ao_esao_Chinese,no.official_lang,work.no.official_lang,married,apartment,nonmigrants.movers
564446,933,a40_44,f,ao_esao_Chinese,no.official_lang,work.no.official_lang,married,apartment,non.movers
727678,933,a60_64,m,ao_sao_ei,official_lang,work.official_lang,married,other.attached,non.movers
172663,933,a55_59,m,ao_esao_Chinese,official_lang,work.no.official_lang,married,other.attached,non.movers
670862,933,a30_34,f,ao_esao_Chinese,official_lang,work.official_lang,living.common.law,apartment,non.movers
176925,933,a35_39,f,eo_oeeo,official_lang,work.official_lang,no.married,apartment,non.movers
73648,933,a50_54,f,eo_bio_English,official_lang,work.official_lang,divorced,other.attached,non.movers
552261,933,a20_24,f,onao_Canadian,official_lang,work.official_lang,no.married,single.detached.house,non.movers
258039,933,a35_39,m,ao_sao_ei,official_lang,work.official_lang,separated,single.detached.house,nonmigrants.movers
419946,933,a0_4,f,lcsao,official_lang,work.no.official_lang,no.married,other.attached,non.movers
95132,933,a10_14,m,ao_osao,official_lang,work.no.official_lang,no.married,apartment,non.movers
350236,933,a15_19,f,ao_sao_ei,official_lang,work.official_lang,no.married,other.attached,non.movers
123603,933,a15_19,f,eo_seo_Italian,official_lang,work.official_lang,no.married,single.detached.house,non.movers
375807,933,a30_34,f,ao_sao_ei,official_lang,work.official_lang,married,single.detached.house,non.movers
96113,933,a50_54,m,ao_wcameo,official_lang,work.no.official_lang,married,other.attached,non.movers
389074,933,a55_59,f,ao,official_lang,work.official_lang,married,apartment,non.movers
170954,933,a35_39,f,ao_sao_ei,official_lang,work.official_lang,married,single.detached.house,non.movers
547266,933,a85_,f,eo_bio_English,official_lang,work.no.official_lang,widowed,single.detached.house,non.movers
412972,933,a70_74,f,ao_sao_ei,official_lang,work.official_lang,widowed,apartment,non.movers
729681,933,a65_69,f,ao_esao_Chinese,no.official_lang,work.no.official_lang,widowed,apartment,nonmigrants.movers
564780,933,a20_24,f,ao_esao_Chinese,official_lang,work.official_lang,no.married,other.attached,non.movers
78913,933,a55_59,f,ao_esao_Chinese,no.official_lang,work.no.official_lang,widowed,single.detached.house,non.movers
518492,933,a75_79,m,ao_esao_Chinese,no.official_lang,work.no.official_lang,married,single.detached.house,non.movers
755865,933,a65_69,m,ao_sao_ei,official_lang,work.official_lang,married,apartment,non.movers
23999,933,a5_9,f,ao_sao_ei,official_lang,work.no.official_lang,no.married,apartment,other.movers
57836,933,a15_19,f,ao_sao_ei,official_lang,work.no.official_lang,no.married,apartment,non.movers
281931,933,a25_29,m,ao_osao,official_lang,work.official_lang,no.married,apartment,nonmigrants.movers
301223,933,a35_39,f,ao_esao_Chinese,official_lang,work.official_lang,married,apartment,nonmigrants.movers
526982,933,a20_24,f,onao_Canadian,official_lang,work.official_lang,no.married,single.detached.house,non.movers
321775,933,a35_39,f,ao_esao_Chinese,official_lang,work.official_lang,no.married,other.attached,non.movers
60266,933,a30_34,f,ao_esao_Chinese,official_lang,work.official_lang,no.married,apartment,non.movers
690764,933,a35_39,f,ao_esao_Chinese,official_lang,work.official_lang,no.married,apartment,non.movers
253396,933,a5_9,f,ao_wcameo,official_lang,work.no.official_lang,no.married,apartment,non.movers
690643,933,a40_44,f,ao_wcameo,official_lang,work.no.official_lang,married,apartment,non.movers
646007,933,a70_74,m,eo_bio_Irish,official_lang,work.official_lang,married,single.detached.house,non.movers
97987,933,a55_59,f,ao_esao_Filipino,official_lang,work.official_lang,no.married,apartment,non.movers
309501,933,a45_49,m,ao_sao_ei,no.official_lang,work.official_lang,married,apartment,non.movers
405251,933,a75_79,f,ao_esao_Chinese,no.official_lang,work.no.official_lang,married,apartment,non.movers
311714,933,a40_44,f,eo_bio_Irish,official_lang,work.official_lang,divorced,apartment,non.movers
130280,933,a60_64,f,ao_esao_Chinese,official_lang,work.official_lang,divorced,single.detached.house,non.movers
525576,933,a15_19,m,eo_eeo_Russian,official_lang,work.no.official_lang,no.married,other.attached,non.movers
26370,933,a15_19,m,lcsao,official_lang,work.official_lang,no.married,other.attached,non.movers
140021,933,a50_54,f,onao_Canadian,official_lang,work.official_lang,widowed,single.detached.house,non.movers
124090,933,a65_69,f,eo_eeo_Russian,official_lang,work.no.official_lang,widowed,single.detached.house,non.movers
219071,933,a40_44,f,ao_sao_ei,official_lang,work.official_lang,married,other.attached,nonmigrants.movers
755459,933,a45_49,m,eo_bio_English,official_lang,work.official_lang,married,single.detached.house,nonmigrants.movers
209056,933,a55_59,m,ao_sao_ei,official_lang,work.official_lang,married,apartment,non.movers
32665,933,a45_49,m,ao_esao_Filipino,official_lang,work.official_lang,married,other.attached,non.movers
883050,933,a35_39,f,ao_wcameo,official_lang,work.official_lang,married,single.detached.house,non.movers
829409,933,a65_69,m,eo_weo_German,official_lang,work.official_lang,married,single.detached.house,non.movers
492634,933,a15_19,f,ao_esao_Chinese,official_lang,work.no.official_lang,no.married,other.attached,non.movers
855377,933,a25_29,f,ao_esao_Chinese,official_lang,work.official_lang,no.married,apartment,nonmigrants.movers
697507,933,a15_19,m,ao_esao_Chinese,official_lang,work.no.official_lang,no.married,single.detached.house,non.movers
103330,933,a5_9,m,ao_sao_ei,official_lang,work.no.official_lang,no.married,apartment,non.movers
646801,933,a60_64,m,ao_sao_ei,official_lang,work.official_lang,married,apartment,nonmigrants.movers
927886,933,a30_34,m,ao_sao_ei,no.official_lang,work.official_lang,married,single.detached.house,non.movers
470476,933,a30_34,m,ao_sao_ei,official_lang,work.official_lang,married,single.detached.house,non.movers
391427,933,a65_69,f,onao_Canadian,official_lang,work.no.official_lang,divorced,apartment,nonmigrants.movers
751186,933,a40_44,f,ao_esao_Chinese,official_lang,work.no.official_lang,married,apartment,non.movers
526330,933,a20_24,m,ao_sao_ei,official_lang,work.official_lang,no.married,apartment,non.movers
18388,933,a35_39,m,onao_Canadian,official_lang,work.official_lang,living.common.law,apartment,non.movers
473523,933,a55_59,m,onao_Canadian,official_lang,work.official_lang,divorced,apartment,non.movers
672947,933,a35_39,m,onao_Canadian,official_lang,work.official_lang,living.common.law,other.attached,non.movers
638434,933,a50_54,f,ao_esao_Chinese,no.official_lang,work.no.official_lang,married,single.detached.house,non.movers
104314,933,a55_59,m,onao_Canadian,official_lang,work.official_lang,married,single.detached.house,non.movers
390623,933,a50_54,f,ao_esao_Chinese,official_lang,work.official_lang,married,apartment,non.movers
129301,933,a60_64,m,eo_bio_English,official_lang,work.no.official_lang,married,other.attached,other.movers
40992,933,a60_64,m,ao_osao,official_lang,work.official_lang,married,single.detached.house,non.movers
314241,933,a60_64,m,eo_bio_Scottish,official_lang,work.official_lang,separated,other.attached,non.movers
765613,933,a40_44,m,ao_osao,official_lang,work.official_lang,married,apartment,non.movers
759747,933,a10_14,f,onao_Canadian,official_lang,work.no.official_lang,no.married,apartment,non.movers
378691,933,a85_,m,eo_fo,official_lang,work.no.official_lang,married,single.detached.house,non.movers
530761,933,a5_9,f,ao_sao_ei,official_lang,work.no.official_lang,no.married,single.detached.house,non.movers
212448,933,a25_29,m,ao_osao,official_lang,work.official_lang,no.married,apartment,non.movers
133635,933,a35_39,f,eo_seo_Italian,official_lang,work.official_lang,married,apartment,non.movers
843180,933,a15_19,m,onao_Canadian,official_lang,work.official_lang,no.married,single.detached.house,non.movers
66621,933,a55_59,m,ao_oesao,no.official_lang,work.no.official_lang,no.married,apartment,non.movers
761014,933,a30_34,f,ao_sao_ei,official_lang,work.official_lang,married,single.detached.house,non.movers
555324,933,a80_84,m,ao_esao_Chinese,official_lang,work.no.official_lang,married,single.detached.house,non.movers
801448,933,a25_29,m,ao_wcameo,official_lang,work.no.official_lang,no.married,apartment,non.movers
790715,933,a25_29,f,eo_seo_Spanish,official_lang,work.official_lang,no.married,other.attached,non.movers
415311,933,a30_34,m,onao_Canadian,official_lang,work.official_lang,no.married,apartment,non.movers
310055,933,a20_24,f,naao,official_lang,work.no.official_lang,living.common.law,other.attached,non.movers
469677,933,a70_74,f,ao_esao_Chinese,official_lang,work.no.official_lang,married,apartment,non.movers
233472,933,a50_54,f,eo_weo_German,official_lang,work.no.official_lang,no.married,apartment,non.movers
369993,933,a5_9,m,ao_sao_ei,official_lang,work.no.official_lang,no.married,single.detached.house,non.movers
621036,933,a5_9,m,naao,official_lang,work.no.official_lang,no.married,single.detached.house,non.movers
342674,933,a0_4,m,ao_esao_Chinese,no.official_lang,work.no.official_lang,no.married,single.detached.house,non.movers
800453,933,a5_9,f,ao_sao_ei,official_lang,work.no.official_lang,no.married,apartment,non.movers
30440,933,a50_54,m,ao_wcameo,official_lang,work.no.official_lang,married,apartment,non.movers
712009,933,a10_14,f,ao_sao_ei,official_lang,work.no.official_lang,no.married,apartment,non.movers
29491,933,a0_4,m,ao_oesao,official_lang,work.no.official_lang,no.married,other.attached,non.movers
133143,933,a15_19,f,ao_wcameo,official_lang,work.no.official_lang,no.married,single.detached.house,other.movers
233342,933,a30_34,f,ao_sao_ei,official_lang,work.official_lang,married,single.detached.house,non.movers
210793,933,a60_64,f,ao_esao_Chinese,no.official_lang,work.no.official_lang,married,other.attached,non.movers
645686,933,a35_39,m,ao_esao_Chinese,official_lang,work.official_lang,married,apartment,non.movers
273229,933,a30_34,m,ao_sao_ei,official_lang,work.official_lang,married,apartment,interprovincial.movers
732716,933,a15_19,f,ao_esao_Chinese,official_lang,work.no.official_lang,no.married,apartment,non.movers
234509,933,a35_39,m,ao_esao_Filipino,official_lang,work.official_lang,married,other.attached,non.movers
643706,933,a25_29,f,ao_sao_ei,official_lang,work.official_lang,no.married,apartment,non.movers
865722,933,a10_14,m,ao_sao_ei,official_lang,work.no.official_lang,no.married,apartment,non.movers
642972,933,a15_19,m,onao_Canadian,official_lang,work.official_lang,no.married,other.attached,non.movers
455297,933,a40_44,m,ao_esao_Chinese,official_lang,work.no.official_lang,married,apartment,nonmigrants.movers
690200,933,a60_64,f,ao_sao_ei,no.official_lang,work.no.official_lang,married,apartment,non.movers
313605,933,a15_19,f,onao_Canadian,official_lang,work.official_lang,no.married,single.detached.house,non.movers
225742,933,a60_64,f,ao_esao_Filipino,official_lang,work.official_lang,married,apartment,non.movers
684668,933,a35_39,f,ao_sao_ei,official_lang,work.official_lang,married,apartment,non.movers
474575,933,a45_49,m,eo_weo_German,official_lang,work.no.official_lang,no.married,apartment,non.movers
427743,933,a10_14,f,eo_bio_English,official_lang,work.no.official_lang,no.married,apartment,non.movers
776531,933,a70_74,f,ao_sao_ei,official_lang,work.no.official_lang,no.married,apartment,non.movers
307915,933,a5_9,m,ao_wcameo,official_lang,work.no.official_lang,no.married,apartment,other.movers
740238,933,a25_29,m,onao_Canadian,official_lang,work.official_lang,living.common.law,apartment,nonmigrants.movers
810905,933,a20_24,f,ao_sao_ei,official_lang,work.official_lang,no.married,single.detached.house,non.movers
767029,933,a10_14,m,ao_esao_Chinese,official_lang,work.no.official_lang,no.married,other.attached,non.movers
865170,933,a65_69,m,eo_bio_English,official_lang,work.no.official_lang,married,apartment,non.movers
551307,933,a15_19,m,ao_sao_ei,official_lang,work.official_lang,no.married,apartment,non.movers
550814,933,a80_84,f,eo_weo_German,official_lang,work.no.official_lang,married,apartment,non.movers
220104,933,a60_64,m,onao_Canadian,official_lang,work.official_lang,married,apartment,non.movers
629645,933,a40_44,m,ao_oesao,official_lang,work.official_lang,married,other.attached,nonmigrants.movers
947,933,a30_34,m,ao_esao_Filipino,official_lang,work.official_lang,no.married,single.detached.house,non.movers
281700,933,a15_19,m,onao_Canadian,official_lang,work.no.official_lang,no.married,apartment,non.movers
749630,933,a10_14,m,ao_osao,official_lang,work.no.official_lang,no.married,single.detached.house,non.movers
363449,933,a45_49,m,ao,official_lang,work.official_lang,married,apartment,non.movers
486288,933,a55_59,f,ao_esao_Filipino,official_lang,work.official_lang,married,other.attached,non.movers
909371,933,a20_24,m,onao_Canadian,official_lang,work.official_lang,no.married,single.detached.house,other.movers
37443,933,a35_39,m,ao_osao,official_lang,work.official_lang,married,apartment,non.movers
529355,933,a15_19,f,ao_esao_Chinese,official_lang,work.no.official_lang,no.married,other.attached,non.movers
637871,933,a45_49,f,ao_sao_ei,official_lang,work.official_lang,married,apartment,non.movers
35314,933,a50_54,f,ao_esao_Chinese,official_lang,work.no.official_lang,married,other.attached,non.movers
388688,933,a45_49,f,ao_sao_ei,official_lang,work.official_lang,married,apartment,non.movers
520731,933,a5_9,f,onao_Canadian,official_lang,work.no.official_lang,no.married,apartment,non.movers
535617,933,a35_39,m,eo_eeo_Russian,official_lang,work.official_lang,no.married,apartment,other.movers
444334,933,a5_9,m,ao_esao_Chinese,official_lang,work.no.official_lang,no.married,other.attached,other.movers
525031,933,a30_34,m,ao_esao_Chinese,official_lang,work.no.official_lang,no.married,apartment,non.movers
690241,933,a55_59,f,eo_eeo_Polish,official_lang,work.official_lang,married,other.attached,non.movers
672022,933,a35_39,m,ao_esao_Chinese,official_lang,work.official_lang,married,single.detached.house,non.movers
486870,933,a40_44,f,ao_sao_ei,official_lang,work.no.official_lang,married,apartment,non.movers
841656,933,a20_24,m,ao_osao,official_lang,work.official_lang,no.married,single.detached.house,non.movers
883995,933,a75_79,m,eo_bio_Scottish,official_lang,work.no.official_lang,widowed,other.attached,non.movers
113905,933,a20_24,m,ao_esao_Chinese,official_lang,work.official_lang,no.married,other.attached,non.movers
891205,933,a10_14,m,ao_esao_Filipino,official_lang,work.no.official_lang,no.married,apartment,nonmigrants.movers
709103,933,a55_59,f,eo_neo,official_lang,work.no.official_lang,married,single.detached.house,non.movers
232637,933,a60_64,m,onao_Canadian,official_lang,work.official_lang,divorced,other.attached,non.movers
326917,933,a10_14,f,ao_osao,official_lang,work.no.official_lang,no.married,apartment,non.movers
697229,933,a10_14,f,ao_esao_Filipino,official_lang,work.no.official_lang,no.married,other.attached,non.movers
514448,933,a0_4,m,ao_esao_Filipino,official_lang,work.no.official_lang,no.married,single.detached.house,other.movers
90499,933,a20_24,m,ao_sao_ei,official_lang,work.official_lang,no.married,single.detached.house,non.movers
74972,933,a75_79,m,ao_esao_Chinese,official_lang,work.no.official_lang,married,single.detached.house,non.movers
57258,933,a35_39,m,ao_esao_Chinese,official_lang,work.official_lang,married,other.attached,non.movers
887207,933,a50_54,f,ao_esao_Chinese,official_lang,work.official_lang,married,apartment,nonmigrants.movers
713543,933,a55_59,m,ao_esao_Filipino,official_lang,work.official_lang,married,other.attached,non.movers
499426,933,a5_9,m,ao_sao_ei,official_lang,work.no.official_lang,no.married,single.detached.house,nonmigrants.movers
348608,933,a65_69,m,eo_seo_Italian,official_lang,work.official_lang,married,apartment,non.movers
555074,933,a65_69,m,ao_esao_Chinese,official_lang,work.no.official_lang,no.married,apartment,non.movers
24143,933,a85_,f,ao_esao_Chinese,no.official_lang,work.no.official_lang,no.married,apartment,non.movers
677640,933,a45_49,m,ao_osao,official_lang,work.official_lang,married,single.detached.house,non.movers
6317,933,a85_,f,ao_oesao,official_lang,work.no.official_lang,divorced,other.attached,non.movers
650394,933,a65_69,f,eo_seo_Portuguese,official_lang,work.no.official_lang,married,single.detached.house,non.movers
212390,933,a50_54,m,ao_wcameo,official_lang,work.official_lang,married,single.detached.house,non.movers
545924,933,a30_34,f,ao_osao,official_lang,work.no.official_lang,married,apartment,non.movers
483967,933,a30_34,m,eo_bio_Irish,official_lang,work.official_lang,living.common.law,apartment,non.movers
616570,933,a55_59,f,eo_bio_Irish,official_lang,work.no.official_lang,married,single.detached.house,non.movers
155010,933,a55_59,f,ao_sao_ei,no.official_lang,work.no.official_lang,married,apartment,external.movers
527994,933,a60_64,m,eo_fo,official_lang,work.official_lang,married,other.attached,non.movers
87167,933,a10_14,f,onao_Canadian,official_lang,work.no.official_lang,no.married,apartment,non.movers
848774,933,a10_14,f,onao_Canadian,official_lang,work.no.official_lang,no.married,other.attached,non.movers
709956,933,a65_69,m,eo_bio_Irish,official_lang,work.no.official_lang,married,apartment,non.movers
648784,933,a60_64,f,lcsao,official_lang,work.official_lang,divorced,single.detached.house,non.movers
10813,933,a60_64,f,eo_weo_German,official_lang,work.official_lang,married,single.detached.house,non.movers
304963,933,a0_4,m,ao_sao_ei,official_lang,work.no.official_lang,no.married,apartment,nonmigrants.movers
818638,933,a30_34,f,ao_wcameo,official_lang,work.no.official_lang,married,apartment,external.movers
110734,933,a75_79,f,ao_esao_Chinese,no.official_lang,work.no.official_lang,married,apartment,non.movers
845773,933,a25_29,m,ao_esao_Chinese,official_lang,work.official_lang,married,single.detached.house,non.movers
119889,933,a55_59,f,eo_eeo_Russian,official_lang,work.no.official_lang,divorced,apartment,non.movers
692646,933,a45_49,m,ao_sao_ei,official_lang,work.official_lang,married,apartment,interprovincial.movers
821471,933,a15_19,m,ao_esao_Chinese,official_lang,work.official_lang,no.married,other.attached,non.movers
852825,933,a55_59,m,ao_sao_ei,official_lang,work.official_lang,married,apartment,non.movers
205720,933,a60_64,f,ao_sao_ei,no.official_lang,work.no.official_lang,married,single.detached.house,non.movers
843696,933,a45_49,m,ao_esao_Filipino,official_lang,work.official_lang,married,other.attached,non.movers
821775,933,a65_69,f,eo_bio_Scottish,official_lang,work.no.official_lang,widowed,apartment,non.movers
765346,933,a60_64,f,onao_Canadian,official_lang,work.official_lang,widowed,apartment,non.movers
570476,933,a5_9,f,onao_Canadian,official_lang,work.no.official_lang,no.married,apartment,non.movers
681937,933,a10_14,f,ao_oesao,official_lang,work.no.official_lang,no.married,apartment,non.movers
681209,933,a25_29,f,ao_esao_Filipino,official_lang,work.official_lang,married,other.attached,non.movers
795818,933,a65_69,f,onao_Canadian,official_lang,work.official_lang,married,apartment,non.movers
751013,933,a50_54,f,ao_esao_Chinese,no.official_lang,work.no.official_lang,divorced,apartment,nonmigrants.movers
84400,933,a40_44,m,ao_sao_ei,official_lang,work.official_lang,married,apartment,non.movers
443947,933,a80_84,f,ao_esao_Filipino,official_lang,work.no.official_lang,married,other.attached,non.movers
598212,933,a25_29,f,ao_oesao,official_lang,work.official_lang,no.married,apartment,non.movers
737711,933,a60_64,f,ao_oesao,official_lang,work.official_lang,no.married,other.attached,non.movers
922982,933,a60_64,m,ao_wcameo,official_lang,work.official_lang,married,apartment,non.movers
209877,933,a35_39,m,eo_fo,official_lang,work.official_lang,no.married,apartment,non.movers
876593,933,a20_24,m,ao_esao_Chinese,official_lang,work.no.official_lang,no.married,apartment,non.movers
84400,933,a40_44,m,ao_sao_ei,official_lang,work.official_lang,married,apartment,non.movers
135261,933,a50_54,f,ao_esao_Chinese,official_lang,work.official_lang,married,single.detached.house,non.movers
392945,933,a40_44,m,ao_sao_ei,official_lang,work.official_lang,married,single.detached.house,non.movers
156430,933,a5_9,m,eo_seo_Italian,official_lang,work.no.official_lang,no.married,single.detached.house,non.movers
927065,933,a5_9,m,ao_sao_ei,official_lang,work.no.official_lang,no.married,other.attached,non.movers
64965,933,a5_9,f,eo_bio_English,official_lang,work.no.official_lang,no.married,other.attached,non.movers
255935,933,a45_49,m,onao_Canadian,official_lang,work.official_lang,married,single.detached.house,non.movers
234236,933,a60_64,m,ao_sao_ei,no.official_lang,work.no.official_lang,married,apartment,non.movers
113384,933,a40_44,m,onao_Canadian,official_lang,work.official_lang,married,other.attached,non.movers
818211,933,a10_14,m,ao_esao_Chinese,official_lang,work.no.official_lang,no.married,other.attached,non.movers
186326,933,a60_64,f,ao_esao_Chinese,no.official_lang,work.no.official_lang,no.married,apartment,nonmigrants.movers
89731,933,a15_19,f,ao_esao_Chinese,official_lang,work.no.official_lang,no.married,apartment,external.movers
119605,933,a25_29,m,oo,official_lang,work.no.official_lang,no.married,single.detached.house,non.movers
719523,933,a60_64,m,eo_eeo_Ukrainian,official_lang,work.no.official_lang,separated,single.detached.house,non.movers
852319,933,a60_64,m,ao_esao_Chinese,no.official_lang,work.no.official_lang,divorced,apartment,non.movers
773784,933,a50_54,f,ao_oesao,official_lang,work.official_lang,married,other.attached,non.movers
179833,933,a40_44,f,ao_sao_ei,official_lang,work.official_lang,married,single.detached.house,non.movers
644517,933,a40_44,f,ao,no.official_lang,work.official_lang,married,apartment,non.movers
592283,933,a45_49,m,ao_esao_Filipino,official_lang,work.official_lang,married,apartment,non.movers
22189,933,a20_24,f,ao_esao_Chinese,official_lang,work.official_lang,no.married,apartment,non.movers
254021,933,a60_64,m,ao_esao_Chinese,official_lang,work.no.official_lang,no.married,apartment,non.movers
582873,933,a65_69,m,ao_sao_ei,official_lang,work.official_lang,married,other.attached,non.movers
581054,933,a45_49,f,ao_esao_Chinese,no.official_lang,work.no.official_lang,married,apartment,non.movers
557188,933,a35_39,f,ao_wcameo,official_lang,work.official_lang,married,single.detached.house,non.movers
324789,933,a35_39,m,ao_esao_Filipino,official_lang,work.official_lang,married,single.detached.house,non.movers
579940,933,a0_4,m,ao_osao,official_lang,work.no.official_lang,no.married,other.attached,non.movers
545502,933,a20_24,m,ao_esao_Chinese,no.official_lang,work.no.official_lang,no.married,apartment,non.movers
707958,933,a55_59,m,ao_oesao,official_lang,work.no.official_lang,married,apartment,non.movers
444267,933,a10_14,f,ao_esao_Chinese,official_lang,work.no.official_lang,no.married,apartment,non.movers
243483,933,a5_9,m,eo_oseo,official_lang,work.no.official_lang,no.married,apartment,non.movers
232681,933,a25_29,m,lcsao,official_lang,work.no.official_lang,living.common.law,apartment,external.movers
913244,933,a25_29,m,lcsao,official_lang,work.official_lang,married,apartment,nonmigrants.movers
273276,933,a5_9,m,ao_sao_ei,official_lang,work.no.official_lang,no.married,apartment,non.movers
832728,933,a65_69,f,lcsao,official_lang,work.no.official_lang,separated,apartment,non.movers
226717,933,a80_84,f,eo_weo_German,official_lang,work.no.official_lang,widowed,apartment,non.movers
9445,933,a30_34,f,ao_sao_ei,official_lang,work.official_lang,married,single.detached.house,non.movers
58404,933,a50_54,f,ao_sao_ei,no.official_lang,work.no.official_lang,married,single.detached.house,non.movers
608306,933,a40_44,f,eo_oeeo,official_lang,work.official_lang,married,apartment,non.movers
130368,933,a30_34,m,ao_sao_ei,official_lang,work.official_lang,married,single.detached.house,non.movers
229175,933,a55_59,m,ao_oesao,official_lang,work.official_lang,married,other.attached,non.movers
411576,933,a25_29,f,ao_sao_ei,official_lang,work.official_lang,no.married,apartment,non.movers
816023,933,a10_14,m,ao_sao_ei,official_lang,work.no.official_lang,no.married,apartment,non.movers
88233,933,a20_24,m,eo_bio_English,official_lang,work.official_lang,no.married,other.attached,non.movers
912249,933,a45_49,f,ao_sao_ei,official_lang,work.official_lang,married,apartment,non.movers
43517,933,a45_49,f,ao_oesao,official_lang,work.no.official_lang,married,apartment,non.movers
273513,933,a20_24,m,ao_sao_ei,official_lang,work.official_lang,no.married,apartment,interprovincial.movers
5005,933,a15_19,f,onao_Canadian,official_lang,work.official_lang,no.married,single.detached.house,non.movers
804092,933,a15_19,f,ao_esao_Filipino,official_lang,work.no.official_lang,no.married,apartment,non.movers
902943,933,a25_29,m,lcsao,official_lang,work.official_lang,no.married,apartment,non.movers
662632,933,a55_59,f,ao_esao_Chinese,official_lang,work.no.official_lang,married,single.detached.house,non.movers
408050,933,a45_49,m,ao_wcameo,official_lang,work.official_lang,married,single.detached.house,non.movers
852150,933,a15_19,m,ao_osao,official_lang,work.no.official_lang,no.married,single.detached.house,non.movers
586679,933,a75_79,m,ao_sao_ei,official_lang,work.no.official_lang,married,apartment,non.movers
642572,933,a65_69,f,ao_sao_ei,official_lang,work.no.official_lang,widowed,other.attached,non.movers
435027,933,a30_34,f,lcsao,official_lang,work.no.official_lang,married,other.attached,non.movers
571641,933,a25_29,m,onao_Canadian,official_lang,work.official_lang,no.married,other.attached,non.movers
597079,933,a5_9,m,eo_seo_Italian,official_lang,work.no.official_lang,no.married,single.detached.house,non.movers
264163,933,a25_29,m,eo_fo,official_lang,work.official_lang,no.married,apartment,non.movers
696277,933,a40_44,m,ao_esao_Chinese,no.official_lang,work.no.official_lang,married,single.detached.house,external.movers
315572,933,a15_19,f,ao_osao,official_lang,work.official_lang,no.married,other.attached,non.movers
568568,933,a30_34,m,eo_fo,official_lang,work.official_lang,married,apartment,non.movers
875368,933,a0_4,m,ao_esao_Chinese,no.official_lang,work.no.official_lang,no.married,single.detached.house,non.movers
516818,933,a65_69,m,ao_esao_Chinese,no.official_lang,work.no.official_lang,married,single.detached.house,non.movers
550865,933,a35_39,f,onao_Canadian,official_lang,work.no.official_lang,living.common.law,other.attached,non.movers
478060,933,a15_19,m,lcsao,official_lang,work.no.official_lang,no.married,apartment,external.movers
337501,933,a35_39,f,oo,official_lang,work.official_lang,married,single.detached.house,non.movers
234421,933,a35_39,m,ao_esao_Chinese,official_lang,work.official_lang,married,other.attached,non.movers
656303,933,a25_29,f,ao_esao_Chinese,official_lang,work.official_lang,no.married,single.detached.house,non.movers
90958,933,a0_4,m,ao_esao_Filipino,official_lang,work.no.official_lang,no.married,apartment,non.movers
607246,933,a45_49,m,eo_neo,official_lang,work.official_lang,divorced,apartment,non.movers
633230,933,a60_64,m,onao_Canadian,official_lang,work.no.official_lang,no.married,apartment,non.movers
878049,933,a70_74,f,eo_oseo,official_lang,work.no.official_lang,living.common.law,apartment,non.movers
38910,933,a5_9,m,ao_esao_Chinese,official_lang,work.no.official_lang,no.married,single.detached.house,non.movers
688547,933,a0_4,m,onao_Canadian,official_lang,work.no.official_lang,no.married,apartment,other.movers
550872,933,a15_19,m,ao_sao_ei,official_lang,work.no.official_lang,no.married,apartment,non.movers
481956,933,a45_49,f,ao_esao_Chinese,official_lang,work.no.official_lang,married,other.attached,non.movers
184760,933,a85_,m,ao_esao_Filipino,official_lang,work.no.official_lang,married,single.detached.house,non.movers
649757,933,a65_69,f,ao_esao_Chinese,official_lang,work.official_lang,married,other.attached,non.movers
895936,933,a35_39,m,onao_Canadian,official_lang,work.official_lang,married,other.attached,non.movers
659863,933,a5_9,m,ao_sao_ei,official_lang,work.no.official_lang,no.married,single.detached.house,non.movers
691686,933,a15_19,m,ao_oesao,official_lang,work.official_lang,no.married,other.attached,non.movers
220104,933,a60_64,m,onao_Canadian,official_lang,work.official_lang,married,apartment,non.movers
330878,933,a20_24,f,ao_oesao,official_lang,work.no.official_lang,no.married,other.attached,non.movers
499189,933,a55_59,m,ao_esao_Chinese,official_lang,work.official_lang,married,other.attached,non.movers
900654,933,a60_64,f,eo_bio_Irish,official_lang,work.no.official_lang,married,other.attached,non.movers
642737,933,a10_14,m,ao_esao_Chinese,official_lang,work.no.official_lang,no.married,single.detached.house,non.movers
229299,933,a60_64,f,eo_weo_Dutch,official_lang,work.official_lang,married,apartment,non.movers
195299,933,a40_44,m,ao,official_lang,work.official_lang,married,other.attached,non.movers
506425,933,a45_49,f,eo_eeo_Russian,official_lang,work.official_lang,no.married,apartment,non.movers
460833,933,a25_29,f,ao_esao_Chinese,official_lang,work.no.official_lang,married,other.attached,non.movers
21343,933,a60_64,f,ao_esao_Chinese,no.official_lang,work.no.official_lang,married,single.detached.house,non.movers
588435,933,a30_34,m,ao_esao_Filipino,official_lang,work.official_lang,no.married,single.detached.house,non.movers
668942,933,a30_34,m,ao_oesao,official_lang,work.official_lang,married,apartment,non.movers
65225,933,a5_9,f,ao_esao_Chinese,official_lang,work.no.official_lang,no.married,other.attached,non.movers
162864,933,a25_29,m,onao_Canadian,official_lang,work.official_lang,married,apartment,other.movers
818342,933,a15_19,f,eo_bio_English,official_lang,work.no.official_lang,no.married,single.detached.house,non.movers
544618,933,a45_49,m,onao_Canadian,official_lang,work.official_lang,married,apartment,non.movers
795014,933,a70_74,f,eo_eeo_Ukrainian,official_lang,work.official_lang,widowed,single.detached.house,non.movers
317302,933,a20_24,m,ao_esao_Chinese,official_lang,work.no.official_lang,no.married,single.detached.house,non.movers
621635,933,a35_39,f,ao,official_lang,work.no.official_lang,no.married,apartment,nonmigrants.movers
163329,933,a5_9,f,ao_sao_ei,official_lang,work.no.official_lang,no.married,other.attached,nonmigrants.movers
21212,933,a75_79,m,eo_bio_English,official_lang,work.official_lang,married,single.detached.house,non.movers
730475,933,a40_44,m,eo_bio_English,official_lang,work.no.official_lang,no.married,other.attached,non.movers
168731,933,a10_14,m,ao_esao_Chinese,official_lang,work.no.official_lang,no.married,other.attached,non.movers
244957,933,a50_54,m,eo_oseo,official_lang,work.official_lang,married,other.attached,non.movers
599953,933,a40_44,m,ao_esao_Filipino,official_lang,work.official_lang,no.married,apartment,non.movers
394263,933,a5_9,m,ao_sao_ei,official_lang,work.no.official_lang,no.married,apartment,non.movers
331129,933,a55_59,f,ao_wcameo,official_lang,work.official_lang,married,other.attached,non.movers
294915,933,a45_49,f,ao_oesao,no.official_lang,work.no.official_lang,married,apartment,non.movers
883047,933,a35_39,f,ao_esao_Filipino,official_lang,work.official_lang,married,other.attached,non.movers
349528,933,a40_44,m,onao_Canadian,official_lang,work.official_lang,living.common.law,single.detached.house,non.movers
107754,933,a60_64,f,ao_esao_Filipino,official_lang,work.official_lang,married,apartment,non.movers
607048,933,a55_59,m,ao_sao_ei,official_lang,work.official_lang,married,single.detached.house,non.movers
88324,933,a50_54,f,ao_esao_Chinese,no.official_lang,work.no.official_lang,married,single.detached.house,non.movers
922804,933,a15_19,f,ao,official_lang,work.no.official_lang,no.married,other.attached,non.movers
121623,933,a0_4,f,ao_oesao,official_lang,work.no.official_lang,no.married,apartment,non.movers
310680,933,a50_54,m,ao_esao_Filipino,official_lang,work.official_lang,married,apartment,non.movers
863565,933,a20_24,f,ao_esao_Chinese,official_lang,work.official_lang,no.married,apartment,non.movers
369564,933,a65_69,m,ao_esao_Chinese,official_lang,work.official_lang,married,single.detached.house,non.movers
682796,933,a40_44,m,ao_sao_ei,no.official_lang,work.no.official_lang,married,single.detached.house,non.movers
719419,933,a45_49,m,ao_esao_Chinese,no.official_lang,work.no.official_lang,married,single.detached.house,non.movers
144155,933,a45_49,f,onao_Canadian,official_lang,work.official_lang,no.married,other.attached,nonmigrants.movers
530761,933,a5_9,f,ao_sao_ei,official_lang,work.no.official_lang,no.married,single.detached.house,non.movers
716291,933,a20_24,m,ao_esao_Filipino,official_lang,work.official_lang,no.married,apartment,non.movers
220585,933,a55_59,m,naao,official_lang,work.no.official_lang,married,other.attached,non.movers
323237,933,a50_54,f,ao_esao_Filipino,official_lang,work.no.official_lang,married,apartment,non.movers
927828,933,a30_34,f,ao_esao_Filipino,official_lang,work.official_lang,no.married,apartment,non.movers
635616,933,a45_49,m,ao_osao,official_lang,work.official_lang,married,other.attached,external.movers
722667,933,a20_24,f,ao_oesao,official_lang,work.official_lang,no.married,apartment,interprovincial.movers
52203,933,a50_54,f,ao_esao_Chinese,no.official_lang,work.no.official_lang,married,other.attached,non.movers
854954,933,a25_29,f,ao_sao_ei,official_lang,work.official_lang,married,apartment,non.movers
802008,933,a50_54,m,onao_Canadian,official_lang,work.official_lang,living.common.law,single.detached.house,non.movers
570719,933,a20_24,m,ao_sao_ei,official_lang,work.official_lang,no.married,apartment,non.movers
128797,933,a20_24,m,eo_seo_Italian,official_lang,work.official_lang,no.married,single.detached.house,non.movers
212793,933,a20_24,f,ao_osao,official_lang,work.official_lang,no.married,other.attached,non.movers
645525,933,a30_34,f,onao_Canadian,official_lang,work.official_lang,married,single.detached.house,non.movers
497234,933,a50_54,f,eo_weo_Dutch,official_lang,work.official_lang,married,other.attached,non.movers
354965,933,a75_79,f,onao_Canadian,official_lang,work.no.official_lang,married,single.detached.house,non.movers
922533,933,a15_19,f,ao_esao_Chinese,official_lang,work.no.official_lang,married,apartment,interprovincial.movers
774940,933,a55_59,m,ao_esao_Filipino,official_lang,work.official_lang,married,apartment,non.movers
487448,933,a20_24,m,ao_esao_Chinese,official_lang,work.official_lang,no.married,apartment,non.movers
57667,933,a55_59,f,ao_osao,official_lang,work.official_lang,married,single.detached.house,non.movers
427671,933,a75_79,f,ao_esao_Chinese,no.official_lang,work.no.official_lang,widowed,single.detached.house,non.movers
245469,933,a20_24,m,eo_bio_English,official_lang,work.official_lang,no.married,apartment,non.movers
50580,933,a30_34,m,ao_wcameo,official_lang,work.no.official_lang,no.married,single.detached.house,non.movers
918061,933,a40_44,f,ao_sao_ei,official_lang,work.official_lang,no.married,apartment,non.movers
204302,933,a70_74,f,ao_sao_ei,no.official_lang,work.no.official_lang,married,single.detached.house,non.movers
877751,933,a50_54,f,ao_esao_Chinese,official_lang,work.no.official_lang,married,apartment,non.movers
890820,933,a25_29,f,ao_sao_ei,official_lang,work.official_lang,no.married,single.detached.house,non.movers
620727,933,a55_59,m,ao_sao_ei,no.official_lang,work.no.official_lang,married,apartment,non.movers
912249,933,a45_49,f,ao_sao_ei,official_lang,work.official_lang,married,apartment,non.movers
790347,933,a50_54,m,ao_wcameo,official_lang,work.official_lang,living.common.law,apartment,non.movers
533045,933,a35_39,f,onao_Canadian,official_lang,work.official_lang,married,single.detached.house,non.movers
911334,933,a65_69,f,ao_osao,no.official_lang,work.no.official_lang,married,single.detached.house,non.movers
379184,933,a15_19,f,ao_sao_ei,official_lang,work.no.official_lang,no.married,apartment,non.movers
901013,933,a25_29,f,oo,official_lang,work.official_lang,living.common.law,apartment,non.movers
516543,933,a40_44,f,ao_osao,no.official_lang,work.no.official_lang,married,apartment,interprovincial.movers
77376,933,a45_49,m,ao_sao_ei,official_lang,work.official_lang,married,other.attached,other.movers
668105,933,a55_59,f,ao_esao_Chinese,official_lang,work.official_lang,married,other.attached,non.movers
745343,933,a25_29,m,ao_esao_Chinese,official_lang,work.official_lang,no.married,other.attached,non.movers
520974,933,a5_9,f,ao_sao_ei,official_lang,work.no.official_lang,no.married,apartment,non.movers
47912,933,a40_44,m,ao_osao,official_lang,work.official_lang,married,apartment,non.movers
417648,933,a35_39,m,eo_oseo,official_lang,work.official_lang,married,other.attached,non.movers
517937,933,a30_34,f,ao_esao_Chinese,official_lang,work.official_lang,no.married,apartment,other.movers
837881,933,a0_4,m,ao_sao_ei,official_lang,work.no.official_lang,no.married,apartment,non.movers
816852,933,a50_54,f,ao_esao_Chinese,official_lang,work.official_lang,divorced,apartment,non.movers
280283,933,a0_4,f,eo_fo,official_lang,work.no.official_lang,no.married,apartment,non.movers
495422,933,a25_29,f,ao_sao_ei,official_lang,work.official_lang,married,single.detached.house,non.movers
593241,933,a40_44,m,eo_weo_German,official_lang,work.official_lang,married,single.detached.house,non.movers
115199,933,a40_44,m,ao_esao_Chinese,official_lang,work.official_lang,married,apartment,non.movers
68466,933,a40_44,m,onao_Canadian,official_lang,work.official_lang,no.married,apartment,non.movers
397838,933,a25_29,m,ao_wcameo,official_lang,work.official_lang,no.married,apartment,non.movers
267469,933,a10_14,m,ao_sao_ei,official_lang,work.no.official_lang,no.married,single.detached.house,nonmigrants.movers
518691,933,a10_14,m,onao_Canadian,official_lang,work.no.official_lang,no.married,single.detached.house,non.movers
588147,933,a30_34,m,eo_bio_Irish,official_lang,work.official_lang,living.common.law,other.attached,non.movers
729163,933,a30_34,f,ao_sao_ei,official_lang,work.official_lang,married,apartment,non.movers
714938,933,a45_49,m,ao_esao_Chinese,no.official_lang,work.no.official_lang,married,other.attached,non.movers
862075,933,a65_69,m,ao_esao_Filipino,official_lang,work.official_lang,married,other.attached,non.movers
339943,933,a0_4,m,ao_esao_Chinese,official_lang,work.no.official_lang,no.married,single.detached.house,non.movers
287931,933,a70_74,m,ao_esao_Chinese,official_lang,work.official_lang,married,single.detached.house,non.movers
710080,933,a25_29,m,ao_osao,official_lang,work.official_lang,no.married,apartment,external.movers
802502,933,a40_44,m,ao_sao_ei,official_lang,work.official_lang,married,apartment,nonmigrants.movers
474863,933,a45_49,m,ao_esao_Chinese,official_lang,work.official_lang,married,apartment,non.movers
466124,933,a40_44,f,onao_Canadian,official_lang,work.official_lang,married,single.detached.house,non.movers
607507,933,a65_69,m,lcsao,official_lang,work.official_lang,married,apartment,non.movers
230311,933,a35_39,f,ao_oesao,official_lang,work.official_lang,no.married,apartment,non.movers
222920,933,a15_19,f,onao_Canadian,official_lang,work.no.official_lang,no.married,other.attached,non.movers
680006,933,a20_24,m,onao_Canadian,official_lang,work.no.official_lang,no.married,single.detached.house,non.movers
273697,933,a80_84,f,onao_Canadian,official_lang,work.no.official_lang,widowed,apartment,non.movers
809570,933,a50_54,m,ao_oesao,no.official_lang,work.no.official_lang,married,apartment,non.movers
606127,933,a55_59,m,onao_Canadian,official_lang,work.official_lang,divorced,other.attached,non.movers
333465,933,a55_59,f,ao_esao_Chinese,no.official_lang,work.no.official_lang,married,other.attached,non.movers
843857,933,a30_34,m,ao_sao_ei,official_lang,work.official_lang,married,single.detached.house,non.movers
649530,933,a60_64,f,ao_esao_Filipino,official_lang,work.official_lang,married,other.attached,non.movers
167492,933,a55_59,m,ao_sao_ei,official_lang,work.official_lang,married,apartment,non.movers
308780,933,a5_9,m,ao_oesao,official_lang,work.no.official_lang,no.married,single.detached.house,non.movers
408988,933,a25_29,f,eo_weo_German,official_lang,work.no.official_lang,married,single.detached.house,non.movers
322087,933,a60_64,f,ao_esao_Filipino,official_lang,work.official_lang,widowed,single.detached.house,non.movers
670780,933,a55_59,f,ao_osao,official_lang,work.official_lang,living.common.law,other.attached,non.movers
899671,933,a25_29,m,ao_sao_ei,official_lang,work.official_lang,no.married,apartment,non.movers
809249,933,a40_44,m,eo_neo,official_lang,work.official_lang,no.married,apartment,other.movers
457423,933,a40_44,f,eo_oeeo,official_lang,work.official_lang,married,single.detached.house,non.movers
4324,933,a5_9,f,ao_esao_Chinese,official_lang,work.no.official_lang,no.married,apartment,non.movers
561463,933,a30_34,m,eo_bio_Irish,official_lang,work.official_lang,married,other.attached,nonmigrants.movers
797608,933,a45_49,f,ao_sao_ei,official_lang,work.official_lang,married,other.attached,nonmigrants.movers
99391,933,a0_4,f,ao_sao_ei,official_lang,work.no.official_lang,no.married,apartment,non.movers
106101,933,a25_29,f,ao_esao_Chinese,official_lang,work.no.official_lang,married,other.attached,external.movers
690060,933,a15_19,m,eo_seo_Spanish,official_lang,work.no.official_lang,no.married,single.detached.house,nonmigrants.movers
553521,933,a45_49,f,ao_sao_ei,official_lang,work.official_lang,married,apartment,non.movers
742135,933,a50_54,f,ao_sao_ei,official_lang,work.official_lang,married,apartment,non.movers
520754,933,a60_64,f,ao_esao_Chinese,no.official_lang,work.no.official_lang,married,single.detached.house,non.movers
872825,933,a20_24,f,ao_esao_Chinese,official_lang,work.official_lang,no.married,apartment,nonmigrants.movers
394659,933,a25_29,f,ao_sao_ei,official_lang,work.official_lang,no.married,apartment,non.movers
97613,933,a40_44,f,ao_esao_Chinese,official_lang,work.official_lang,married,apartment,non.movers
835870,933,a20_24,m,onao_Canadian,official_lang,work.official_lang,no.married,other.attached,non.movers
243274,933,a20_24,f,ao_esao_Chinese,official_lang,work.official_lang,no.married,single.detached.house,nonmigrants.movers
889209,933,a20_24,f,onao_Canadian,official_lang,work.official_lang,no.married,other.attached,non.movers
140158,933,a70_74,f,ao_sao_ei,official_lang,work.official_lang,married,single.detached.house,non.movers
323772,933,a60_64,m,ao_oesao,official_lang,work.no.official_lang,separated,apartment,non.movers
144155,933,a45_49,f,onao_Canadian,official_lang,work.official_lang,no.married,other.attached,nonmigrants.movers
260237,933,a15_19,m,ao_oesao,official_lang,work.no.official_lang,no.married,other.attached,non.movers
54218,933,a10_14,m,ao_osao,official_lang,work.no.official_lang,no.married,apartment,non.movers
221769,933,a20_24,f,ao_esao_Filipino,official_lang,work.official_lang,no.married,apartment,non.movers
188791,933,a45_49,f,eo_seo_Italian,official_lang,work.official_lang,married,apartment,non.movers
318829,933,a10_14,f,ao_esao_Chinese,official_lang,work.no.official_lang,no.married,single.detached.house,non.movers
532661,933,a25_29,f,ao_sao_ei,official_lang,work.official_lang,married,apartment,nonmigrants.movers
898691,933,a10_14,m,onao_Canadian,official_lang,work.no.official_lang,no.married,single.detached.house,non.movers
519750,933,a30_34,f,ao_wcameo,official_lang,work.official_lang,no.married,apartment,non.movers
552695,933,a0_4,f,ao_sao_ei,official_lang,work.no.official_lang,no.married,single.detached.house,non.movers
581295,933,a25_29,m,ao_sao_ei,official_lang,work.official_lang,no.married,apartment,interprovincial.movers
473536,933,a55_59,m,ao_oesao,official_lang,work.official_lang,married,other.attached,non.movers
306875,933,a20_24,f,ao_oesao,official_lang,work.official_lang,no.married,other.attached,non.movers
52704,933,a5_9,m,ao_esao_Chinese,no.official_lang,work.no.official_lang,no.married,single.detached.house,nonmigrants.movers
75222,933,a0_4,m,ao_sao_ei,official_lang,work.no.official_lang,no.married,apartment,non.movers
267746,933,a40_44,m,ao_osao,official_lang,work.official_lang,married,apartment,non.movers
505766,933,a5_9,f,ao,official_lang,work.no.official_lang,no.married,apartment,non.movers
826879,933,a40_44,m,onao_Canadian,official_lang,work.official_lang,no.married,single.detached.house,non.movers
453006,933,a20_24,m,ao_sao_ei,official_lang,work.official_lang,no.married,apartment,non.movers
338598,933,a25_29,f,ao_sao_ei,official_lang,work.official_lang,married,apartment,nonmigrants.movers
346612,933,a40_44,f,onao_Canadian,official_lang,work.official_lang,married,single.detached.house,non.movers
454810,933,a45_49,m,ao_esao_Chinese,no.official_lang,work.no.official_lang,married,single.detached.house,non.movers
48568,933,a65_69,m,ao_oesao,official_lang,work.official_lang,married,apartment,non.movers
567144,933,a60_64,m,ao_sao_ei,no.official_lang,work.no.official_lang,married,other.attached,non.movers
422575,933,a20_24,f,ao_sao_ei,official_lang,work.official_lang,separated,apartment,non.movers
229974,933,a5_9,m,eo_eeo_Russian,official_lang,work.no.official_lang,no.married,apartment,nonmigrants.movers
629204,933,a65_69,f,ao_wcameo,official_lang,work.no.official_lang,divorced,apartment,non.movers
800981,933,a25_29,f,ao_esao_Chinese,official_lang,work.official_lang,married,apartment,non.movers
802545,933,a40_44,f,ao_oesao,no.official_lang,work.no.official_lang,married,other.attached,non.movers
829849,933,a15_19,f,ao_esao_Chinese,official_lang,work.no.official_lang,no.married,other.attached,non.movers
483333,933,a75_79,m,ao_oesao,official_lang,work.no.official_lang,married,single.detached.house,non.movers
465969,933,a50_54,f,ao_esao_Chinese,no.official_lang,work.no.official_lang,married,single.detached.house,non.movers
375807,933,a30_34,f,ao_sao_ei,official_lang,work.official_lang,married,single.detached.house,non.movers
326355,933,a50_54,m,ao,official_lang,work.official_lang,married,single.detached.house,nonmigrants.movers
405062,933,a50_54,f,eo_bio_Irish,official_lang,work.official_lang,married,other.attached,non.movers
121407,933,a40_44,m,ao_sao_ei,official_lang,work.official_lang,married,apartment,non.movers
369155,933,a5_9,f,ao_sao_ei,official_lang,work.no.official_lang,no.married,apartment,non.movers
54326,933,a65_69,m,ao_esao_Chinese,official_lang,work.no.official_lang,married,single.detached.house,non.movers
706963,933,a15_19,m,ao,official_lang,work.no.official_lang,no.married,other.attached,non.movers
339753,933,a45_49,m,eo_oeo,official_lang,work.official_lang,no.married,apartment,non.movers
236474,933,a20_24,m,ao_esao_Chinese,official_lang,work.official_lang,no.married,other.attached,non.movers
152896,933,a60_64,m,eo_eeo_Russian,official_lang,work.official_lang,married,other.attached,non.movers
54462,933,a0_4,f,ao_wcameo,official_lang,work.no.official_lang,no.married,apartment,non.movers
873666,933,a30_34,m,ao_oesao,official_lang,work.official_lang,no.married,other.attached,nonmigrants.movers
139288,933,a5_9,f,onao_Canadian,official_lang,work.no.official_lang,no.married,other.attached,non.movers
394733,933,a50_54,f,eo_eeo_Polish,official_lang,work.official_lang,married,single.detached.house,non.movers
504084,933,a40_44,f,ao_esao_Chinese,no.official_lang,work.official_lang,married,apartment,non.movers
297592,933,a15_19,f,ao_sao_ei,official_lang,work.official_lang,no.married,apartment,non.movers
316748,933,a15_19,m,ao_osao,official_lang,work.official_lang,no.married,other.attached,nonmigrants.movers
621238,933,a30_34,f,onao_Canadian,official_lang,work.official_lang,no.married,single.detached.house,non.movers
828924,933,a40_44,m,eo_eeo_Russian,official_lang,work.official_lang,married,single.detached.house,non.movers
107302,933,a25_29,f,eo_weo_German,official_lang,work.no.official_lang,no.married,apartment,non.movers
817889,933,a15_19,m,ao_esao_Chinese,official_lang,work.official_lang,no.married,single.detached.house,non.movers
723942,933,a0_4,f,ao_esao_Chinese,official_lang,work.no.official_lang,no.married,other.attached,other.movers
420940,933,a45_49,m,ao_oesao,no.official_lang,work.official_lang,living.common.law,apartment,non.movers
414297,933,a15_19,m,eo_oeeo,official_lang,work.official_lang,no.married,apartment,non.movers
67968,933,a35_39,m,eo_weo_German,official_lang,work.official_lang,married,apartment,non.movers
385573,933,a50_54,m,ao_oesao,official_lang,work.official_lang,married,other.attached,non.movers
210829,933,a30_34,m,ao_esao_Chinese,official_lang,work.official_lang,married,single.detached.house,non.movers
732716,933,a15_19,f,ao_esao_Chinese,official_lang,work.no.official_lang,no.married,apartment,non.movers
24870,933,a40_44,f,ao_esao_Chinese,no.official_lang,work.no.official_lang,living.common.law,other.attached,non.movers
843580,933,a20_24,m,ao_sao_ei,official_lang,work.official_lang,no.married,single.detached.house,non.movers
188971,933,a60_64,f,eo_eeo_Ukrainian,official_lang,work.official_lang,married,other.attached,non.movers
866444,933,a15_19,m,ao_esao_Chinese,official_lang,work.no.official_lang,no.married,apartment,non.movers
61962,933,a35_39,f,ao_oesao,official_lang,work.official_lang,married,apartment,other.movers
300666,933,a50_54,m,onao_Canadian,official_lang,work.official_lang,married,other.attached,non.movers
374734,933,a55_59,m,ao_esao_Chinese,official_lang,work.official_lang,married,apartment,non.movers
842347,933,a0_4,f,ao_sao_ei,official_lang,work.no.official_lang,no.married,apartment,non.movers
528182,933,a5_9,m,eo_bio_English,official_lang,work.no.official_lang,no.married,apartment,non.movers
820445,933,a20_24,m,ao_sao_ei,official_lang,work.official_lang,no.married,apartment,nonmigrants.movers
662976,933,a10_14,m,onao_Canadian,official_lang,work.no.official_lang,no.married,single.detached.house,non.movers
84477,933,a15_19,f,ao_sao_ei,official_lang,work.official_lang,no.married,apartment,non.movers
328062,933,a65_69,f,ao_osao,official_lang,work.no.official_lang,married,single.detached.house,non.movers
172338,933,a15_19,m,ao_sao_ei,official_lang,work.official_lang,no.married,single.detached.house,nonmigrants.movers
604177,933,a60_64,f,eo_bio_Irish,official_lang,work.official_lang,married,single.detached.house,non.movers
256165,933,a15_19,f,ao_wcameo,official_lang,work.official_lang,no.married,apartment,nonmigrants.movers
420872,933,a55_59,m,naao,official_lang,work.no.official_lang,no.married,apartment,non.movers
158326,933,a75_79,f,eo_bio_Irish,official_lang,work.no.official_lang,married,apartment,non.movers
189866,933,a55_59,m,eo_obio,official_lang,work.official_lang,married,single.detached.house,non.movers
23534,933,a30_34,m,ao_esao_Chinese,official_lang,work.official_lang,no.married,other.attached,non.movers
145133,933,a30_34,m,ao_sao_ei,official_lang,work.official_lang,no.married,apartment,non.movers
228917,933,a15_19,f,ao_wcameo,official_lang,work.official_lang,no.married,other.attached,non.movers
227883,933,a10_14,f,onao_Canadian,official_lang,work.no.official_lang,no.married,single.detached.house,non.movers
425326,933,a25_29,f,onao_Canadian,official_lang,work.official_lang,no.married,apartment,non.movers
471109,933,a35_39,m,ao_esao_Chinese,official_lang,work.official_lang,married,apartment,non.movers
878521,933,a15_19,m,ao_oesao,official_lang,work.no.official_lang,no.married,other.attached,non.movers
497930,933,a5_9,m,eo_bio_Scottish,official_lang,work.no.official_lang,no.married,single.detached.house,non.movers
433477,933,a25_29,f,ao_sao_ei,official_lang,work.official_lang,no.married,apartment,non.movers
819688,933,a80_84,f,ao_sao_ei,official_lang,work.no.official_lang,married,other.attached,non.movers
538260,933,a40_44,f,eo_bio_Irish,official_lang,work.official_lang,married,single.detached.house,non.movers
610665,933,a30_34,f,ao_esao_Filipino,official_lang,work.official_lang,no.married,other.attached,non.movers
674537,933,a50_54,f,lcsao,official_lang,work.official_lang,married,apartment,nonmigrants.movers
613896,933,a40_44,m,ao_wcameo,no.official_lang,work.no.official_lang,married,single.detached.house,nonmigrants.movers
145748,933,a25_29,f,eo_weo_German,official_lang,work.official_lang,married,other.attached,non.movers
92430,933,a30_34,m,eo_oseo,official_lang,work.official_lang,no.married,other.attached,non.movers
267533,933,a45_49,f,ao_esao_Chinese,no.official_lang,work.official_lang,no.married,apartment,non.movers
313423,933,a35_39,m,eo_bio_Scottish,official_lang,work.official_lang,married,apartment,non.movers
168206,933,a20_24,m,ao_esao_Filipino,official_lang,work.official_lang,no.married,apartment,non.movers
231455,933,a55_59,m,eo_weo_German,official_lang,work.no.official_lang,divorced,other.attached,non.movers
884586,933,a20_24,m,ao_sao_ei,official_lang,work.official_lang,no.married,apartment,non.movers
486128,933,a70_74,f,eo_eeo_Ukrainian,official_lang,work.no.official_lang,no.married,apartment,non.movers
152426,933,a30_34,m,ao_sao_ei,official_lang,work.official_lang,living.common.law,apartment,non.movers
599881,933,a25_29,f,ao_esao_Chinese,official_lang,work.no.official_lang,no.married,single.detached.house,external.movers
471597,933,a45_49,f,ao_sao_ei,official_lang,work.official_lang,married,single.detached.house,non.movers
219764,933,a5_9,m,ao_sao_ei,official_lang,work.no.official_lang,no.married,single.detached.house,non.movers
581799,933,a45_49,f,eo_eeo_Ukrainian,official_lang,work.official_lang,married,single.detached.house,non.movers
316845,933,a50_54,m,ao_sao_ei,official_lang,work.official_lang,married,other.attached,non.movers
724145,933,a75_79,f,ao_esao_Chinese,official_lang,work.no.official_lang,married,other.attached,non.movers
572440,933,a5_9,m,ao_sao_ei,official_lang,work.no.official_lang,no.married,single.detached.house,non.movers
453181,933,a10_14,f,eo_oeeo,official_lang,work.no.official_lang,no.married,apartment,non.movers
870659,933,a40_44,m,onao_Canadian,official_lang,work.official_lang,no.married,single.detached.house,non.movers
689760,933,a55_59,f,ao_wcameo,official_lang,work.official_lang,married,apartment,non.movers
438626,933,a40_44,m,onao_Canadian,official_lang,work.official_lang,married,other.attached,interprovincial.movers
607038,933,a20_24,f,onao_Canadian,official_lang,work.no.official_lang,no.married,single.detached.house,non.movers
749921,933,a15_19,f,ao_esao_Chinese,official_lang,work.official_lang,no.married,apartment,non.movers
541103,933,a5_9,m,lcsao,official_lang,work.no.official_lang,no.married,other.attached,non.movers
343505,933,a25_29,f,ao_sao_ei,official_lang,work.official_lang,married,apartment,nonmigrants.movers
563209,933,a55_59,m,ao_esao_Chinese,no.official_lang,work.no.official_lang,married,other.attached,non.movers
721066,933,a0_4,m,onao_Canadian,official_lang,work.no.official_lang,no.married,single.detached.house,non.movers
155784,933,a25_29,f,eo_fo,official_lang,work.official_lang,no.married,apartment,non.movers
307596,933,a20_24,f,ao_esao_Chinese,official_lang,work.official_lang,no.married,single.detached.house,non.movers
414636,933,a65_69,m,eo_bio_Scottish,official_lang,work.no.official_lang,married,single.detached.house,non.movers
730047,933,a85_,f,eo_seo_Italian,official_lang,work.no.official_lang,widowed,single.detached.house,non.movers
4301,933,a10_14,m,ao_esao_Chinese,official_lang,work.no.official_lang,no.married,other.attached,non.movers
606251,933,a0_4,f,naao,official_lang,work.no.official_lang,no.married,other.attached,other.movers
166219,933,a40_44,m,eo_obio,official_lang,work.official_lang,married,single.detached.house,non.movers
205403,933,a60_64,m,eo_obio,official_lang,work.official_lang,married,single.detached.house,non.movers
306133,933,a60_64,f,ao_esao_Chinese,no.official_lang,work.no.official_lang,married,apartment,non.movers
879787,933,a25_29,m,eo_weo_German,official_lang,work.official_lang,living.common.law,other.attached,nonmigrants.movers
250504,933,a65_69,m,eo_bio_English,official_lang,work.official_lang,no.married,apartment,non.movers
629836,933,a15_19,m,onao_Canadian,official_lang,work.official_lang,no.married,single.detached.house,non.movers
526764,933,a45_49,f,eo_neo,official_lang,work.official_lang,divorced,single.detached.house,non.movers
415395,933,a30_34,f,eo_weo_Dutch,official_lang,work.official_lang,married,other.attached,non.movers
6164,933,a30_34,m,ao_esao_Filipino,official_lang,work.official_lang,married,apartment,non.movers
259067,933,a5_9,m,ao_sao_ei,official_lang,work.no.official_lang,no.married,apartment,non.movers
506710,933,a15_19,f,onao_Canadian,official_lang,work.official_lang,no.married,apartment,non.movers
550865,933,a35_39,f,onao_Canadian,official_lang,work.no.official_lang,living.common.law,other.attached,non.movers
900130,933,a85_,f,eo_fo,official_lang,work.no.official_lang,widowed,other.attached,non.movers
153418,933,a45_49,f,ao_wcameo,official_lang,work.no.official_lang,living.common.law,apartment,other.movers
734336,933,a0_4,f,ao_esao_Chinese,no.official_lang,work.no.official_lang,no.married,single.detached.house,non.movers
94314,933,a15_19,m,onao_Canadian,official_lang,work.no.official_lang,no.married,apartment,non.movers
117117,933,a10_14,m,lcsao,official_lang,work.no.official_lang,no.married,other.attached,non.movers
525311,933,a0_4,m,ao_sao_ei,official_lang,work.no.official_lang,no.married,apartment,non.movers
562499,933,a25_29,m,ao_oesao,official_lang,work.official_lang,no.married,apartment,non.movers
463938,933,a15_19,m,naao,official_lang,work.no.official_lang,no.married,apartment,non.movers
620111,933,a80_84,f,ao_sao_ei,official_lang,work.no.official_lang,widowed,apartment,non.movers
832586,933,a35_39,f,ao_esao_Chinese,official_lang,work.official_lang,no.married,single.detached.house,non.movers
68443,933,a25_29,f,ao_sao_ei,official_lang,work.official_lang,no.married,apartment,non.movers
98301,933,a75_79,f,ao_oesao,no.official_lang,work.no.official_lang,married,apartment,non.movers
330662,933,a0_4,f,ao_sao_ei,official_lang,work.no.official_lang,no.married,apartment,non.movers
664987,933,a80_84,m,ao_sao_ei,no.official_lang,work.no.official_lang,married,apartment,non.movers
145748,933,a25_29,f,eo_weo_German,official_lang,work.official_lang,married,other.attached,non.movers
159725,933,a35_39,m,ao_esao_Filipino,official_lang,work.official_lang,married,other.attached,nonmigrants.movers
76540,933,a0_4,f,ao_esao_Filipino,official_lang,work.no.official_lang,no.married,other.attached,non.movers
460555,933,a25_29,m,ao_esao_Chinese,official_lang,work.no.official_lang,married,apartment,non.movers
138124,933,a0_4,m,ao_sao_ei,official_lang,work.no.official_lang,no.married,single.detached.house,non.movers
707569,933,a35_39,m,ao_oesao,official_lang,work.official_lang,married,other.attached,non.movers
375151,933,a30_34,m,ao_sao_ei,official_lang,work.official_lang,married,apartment,non.movers
397691,933,a40_44,m,ao_esao_Filipino,official_lang,work.official_lang,married,apartment,non.movers
693238,933,a0_4,m,ao_sao_ei,no.official_lang,work.no.official_lang,no.married,apartment,non.movers
692369,933,a30_34,m,ao_sao_ei,official_lang,work.official_lang,married,apartment,non.movers
147211,933,a50_54,m,ao_sao_ei,official_lang,work.official_lang,married,apartment,non.movers
770716,933,a30_34,m,ao_esao_Chinese,official_lang,work.no.official_lang,married,single.detached.house,non.movers
505945,933,a50_54,m,eo_eeo_Ukrainian,official_lang,work.no.official_lang,married,apartment,non.movers
824238,933,a25_29,m,eo_seo_Italian,official_lang,work.no.official_lang,widowed,single.detached.house,non.movers
252261,933,a35_39,m,ao_esao_Filipino,official_lang,work.official_lang,married,apartment,non.movers
250885,933,a70_74,f,ao_sao_ei,official_lang,work.no.official_lang,married,other.attached,non.movers
481700,933,a15_19,m,ao_sao_ei,official_lang,work.official_lang,no.married,single.detached.house,nonmigrants.movers
770545,933,a25_29,m,eo_bio_English,official_lang,work.official_lang,no.married,apartment,external.movers
153032,933,a50_54,f,ao_esao_Filipino,official_lang,work.official_lang,married,other.attached,non.movers
75649,933,a0_4,m,ao_osao,official_lang,work.no.official_lang,no.married,other.attached,non.movers
104047,933,a35_39,m,eo_oeo,official_lang,work.official_lang,married,single.detached.house,non.movers
851593,933,a35_39,f,ao_sao_ei,official_lang,work.official_lang,no.married,apartment,non.movers
543563,933,a75_79,f,eo_neo,official_lang,work.no.official_lang,divorced,other.attached,non.movers
20007,933,a25_29,m,ao_esao_Chinese,official_lang,work.official_lang,no.married,apartment,nonmigrants.movers
35322,933,a30_34,m,ao_esao_Chinese,official_lang,work.official_lang,no.married,apartment,non.movers
763684,933,a40_44,f,ao_esao_Chinese,official_lang,work.no.official_lang,married,apartment,non.movers
246018,933,a20_24,m,ao_sao_ei,official_lang,work.no.official_lang,no.married,apartment,external.movers
741133,933,a55_59,f,ao_esao_Filipino,official_lang,work.official_lang,married,other.attached,non.movers
871947,933,a60_64,m,onao_Canadian,official_lang,work.official_lang,married,single.detached.house,non.movers
546790,933,a30_34,m,ao,official_lang,work.official_lang,separated,apartment,external.movers
313044,933,a65_69,f,ao_esao_Chinese,no.official_lang,work.no.official_lang,married,apartment,non.movers
861605,933,a15_19,f,eo_bio_English,official_lang,work.official_lang,no.married,single.detached.house,non.movers
744008,933,a25_29,f,onao_Canadian,official_lang,work.official_lang,living.common.law,apartment,interprovincial.movers
532193,933,a70_74,m,eo_bio_Irish,official_lang,work.official_lang,married,other.attached,non.movers
702190,933,a70_74,m,ao_sao_ei,official_lang,work.no.official_lang,married,apartment,non.movers
631051,933,a35_39,m,naao,official_lang,work.official_lang,divorced,apartment,nonmigrants.movers
419084,933,a50_54,f,eo_bio_English,official_lang,work.official_lang,married,single.detached.house,non.movers
83103,933,a65_69,f,ao_esao_Chinese,no.official_lang,work.no.official_lang,married,single.detached.house,non.movers
467132,933,a70_74,f,eo_bio_English,official_lang,work.no.official_lang,married,other.attached,non.movers
64710,933,a20_24,m,ao_sao_ei,official_lang,work.official_lang,no.married,single.detached.house,non.movers
624977,933,a55_59,f,ao_sao_ei,official_lang,work.no.official_lang,married,apartment,non.movers
387188,933,a35_39,m,ao_esao_Chinese,official_lang,work.official_lang,married,other.attached,non.movers
805116,933,a0_4,f,eo_seo_Italian,official_lang,work.no.official_lang,no.married,other.attached,nonmigrants.movers
753360,933,a40_44,m,ao_sao_ei,official_lang,work.official_lang,married,apartment,non.movers
785056,933,a30_34,m,ao_wcameo,official_lang,work.official_lang,no.married,other.attached,nonmigrants.movers
788844,933,a55_59,m,ao_esao_Chinese,official_lang,work.official_lang,married,apartment,non.movers
560324,933,a60_64,f,onao_Canadian,official_lang,work.official_lang,no.married,apartment,non.movers
763143,933,a65_69,m,eo_bio_Scottish,official_lang,work.no.official_lang,married,apartment,non.movers
544262,933,a40_44,m,ao_oesao,official_lang,work.official_lang,married,apartment,nonmigrants.movers
916652,933,a15_19,m,onao_Canadian,official_lang,work.no.official_lang,no.married,single.detached.house,non.movers
418537,933,a30_34,m,ao_sao_ei,official_lang,work.no.official_lang,married,apartment,nonmigrants.movers
846097,933,a10_14,f,ao_sao_ei,official_lang,work.no.official_lang,no.married,other.attached,non.movers
139220,933,a60_64,m,ao_esao_Chinese,official_lang,work.no.official_lang,married,single.detached.house,non.movers
864089,933,a55_59,m,ao_esao_Chinese,official_lang,work.official_lang,married,apartment,non.movers
764976,933,a25_29,m,ao_esao_Chinese,official_lang,work.no.official_lang,married,single.detached.house,external.movers
590400,933,a70_74,m,eo_fo,official_lang,work.no.official_lang,married,single.detached.house,non.movers
290028,933,a55_59,m,ao_sao_ei,official_lang,work.official_lang,married,apartment,non.movers
386012,933,a40_44,f,ao_osao,official_lang,work.official_lang,married,apartment,non.movers
546600,933,a85_,f,ao_esao_Chinese,official_lang,work.no.official_lang,married,apartment,non.movers
125262,933,a30_34,f,ao_sao_ei,official_lang,work.official_lang,no.married,apartment,non.movers
638778,933,a55_59,m,ao_esao_Chinese,official_lang,work.official_lang,no.married,apartment,non.movers
891334,933,a15_19,f,onao_Canadian,official_lang,work.no.official_lang,no.married,other.attached,non.movers
172013,933,a40_44,f,ao_esao_Filipino,official_lang,work.official_lang,married,apartment,non.movers
331830,933,a70_74,f,ao_esao_Chinese,official_lang,work.no.official_lang,married,other.attached,non.movers
217628,933,a15_19,f,ao_esao_Filipino,official_lang,work.official_lang,no.married,single.detached.house,non.movers
370069,933,a50_54,m,ao,official_lang,work.official_lang,married,single.detached.house,non.movers
876165,933,a15_19,f,ao_esao_Filipino,official_lang,work.official_lang,no.married,other.attached,non.movers
719213,933,a50_54,f,ao_esao_Chinese,official_lang,work.official_lang,married,other.attached,non.movers
350304,933,a60_64,m,eo_seo_Portuguese,official_lang,work.no.official_lang,married,single.detached.house,non.movers
493601,933,a25_29,f,ao_sao_ei,official_lang,work.official_lang,married,apartment,non.movers
724396,933,a55_59,m,ao_wcameo,official_lang,work.official_lang,married,apartment,non.movers
436024,933,a35_39,m,ao_sao_ei,official_lang,work.official_lang,married,apartment,non.movers
520169,933,a10_14,m,onao_Canadian,official_lang,work.no.official_lang,no.married,apartment,non.movers
670012,933,a50_54,m,onao_Canadian,official_lang,work.no.official_lang,no.married,apartment,non.movers
446170,933,a25_29,f,onao_Canadian,official_lang,work.official_lang,living.common.law,apartment,other.movers
408534,933,a5_9,m,ao_wcameo,official_lang,work.no.official_lang,no.married,apartment,non.movers
64820,933,a10_14,f,ao_sao_ei,official_lang,work.no.official_lang,no.married,apartment,non.movers
74720,933,a60_64,f,onao_Canadian,official_lang,work.official_lang,no.married,single.detached.house,non.movers
468239,933,a20_24,f,ao_sao_ei,official_lang,work.official_lang,married,apartment,external.movers
398815,933,a55_59,f,eo_eeo_Russian,official_lang,work.no.official_lang,married,other.attached,non.movers
302744,933,a50_54,f,ao_sao_ei,official_lang,work.no.official_lang,widowed,apartment,non.movers
218495,933,a0_4,m,ao_esao_Chinese,official_lang,work.no.official_lang,no.married,other.attached,non.movers
565937,933,a25_29,f,lcsao,official_lang,work.official_lang,living.common.law,apartment,non.movers
844286,933,a0_4,m,ao_sao_ei,no.official_lang,work.no.official_lang,no.married,apartment,non.movers
703039,933,a40_44,m,ao_sao_ei,no.official_lang,work.official_lang,married,apartment,non.movers
271259,933,a15_19,m,ao_esao_Chinese,official_lang,work.no.official_lang,no.married,apartment,non.movers
117583,933,a45_49,f,ao_oesao,official_lang,work.official_lang,married,single.detached.house,non.movers
318008,933,a60_64,f,eo_weo_Dutch,official_lang,work.no.official_lang,married,single.detached.house,non.movers
745177,933,a40_44,m,eo_fo,official_lang,work.official_lang,no.married,apartment,non.movers
15675,933,a5_9,f,ao_sao_ei,official_lang,work.no.official_lang,no.married,apartment,non.movers
861905,933,a20_24,m,ao_sao_ei,official_lang,work.no.official_lang,no.married,single.detached.house,non.movers
419356,933,a25_29,f,ao_esao_Filipino,official_lang,work.official_lang,married,other.attached,non.movers
891386,933,a85_,f,ao_oesao,no.official_lang,work.no.official_lang,widowed,apartment,non.movers
344365,933,a50_54,f,ao_sao_ei,official_lang,work.official_lang,married,apartment,non.movers
304423,933,a55_59,m,eo_bio_English,official_lang,work.official_lang,married,single.detached.house,non.movers
245482,933,a20_24,f,eo_bio_English,official_lang,work.official_lang,no.married,single.detached.house,non.movers
573221,933,a45_49,f,ao_esao_Chinese,official_lang,work.official_lang,no.married,apartment,non.movers
564876,933,a40_44,m,ao_sao_ei,official_lang,work.official_lang,living.common.law,single.detached.house,nonmigrants.movers
200950,933,a0_4,m,ao_wcameo,no.official_lang,work.no.official_lang,no.married,apartment,nonmigrants.movers
891386,933,a85_,f,ao_oesao,no.official_lang,work.no.official_lang,widowed,apartment,non.movers
22277,933,a35_39,f,ao_osao,official_lang,work.no.official_lang,married,single.detached.house,non.movers
799688,933,a75_79,f,ao_sao_ei,no.official_lang,work.no.official_lang,married,apartment,non.movers
847424,933,a5_9,m,ao_sao_ei,official_lang,work.no.official_lang,no.married,apartment,non.movers
279215,933,a55_59,f,ao_sao_ei,official_lang,work.no.official_lang,married,apartment,external.movers
39011,933,a35_39,m,eo_bio_English,official_lang,work.official_lang,married,single.detached.house,non.movers
337412,933,a0_4,m,ao_wcameo,no.official_lang,work.no.official_lang,no.married,single.detached.house,external.movers
841509,933,a50_54,m,ao_esao_Chinese,no.official_lang,work.no.official_lang,married,single.detached.house,non.movers
479413,933,a40_44,m,eo_oseo,official_lang,work.no.official_lang,married,single.detached.house,non.movers
678591,933,a40_44,f,ao_esao_Chinese,official_lang,work.official_lang,divorced,other.attached,non.movers
698282,933,a30_34,f,ao_sao_ei,official_lang,work.official_lang,married,single.detached.house,non.movers
913778,933,a35_39,m,ao_esao_Filipino,official_lang,work.official_lang,married,single.detached.house,non.movers
189428,933,a45_49,f,ao_wcameo,official_lang,work.official_lang,married,apartment,nonmigrants.movers
598525,933,a75_79,m,ao_esao_Chinese,no.official_lang,work.no.official_lang,married,other.attached,non.movers
171627,933,a55_59,f,ao_esao_Filipino,official_lang,work.official_lang,married,other.attached,non.movers
466847,933,a65_69,m,ao_esao_Chinese,official_lang,work.no.official_lang,married,apartment,non.movers
591411,933,a60_64,f,ao_esao_Chinese,no.official_lang,work.no.official_lang,married,apartment,non.movers
590199,933,a0_4,m,ao_esao_Chinese,official_lang,work.no.official_lang,no.married,other.attached,non.movers
604822,933,a35_39,m,ao_sao_ei,official_lang,work.official_lang,married,apartment,non.movers
636301,933,a45_49,f,ao_oesao,official_lang,work.no.official_lang,married,other.attached,non.movers
153716,933,a40_44,f,ao_oesao,official_lang,work.official_lang,no.married,single.detached.house,external.movers
767390,933,a35_39,f,ao_esao_Chinese,official_lang,work.official_lang,married,other.attached,non.movers
506394,933,a50_54,f,ao_esao_Chinese,official_lang,work.official_lang,no.married,other.attached,other.movers
214468,933,a45_49,m,ao_esao_Chinese,official_lang,work.official_lang,married,other.attached,non.movers
653166,933,a10_14,f,ao_osao,official_lang,work.no.official_lang,no.married,other.attached,non.movers
221022,933,a35_39,f,eo_weo_Dutch,official_lang,work.official_lang,separated,other.attached,nonmigrants.movers
844286,933,a0_4,m,ao_sao_ei,no.official_lang,work.no.official_lang,no.married,apartment,non.movers
312525,933,a25_29,f,ao_esao_Chinese,official_lang,work.official_lang,married,other.attached,other.movers
479044,933,a80_84,f,onao,official_lang,work.no.official_lang,divorced,apartment,non.movers
822181,933,a65_69,f,onao_Canadian,official_lang,work.no.official_lang,divorced,apartment,nonmigrants.movers
872809,933,a10_14,f,lcsao,official_lang,work.no.official_lang,no.married,other.attached,non.movers
391241,933,a5_9,m,ao_sao_ei,official_lang,work.no.official_lang,no.married,apartment,non.movers
6943,933,a50_54,f,ao_esao_Filipino,official_lang,work.official_lang,married,single.detached.house,non.movers
291213,933,a40_44,m,ao_sao_ei,official_lang,work.official_lang,married,single.detached.house,non.movers
249057,933,a15_19,f,ao_esao_Chinese,official_lang,work.no.official_lang,no.married,apartment,non.movers
918689,933,a45_49,m,lcsao,official_lang,work.official_lang,married,apartment,non.movers
481183,933,a70_74,m,ao_osao,official_lang,work.no.official_lang,married,single.detached.house,non.movers
261415,933,a30_34,f,ao_esao_Chinese,official_lang,work.official_lang,no.married,single.detached.house,non.movers
888564,933,a55_59,f,ao_oesao,official_lang,work.official_lang,married,other.attached,non.movers
278625,933,a10_14,f,ao_sao_ei,official_lang,work.no.official_lang,no.married,apartment,non.movers
211651,933,a65_69,m,eo_neo,official_lang,work.no.official_lang,divorced,apartment,non.movers
96034,933,a65_69,m,ao_esao_Chinese,official_lang,work.no.official_lang,married,other.attached,non.movers
276813,933,a50_54,m,eo_weo_German,official_lang,work.official_lang,no.married,other.attached,non.movers
60245,933,a60_64,m,naao,official_lang,work.official_lang,no.married,other.attached,non.movers
130007,933,a60_64,f,onao_Canadian,official_lang,work.no.official_lang,married,apartment,non.movers
23457,933,a15_19,m,onao_Canadian,official_lang,work.no.official_lang,no.married,single.detached.house,non.movers
759980,933,a45_49,f,ao_esao_Chinese,no.official_lang,work.official_lang,married,single.detached.house,non.movers
866624,933,a25_29,f,ao_esao_Chinese,official_lang,work.official_lang,living.common.law,other.attached,nonmigrants.movers
884722,933,a55_59,m,ao_esao_Chinese,official_lang,work.official_lang,married,other.attached,non.movers
274901,933,a60_64,f,ao_sao_ei,official_lang,work.official_lang,married,other.attached,non.movers
489459,933,a0_4,f,lcsao,official_lang,work.no.official_lang,no.married,apartment,non.movers
522416,933,a20_24,f,ao_esao_Chinese,official_lang,work.official_lang,no.married,other.attached,non.movers
368049,933,a20_24,f,ao_esao_Filipino,official_lang,work.no.official_lang,no.married,other.attached,non.movers
765885,933,a5_9,m,onao_Canadian,official_lang,work.no.official_lang,no.married,single.detached.house,non.movers
126930,933,a10_14,f,naao,official_lang,work.no.official_lang,no.married,other.attached,non.movers
472133,933,a15_19,f,ao_oesao,official_lang,work.no.official_lang,no.married,single.detached.house,interprovincial.movers
247498,933,a5_9,m,lcsao,official_lang,work.no.official_lang,no.married,other.attached,non.movers
650782,933,a20_24,m,ao_oesao,official_lang,work.official_lang,no.married,single.detached.house,non.movers
94696,933,a35_39,m,ao_osao,official_lang,work.no.official_lang,no.married,apartment,non.movers
600959,933,a50_54,f,ao_sao_ei,official_lang,work.official_lang,married,single.detached.house,non.movers
662332,933,a25_29,f,eo_eeo_Russian,official_lang,work.official_lang,married,apartment,non.movers
765885,933,a5_9,m,onao_Canadian,official_lang,work.no.official_lang,no.married,single.detached.house,non.movers
104139,933,a5_9,m,ao_esao_Chinese,official_lang,work.no.official_lang,no.married,single.detached.house,non.movers
292173,933,a30_34,f,ao_oesao,official_lang,work.no.official_lang,married,other.attached,non.movers
706074,933,a60_64,f,ao_sao_ei,official_lang,work.no.official_lang,married,other.attached,non.movers
793015,933,a40_44,f,eo_bio_Scottish,official_lang,work.no.official_lang,living.common.law,apartment,non.movers
311083,933,a10_14,m,onao_Canadian,official_lang,work.no.official_lang,no.married,other.attached,non.movers
710046,933,a60_64,m,eo_fo,official_lang,work.official_lang,divorced,apartment,non.movers
293523,933,a10_14,f,ao_wcameo,official_lang,work.no.official_lang,no.married,other.attached,non.movers
185633,933,a55_59,f,ao_esao_Chinese,official_lang,work.official_lang,divorced,other.attached,non.movers
591835,933,a25_29,m,onao_Canadian,official_lang,work.official_lang,no.married,single.detached.house,non.movers
49817,933,a40_44,m,ao_sao_ei,official_lang,work.official_lang,married,apartment,non.movers
732427,933,a5_9,f,ao_wcameo,official_lang,work.no.official_lang,no.married,single.detached.house,non.movers
19533,933,a25_29,f,onao_Canadian,official_lang,work.official_lang,no.married,single.detached.house,non.movers
68311,933,a35_39,m,ao_oesao,no.official_lang,work.no.official_lang,married,apartment,non.movers
706570,933,a5_9,f,ao_sao_ei,official_lang,work.no.official_lang,no.married,other.attached,non.movers
312327,933,a40_44,f,onao_Canadian,official_lang,work.official_lang,married,single.detached.house,non.movers
605303,933,a25_29,m,eo_fo,official_lang,work.official_lang,living.common.law,other.attached,non.movers
356073,933,a60_64,m,ao_esao_Chinese,official_lang,work.official_lang,married,apartment,non.movers
751013,933,a50_54,f,ao_esao_Chinese,no.official_lang,work.no.official_lang,divorced,apartment,nonmigrants.movers
369835,933,a10_14,m,ao_esao_Filipino,official_lang,work.no.official_lang,no.married,other.attached,non.movers
802874,933,a5_9,m,ao_wcameo,official_lang,work.no.official_lang,no.married,single.detached.house,non.movers
163637,933,a25_29,f,ao_esao_Chinese,official_lang,work.official_lang,no.married,apartment,non.movers
4068,933,a60_64,f,eo_bio_Scottish,official_lang,work.official_lang,divorced,apartment,non.movers
875526,933,a75_79,f,eo_oseo,official_lang,work.no.official_lang,married,single.detached.house,non.movers
372840,933,a40_44,m,eo_obio,official_lang,work.official_lang,no.married,apartment,non.movers
221681,933,a85_,m,ao_esao_Chinese,no.official_lang,work.no.official_lang,married,apartment,non.movers
70474,933,a30_34,f,ao_wcameo,official_lang,work.official_lang,divorced,apartment,non.movers
347581,933,a0_4,m,ao_wcameo,official_lang,work.no.official_lang,no.married,other.attached,interprovincial.movers
467234,933,a50_54,f,ao_sao_ei,no.official_lang,work.official_lang,married,apartment,non.movers
862541,933,a55_59,f,ao_sao_ei,official_lang,work.official_lang,married,apartment,non.movers
285549,933,a40_44,m,ao_esao_Chinese,official_lang,work.official_lang,no.married,single.detached.house,non.movers
