PPSORT,CMA,AGE,SEX,RACE,KOL,WORKLANG,MARST,DWEL,MOBL
329817,933,a75_79,f,ao_esao_Chinese,no.official_lang,work.no.official_lang,separated,apartment,non.movers
199401,933,a30_34,f,ao_esao_Chinese,official_lang,work.official_lang,living.common.law,single.detached.house,non.movers
229394,933,a45_49,m,ao_esao_Chinese,no.official_lang,work.no.official_lang,married,single.detached.house,other.movers
409525,933,a80_84,f,ao_sao_ei,official_lang,work.no.official_lang,widowed,single.detached.house,non.movers
553554,933,a5_9,m,ao_esao_Chinese,official_lang,work.no.official_lang,no.married,other.attached,nonmigrants.movers
353477,933,a45_49,m,ao_esao_Chinese,no.official_lang,work.official_lang,divorced,other.attached,other.movers
375796,933,a15_19,m,ao_esao_Chinese,official_lang,work.no.official_lang,no.married,other.attached,non.movers
395817,933,a55_59,f,ao_esao_Chinese,official_lang,work.no.official_lang,married,other.attached,non.movers
696451,933,a35_39,f,ao_esao_Filipino,official_lang,work.official_lang,married,single.detached.house,non.movers
78250,933,a10_14,f,ao_esao_Chinese,official_lang,work.no.official_lang,no.married,apartment,non.movers
832301,933,a30_34,m,onao_Canadian,official_lang,work.official_lang,living.common.law,other.attached,nonmigrants.movers
27072,933,a50_54,m,eo_obio,official_lang,work.official_lang,married,other.attached,non.movers
527926,933,a10_14,f,ao_esao_Chinese,official_lang,work.no.official_lang,no.married,apartment,non.movers
149385,933,a60_64,m,ao_esao_Chinese,official_lang,work.official_lang,married,single.detached.house,other.movers
420708,933,a0_4,m,naao,official_lang,work.no.official_lang,no.married,other.attached,non.movers
308836,933,a40_44,m,ao_esao_Chinese,official_lang,work.no.official_lang,married,single.detached.house,other.movers
137752,933,a50_54,f,ao_esao_Chinese,official_lang,work.no.official_lang,married,apartment,nonmigrants.movers
84505,933,a65_69,f,eo_seo_Italian,official_lang,work.no.official_lang,no.married,other.attached,non.movers
369835,933,a10_14,m,ao_esao_Filipino,official_lang,work.no.official_lang,no.married,other.attached,non.movers
31925,933,a40_44,f,ao_sao_ei,official_lang,work.official_lang,married,other.attached,other.movers
294921,933,a65_69,f,ao_oesao,no.official_lang,work.no.official_lang,married,single.detached.house,non.movers
701004,933,a75_79,f,eo_eeo_Ukrainian,official_lang,work.no.official_lang,no.married,apartment,non.movers
623909,933,a15_19,m,ao_esao_Chinese,official_lang,work.official_lang,no.married,apartment,other.movers
629031,933,a0_4,f,onao_Canadian,official_lang,work.no.official_lang,no.married,apartment,non.movers
104990,933,a25_29,f,ao_esao_Chinese,official_lang,work.official_lang,no.married,single.detached.house,non.movers
332656,933,a75_79,m,ao_esao_Chinese,official_lang,work.no.official_lang,married,single.detached.house,non.movers
646375,933,a15_19,f,ao_esao_Chinese,official_lang,work.official_lang,no.married,other.attached,non.movers
585673,933,a55_59,m,ao_esao_Chinese,official_lang,work.no.official_lang,married,single.detached.house,non.movers
200726,933,a15_19,f,ao_esao_Chinese,official_lang,work.no.official_lang,no.married,apartment,nonmigrants.movers
444490,933,a55_59,f,ao_esao_Chinese,official_lang,work.official_lang,widowed,other.attached,non.movers
568307,933,a15_19,f,ao_esao_Chinese,official_lang,work.no.official_lang,no.married,apartment,nonmigrants.movers
266531,933,a30_34,f,ao_esao_Chinese,official_lang,work.official_lang,married,other.attached,non.movers
606883,933,a60_64,m,ao_esao_Chinese,official_lang,work.no.official_lang,married,apartment,non.movers
735555,933,a40_44,f,ao_esao_Chinese,official_lang,work.official_lang,married,other.attached,non.movers
821790,933,a85_,m,ao_esao_Chinese,no.official_lang,work.no.official_lang,married,apartment,non.movers
748739,933,a35_39,m,ao_osao,official_lang,work.official_lang,married,other.attached,non.movers
321091,933,a65_69,f,ao_esao_Chinese,no.official_lang,work.no.official_lang,married,apartment,non.movers
532426,933,a50_54,f,ao_esao_Chinese,official_lang,work.no.official_lang,married,other.attached,non.movers
27033,933,a55_59,f,ao_oesao,official_lang,work.no.official_lang,no.married,apartment,non.movers
126060,933,a40_44,f,eo_seo_Spanish,official_lang,work.official_lang,married,other.attached,non.movers
174112,933,a25_29,m,ao_esao_Chinese,official_lang,work.no.official_lang,no.married,other.attached,non.movers
9217,933,a65_69,f,ao_esao_Chinese,official_lang,work.no.official_lang,married,other.attached,non.movers
355822,933,a55_59,f,ao_esao_Chinese,official_lang,work.official_lang,no.married,other.attached,non.movers
702327,933,a60_64,f,ao_esao_Chinese,official_lang,work.no.official_lang,married,single.detached.house,non.movers
875684,933,a0_4,m,ao_esao_Chinese,no.official_lang,work.no.official_lang,no.married,apartment,other.movers
897159,933,a45_49,f,ao_esao_Chinese,no.official_lang,work.no.official_lang,divorced,apartment,non.movers
543557,933,a35_39,f,ao_esao_Chinese,official_lang,work.official_lang,no.married,apartment,non.movers
877690,933,a45_49,m,ao_esao_Chinese,official_lang,work.no.official_lang,no.married,single.detached.house,non.movers
903296,933,a35_39,m,ao_esao_Chinese,no.official_lang,work.no.official_lang,married,other.attached,nonmigrants.movers
454892,933,a50_54,f,ao_esao_Chinese,official_lang,work.no.official_lang,married,other.attached,non.movers
392799,933,a30_34,f,ao_oesao,official_lang,work.official_lang,no.married,apartment,non.movers
432784,933,a60_64,f,ao_esao_Chinese,no.official_lang,work.no.official_lang,married,single.detached.house,nonmigrants.movers
16975,933,a65_69,m,ao_oesao,official_lang,work.official_lang,married,other.attached,non.movers
533233,933,a25_29,f,ao_esao_Chinese,official_lang,work.official_lang,married,apartment,non.movers
69824,933,a55_59,f,ao_oesao,official_lang,work.no.official_lang,married,apartment,nonmigrants.movers
590199,933,a0_4,m,ao_esao_Chinese,official_lang,work.no.official_lang,no.married,other.attached,non.movers
670330,933,a45_49,m,ao_esao_Filipino,official_lang,work.official_lang,no.married,other.attached,non.movers
832271,933,a65_69,m,ao_oesao,official_lang,work.official_lang,married,single.detached.house,non.movers
464975,933,a70_74,f,eo_bio_Scottish,official_lang,work.no.official_lang,married,apartment,other.movers
859609,933,a15_19,m,onao_Canadian,official_lang,work.official_lang,no.married,single.detached.house,non.movers
403111,933,a20_24,m,onao_Canadian,official_lang,work.no.official_lang,no.married,single.detached.house,non.movers
621182,933,a85_,f,ao_esao_Filipino,official_lang,work.no.official_lang,widowed,other.attached,non.movers
170342,933,a35_39,m,onao_Canadian,official_lang,work.official_lang,living.common.law,other.attached,non.movers
441026,933,a40_44,f,eo_weo_Dutch,official_lang,work.official_lang,separated,other.attached,other.movers
365849,933,a65_69,f,ao_esao_Chinese,official_lang,work.no.official_lang,married,apartment,non.movers
21996,933,a45_49,f,ao_esao_Filipino,official_lang,work.official_lang,married,apartment,non.movers
206807,933,a55_59,m,ao_esao_Chinese,official_lang,work.official_lang,married,single.detached.house,non.movers
657215,933,a75_79,f,eo_weo_Dutch,official_lang,work.no.official_lang,divorced,other.attached,non.movers
337397,933,a45_49,m,ao_esao_Chinese,official_lang,work.official_lang,married,other.attached,non.movers
889864,933,a5_9,m,ao_esao_Chinese,official_lang,work.no.official_lang,no.married,single.detached.house,non.movers
495013,933,a75_79,f,eo_bio_English,official_lang,work.no.official_lang,married,other.attached,non.movers
296985,933,a50_54,m,onao_Canadian,official_lang,work.official_lang,married,other.attached,non.movers
790140,933,a35_39,f,ao_esao_Chinese,official_lang,work.no.official_lang,married,other.attached,non.movers
904548,933,a75_79,f,ao_esao_Chinese,no.official_lang,work.no.official_lang,widowed,single.detached.house,non.movers
368049,933,a20_24,f,ao_esao_Filipino,official_lang,work.no.official_lang,no.married,other.attached,non.movers
887938,933,a20_24,f,ao_esao_Chinese,official_lang,work.no.official_lang,no.married,apartment,external.movers
783277,933,a30_34,f,ao_esao_Chinese,official_lang,work.no.official_lang,no.married,single.detached.house,external.movers
395953,933,a0_4,f,ao_esao_Chinese,official_lang,work.no.official_lang,no.married,single.detached.house,non.movers
219112,933,a25_29,m,eo_weo_German,official_lang,work.official_lang,no.married,other.attached,nonmigrants.movers
197640,933,a15_19,m,ao_esao_Filipino,official_lang,work.no.official_lang,no.married,apartment,non.movers
73028,933,a5_9,m,ao_esao_Chinese,official_lang,work.no.official_lang,no.married,other.attached,non.movers
414862,933,a45_49,f,ao_oesao,official_lang,work.official_lang,no.married,single.detached.house,non.movers
848909,933,a25_29,f,ao_esao_Chinese,official_lang,work.official_lang,no.married,apartment,non.movers
212967,933,a50_54,f,ao_oesao,official_lang,work.no.official_lang,married,other.attached,non.movers
428216,933,a50_54,m,ao_esao_Chinese,official_lang,work.official_lang,married,other.attached,non.movers
847176,933,a75_79,f,ao_esao_Chinese,no.official_lang,work.no.official_lang,widowed,apartment,non.movers
130534,933,a85_,f,ao_esao_Chinese,no.official_lang,work.no.official_lang,widowed,apartment,non.movers
36234,933,a10_14,f,eo_bio_English,official_lang,work.no.official_lang,no.married,other.attached,non.movers
707818,933,a45_49,m,eo_seo_Italian,official_lang,work.official_lang,no.married,apartment,non.movers
779844,933,a40_44,m,eo_oseo,official_lang,work.no.official_lang,no.married,apartment,non.movers
883681,933,a75_79,m,ao_oesao,official_lang,work.no.official_lang,married,single.detached.house,non.movers
93005,933,a40_44,f,ao_esao_Chinese,official_lang,work.official_lang,divorced,other.attached,nonmigrants.movers
838527,933,a50_54,f,ao_esao_Chinese,no.official_lang,work.no.official_lang,married,apartment,non.movers
913809,933,a55_59,f,eo_seo_Spanish,official_lang,work.official_lang,married,single.detached.house,non.movers
73721,933,a75_79,m,ao_esao_Chinese,no.official_lang,work.no.official_lang,married,single.detached.house,non.movers
257856,933,a35_39,m,ao_esao_Filipino,official_lang,work.official_lang,married,other.attached,nonmigrants.movers
860572,933,a0_4,m,ao_esao_Chinese,official_lang,work.no.official_lang,no.married,other.attached,non.movers
275959,933,a35_39,m,ao_esao_Chinese,no.official_lang,work.no.official_lang,married,apartment,non.movers
46808,933,a15_19,f,ao_osao,official_lang,work.no.official_lang,no.married,apartment,non.movers
570897,933,a5_9,m,ao_esao_Filipino,official_lang,work.no.official_lang,no.married,other.attached,non.movers
722967,933,a0_4,f,ao_esao_Chinese,no.official_lang,work.no.official_lang,no.married,other.attached,other.movers
197466,933,a55_59,f,onao_Canadian,official_lang,work.no.official_lang,no.married,apartment,non.movers
275273,933,a70_74,m,ao_esao_Chinese,official_lang,work.no.official_lang,married,other.attached,non.movers
758307,933,a50_54,m,ao_oesao,no.official_lang,work.no.official_lang,married,single.detached.house,non.movers
910406,933,a55_59,f,ao_esao_Chinese,official_lang,work.no.official_lang,married,other.attached,non.movers
578171,933,a30_34,f,ao_esao_Chinese,official_lang,work.official_lang,no.married,apartment,other.movers
60401,933,a45_49,m,ao_esao_Chinese,official_lang,work.no.official_lang,married,single.detached.house,non.movers
580467,933,a55_59,f,eo_eeo_Ukrainian,official_lang,work.official_lang,married,other.attached,other.movers
462845,933,a15_19,m,ao_esao_Chinese,official_lang,work.no.official_lang,no.married,other.attached,external.movers
494338,933,a35_39,f,ao_esao_Chinese,no.official_lang,work.no.official_lang,no.married,apartment,non.movers
286666,933,a45_49,f,ao_esao_Filipino,official_lang,work.official_lang,no.married,other.attached,non.movers
276871,933,a10_14,f,ao_esao_Chinese,official_lang,work.no.official_lang,no.married,other.attached,non.movers
366658,933,a65_69,f,ao_esao_Filipino,official_lang,work.no.official_lang,widowed,other.attached,non.movers
487891,933,a0_4,f,ao_esao_Filipino,official_lang,work.no.official_lang,no.married,other.attached,other.movers
167420,933,a60_64,m,ao_esao_Chinese,official_lang,work.no.official_lang,married,single.detached.house,non.movers
790067,933,a70_74,m,eo_bio_Scottish,official_lang,work.no.official_lang,married,single.detached.house,non.movers
486723,933,a35_39,f,ao_oesao,official_lang,work.no.official_lang,no.married,apartment,non.movers
872109,933,a30_34,m,eo_bio_Irish,official_lang,work.official_lang,no.married,other.attached,non.movers
731638,933,a15_19,m,ao_esao_Chinese,official_lang,work.no.official_lang,no.married,single.detached.house,external.movers
913154,933,a50_54,m,ao_esao_Filipino,official_lang,work.no.official_lang,married,apartment,non.movers
12054,933,a55_59,f,ao_esao_Chinese,official_lang,work.no.official_lang,no.married,apartment,non.movers
7089,933,a60_64,f,ao_sao_ei,official_lang,work.official_lang,living.common.law,apartment,non.movers
367253,933,a75_79,m,ao_esao_Chinese,no.official_lang,work.no.official_lang,widowed,apartment,non.movers
337670,933,a0_4,f,onao_Canadian,official_lang,work.no.official_lang,no.married,single.detached.house,non.movers
215681,933,a75_79,m,eo_bio_English,official_lang,work.no.official_lang,living.common.law,other.attached,external.movers
433476,933,a40_44,m,ao_esao_Chinese,official_lang,work.official_lang,married,other.attached,non.movers
684608,933,a5_9,m,ao_esao_Chinese,official_lang,work.no.official_lang,no.married,single.detached.house,non.movers
432437,933,a40_44,m,eo_obio,official_lang,work.official_lang,living.common.law,apartment,nonmigrants.movers
464418,933,a45_49,m,ao_esao_Chinese,no.official_lang,work.no.official_lang,married,single.detached.house,non.movers
15105,933,a0_4,f,ao_esao_Chinese,no.official_lang,work.no.official_lang,no.married,single.detached.house,non.movers
204395,933,a15_19,m,ao_osao,official_lang,work.no.official_lang,no.married,single.detached.house,non.movers
642737,933,a10_14,m,ao_esao_Chinese,official_lang,work.no.official_lang,no.married,single.detached.house,non.movers
917783,933,a5_9,f,ao_esao_Chinese,official_lang,work.no.official_lang,no.married,other.attached,non.movers
814199,933,a80_84,f,eo_seo_Italian,official_lang,work.no.official_lang,widowed,other.attached,non.movers
6615,933,a50_54,f,ao_esao_Chinese,no.official_lang,work.no.official_lang,married,apartment,non.movers
862639,933,a65_69,m,eo_eeo_Hungarian,official_lang,work.no.official_lang,no.married,apartment,nonmigrants.movers
811768,933,a50_54,f,ao_sao_ei,no.official_lang,work.no.official_lang,married,apartment,non.movers
357448,933,a85_,m,ao_esao_Chinese,official_lang,work.no.official_lang,widowed,apartment,non.movers
407957,933,a75_79,m,eo_seo_Spanish,official_lang,work.no.official_lang,married,single.detached.house,non.movers
213138,933,a25_29,f,onao_Canadian,official_lang,work.official_lang,no.married,other.attached,other.movers
35314,933,a50_54,f,ao_esao_Chinese,official_lang,work.no.official_lang,married,other.attached,non.movers
530619,933,a45_49,m,onao_Canadian,official_lang,work.official_lang,no.married,apartment,non.movers
329736,933,a25_29,m,ao_esao_Chinese,official_lang,work.official_lang,no.married,apartment,non.movers
114319,933,a25_29,f,ao_esao_Chinese,official_lang,work.official_lang,married,apartment,other.movers
62080,933,a65_69,m,eo_bio_Scottish,official_lang,work.no.official_lang,married,other.attached,non.movers
250896,933,a50_54,f,ao_esao_Chinese,no.official_lang,work.no.official_lang,married,single.detached.house,non.movers
631354,933,a30_34,m,onao_Canadian,official_lang,work.official_lang,no.married,single.detached.house,other.movers
373649,933,a60_64,m,ao_esao_Chinese,official_lang,work.official_lang,married,other.attached,non.movers
640771,933,a70_74,f,ao_esao_Chinese,no.official_lang,work.no.official_lang,divorced,apartment,non.movers
103853,933,a35_39,f,ao_esao_Chinese,official_lang,work.no.official_lang,married,other.attached,non.movers
788420,933,a75_79,m,ao_esao_Chinese,official_lang,work.no.official_lang,married,single.detached.house,non.movers
381466,933,a60_64,f,ao_esao_Chinese,no.official_lang,work.no.official_lang,married,other.attached,non.movers
907656,933,a65_69,m,ao_esao_Chinese,no.official_lang,work.no.official_lang,divorced,apartment,non.movers
259003,933,a0_4,f,ao_esao_Filipino,official_lang,work.no.official_lang,no.married,apartment,other.movers
323423,933,a50_54,m,eo_oeo,official_lang,work.official_lang,married,other.attached,non.movers
611799,933,a20_24,m,ao_esao_Chinese,official_lang,work.no.official_lang,no.married,apartment,external.movers
916008,933,a50_54,f,ao_esao_Chinese,official_lang,work.no.official_lang,married,other.attached,non.movers
385672,933,a65_69,f,ao_esao_Chinese,no.official_lang,work.no.official_lang,separated,other.attached,non.movers
225202,933,a55_59,m,ao_oesao,official_lang,work.official_lang,no.married,apartment,non.movers
71079,933,a80_84,m,ao_esao_Chinese,official_lang,work.no.official_lang,married,other.attached,non.movers
142242,933,a40_44,m,eo_weo_German,official_lang,work.official_lang,married,other.attached,non.movers
878842,933,a5_9,m,ao_esao_Chinese,official_lang,work.no.official_lang,no.married,other.attached,non.movers
316347,933,a35_39,f,ao_esao_Chinese,official_lang,work.no.official_lang,married,other.attached,non.movers
445236,933,a80_84,f,ao_esao_Chinese,no.official_lang,work.no.official_lang,married,single.detached.house,non.movers
478495,933,a15_19,m,ao_esao_Chinese,official_lang,work.no.official_lang,no.married,other.attached,non.movers
684374,933,a10_14,m,ao_esao_Filipino,official_lang,work.no.official_lang,no.married,apartment,non.movers
335549,933,a10_14,f,ao_esao_Chinese,official_lang,work.no.official_lang,no.married,single.detached.house,non.movers
925367,933,a45_49,m,eo_fo,official_lang,work.official_lang,married,other.attached,non.movers
295898,933,a50_54,m,ao_esao_Chinese,no.official_lang,work.official_lang,married,single.detached.house,non.movers
92973,933,a45_49,m,ao_esao_Chinese,no.official_lang,work.no.official_lang,married,apartment,non.movers
47281,933,a40_44,f,oo,official_lang,work.no.official_lang,widowed,apartment,non.movers
450821,933,a0_4,m,ao_esao_Filipino,official_lang,work.no.official_lang,no.married,apartment,non.movers
101866,933,a40_44,f,ao_esao_Chinese,no.official_lang,work.no.official_lang,married,other.attached,non.movers
443679,933,a50_54,m,ao_esao_Filipino,official_lang,work.official_lang,married,other.attached,non.movers
646838,933,a50_54,f,ao_esao_Filipino,official_lang,work.official_lang,no.married,single.detached.house,nonmigrants.movers
907491,933,a0_4,f,ao_esao_Chinese,no.official_lang,work.no.official_lang,no.married,other.attached,non.movers
275458,933,a65_69,f,ao_esao_Filipino,official_lang,work.no.official_lang,widowed,apartment,other.movers
102726,933,a40_44,m,ao_esao_Filipino,official_lang,work.official_lang,no.married,apartment,non.movers
499408,933,a45_49,m,ao_esao_Chinese,official_lang,work.official_lang,married,other.attached,non.movers
130236,933,a85_,f,ao_esao_Chinese,no.official_lang,work.no.official_lang,married,single.detached.house,non.movers
693655,933,a60_64,f,ao_oesao,no.official_lang,work.no.official_lang,married,single.detached.house,non.movers
823932,933,a30_34,m,eo_bio_Irish,official_lang,work.official_lang,no.married,apartment,nonmigrants.movers
233509,933,a60_64,f,ao_esao_Chinese,official_lang,work.official_lang,married,apartment,non.movers
579799,933,a15_19,f,ao_esao_Chinese,official_lang,work.no.official_lang,no.married,apartment,non.movers
45062,933,a40_44,f,ao_esao_Chinese,no.official_lang,work.no.official_lang,divorced,apartment,non.movers
800694,933,a55_59,m,ao_esao_Chinese,official_lang,work.no.official_lang,married,single.detached.house,non.movers
456556,933,a55_59,m,ao_sao_ei,official_lang,work.no.official_lang,married,apartment,non.movers
501922,933,a80_84,m,ao_sao_ei,no.official_lang,work.no.official_lang,married,apartment,non.movers
608058,933,a60_64,m,ao_sao_ei,no.official_lang,work.no.official_lang,married,single.detached.house,other.movers
403935,933,a65_69,f,ao_esao_Chinese,no.official_lang,work.no.official_lang,widowed,single.detached.house,non.movers
487891,933,a0_4,f,ao_esao_Filipino,official_lang,work.no.official_lang,no.married,other.attached,other.movers
356544,933,a80_84,m,ao_esao_Chinese,no.official_lang,work.no.official_lang,widowed,apartment,non.movers
729681,933,a65_69,f,ao_esao_Chinese,no.official_lang,work.no.official_lang,widowed,apartment,nonmigrants.movers
788401,933,a10_14,f,ao_esao_Chinese,official_lang,work.no.official_lang,no.married,single.detached.house,other.movers
133518,933,a55_59,m,ao_oesao,official_lang,work.no.official_lang,no.married,apartment,non.movers
191749,933,a70_74,f,ao_oesao,official_lang,work.no.official_lang,divorced,apartment,non.movers
358080,933,a75_79,f,ao_esao_Filipino,official_lang,work.official_lang,divorced,apartment,non.movers
759673,933,a5_9,f,ao_esao_Filipino,official_lang,work.no.official_lang,no.married,single.detached.house,nonmigrants.movers
480946,933,a75_79,f,ao_esao_Chinese,official_lang,work.no.official_lang,divorced,apartment,non.movers
468115,933,a55_59,f,eo_oweo,official_lang,work.no.official_lang,married,other.attached,nonmigrants.movers
277410,933,a25_29,m,ao_osao,official_lang,work.official_lang,no.married,apartment,non.movers
324073,933,a55_59,f,ao_esao_Chinese,official_lang,work.no.official_lang,married,other.attached,non.movers
807190,933,a40_44,m,eo_seo_Italian,official_lang,work.no.official_lang,no.married,apartment,nonmigrants.movers
20007,933,a25_29,m,ao_esao_Chinese,official_lang,work.official_lang,no.married,apartment,nonmigrants.movers
181926,933,a15_19,m,ao_oesao,official_lang,work.official_lang,no.married,apartment,non.movers
538751,933,a60_64,f,ao_esao_Chinese,no.official_lang,work.no.official_lang,married,single.detached.house,non.movers
591714,933,a30_34,f,ao_sao_ei,official_lang,work.no.official_lang,married,apartment,non.movers
115682,933,a80_84,m,ao_sao_ei,no.official_lang,work.no.official_lang,married,apartment,non.movers
147279,933,a85_,m,ao_esao_Chinese,official_lang,work.no.official_lang,married,apartment,non.movers
588488,933,a35_39,m,ao_esao_Chinese,official_lang,work.official_lang,no.married,other.attached,non.movers
759073,933,a15_19,m,ao_esao_Chinese,official_lang,work.no.official_lang,no.married,single.detached.house,non.movers
672526,933,a45_49,m,ao_esao_Chinese,official_lang,work.official_lang,living.common.law,other.attached,non.movers
284893,933,a85_,f,ao_esao_Chinese,no.official_lang,work.no.official_lang,widowed,single.detached.house,non.movers
463073,933,a35_39,f,eo_obio,official_lang,work.official_lang,living.common.law,single.detached.house,other.movers
39542,933,a50_54,f,ao_esao_Chinese,official_lang,work.no.official_lang,married,single.detached.house,non.movers
672944,933,a65_69,f,ao_esao_Chinese,official_lang,work.no.official_lang,married,other.attached,non.movers
730827,933,a40_44,f,ao_esao_Chinese,official_lang,work.no.official_lang,married,other.attached,non.movers
742384,933,a35_39,m,eo_seo_Greek,official_lang,work.official_lang,no.married,apartment,non.movers
320986,933,a5_9,m,ao_esao_Chinese,official_lang,work.no.official_lang,no.married,apartment,non.movers
805526,933,a0_4,f,ao_esao_Chinese,official_lang,work.no.official_lang,no.married,single.detached.house,non.movers
855746,933,a60_64,f,ao_esao_Filipino,official_lang,work.official_lang,married,apartment,non.movers
334308,933,a45_49,m,ao_esao_Chinese,official_lang,work.official_lang,married,other.attached,non.movers
6802,933,a60_64,m,ao_esao_Chinese,official_lang,work.no.official_lang,married,single.detached.house,non.movers
210206,933,a45_49,f,ao_esao_Filipino,official_lang,work.official_lang,married,other.attached,non.movers
917447,933,a20_24,m,ao_esao_Filipino,official_lang,work.official_lang,no.married,apartment,non.movers
102846,933,a70_74,f,ao_esao_Chinese,official_lang,work.no.official_lang,married,apartment,non.movers
543563,933,a75_79,f,eo_neo,official_lang,work.no.official_lang,divorced,other.attached,non.movers
734944,933,a25_29,f,ao_esao_Filipino,official_lang,work.no.official_lang,living.common.law,other.attached,non.movers
851190,933,a75_79,f,ao_esao_Chinese,official_lang,work.no.official_lang,married,single.detached.house,nonmigrants.movers
600405,933,a15_19,m,ao_esao_Chinese,official_lang,work.official_lang,no.married,apartment,non.movers
686281,933,a50_54,f,ao_esao_Chinese,official_lang,work.official_lang,divorced,single.detached.house,non.movers
329355,933,a0_4,f,ao_esao_Chinese,official_lang,work.no.official_lang,no.married,single.detached.house,other.movers
660771,933,a20_24,f,ao_oesao,official_lang,work.no.official_lang,no.married,apartment,external.movers
399098,933,a35_39,f,ao_esao_Chinese,no.official_lang,work.official_lang,no.married,apartment,non.movers
551700,933,a20_24,m,ao_esao_Chinese,official_lang,work.no.official_lang,divorced,apartment,non.movers
330257,933,a65_69,m,ao_esao_Chinese,official_lang,work.official_lang,married,other.attached,non.movers
532980,933,a65_69,f,ao_esao_Chinese,official_lang,work.no.official_lang,separated,apartment,non.movers
917682,933,a40_44,f,ao_esao_Filipino,official_lang,work.official_lang,married,single.detached.house,non.movers
796530,933,a70_74,m,ao_esao_Chinese,no.official_lang,work.no.official_lang,married,single.detached.house,non.movers
113387,933,a55_59,m,ao_esao_Chinese,no.official_lang,work.no.official_lang,married,apartment,nonmigrants.movers
599947,933,a35_39,f,lcsao,official_lang,work.no.official_lang,married,other.attached,non.movers
705530,933,a40_44,m,ao_esao_Chinese,no.official_lang,work.no.official_lang,no.married,other.attached,nonmigrants.movers
24437,933,a35_39,f,ao_esao_Chinese,official_lang,work.no.official_lang,divorced,single.detached.house,nonmigrants.movers
811092,933,a55_59,f,ao_esao_Chinese,official_lang,work.no.official_lang,no.married,apartment,non.movers
39994,933,a65_69,m,ao_esao_Chinese,official_lang,work.official_lang,married,single.detached.house,non.movers
706639,933,a45_49,f,ao_esao_Chinese,official_lang,work.official_lang,married,other.attached,non.movers
575405,933,a70_74,f,eo_seo_Portuguese,no.official_lang,work.no.official_lang,married,apartment,non.movers
105134,933,a20_24,f,ao_esao_Chinese,official_lang,work.no.official_lang,no.married,apartment,non.movers
395287,933,a0_4,m,ao_esao_Chinese,official_lang,work.no.official_lang,no.married,other.attached,other.movers
782776,933,a40_44,m,onao_Canadian,official_lang,work.no.official_lang,married,single.detached.house,non.movers
385829,933,a0_4,f,ao_esao_Chinese,no.official_lang,work.no.official_lang,no.married,single.detached.house,non.movers
110380,933,a10_14,m,ao_esao_Chinese,official_lang,work.no.official_lang,no.married,other.attached,non.movers
882355,933,a65_69,m,ao_esao_Chinese,no.official_lang,work.no.official_lang,married,other.attached,non.movers
5580,933,a40_44,m,ao_oesao,official_lang,work.official_lang,married,other.attached,non.movers
845701,933,a55_59,f,ao_oesao,no.official_lang,work.no.official_lang,married,single.detached.house,non.movers
317254,933,a30_34,f,ao_esao_Chinese,official_lang,work.official_lang,no.married,apartment,non.movers
213658,933,a80_84,f,ao_sao_ei,official_lang,work.no.official_lang,widowed,apartment,non.movers
614173,933,a20_24,m,ao_esao_Chinese,official_lang,work.no.official_lang,no.married,single.detached.house,nonmigrants.movers
742532,933,a75_79,f,ao_esao_Chinese,no.official_lang,work.no.official_lang,divorced,apartment,non.movers
600857,933,a45_49,m,ao_esao_Chinese,official_lang,work.official_lang,married,single.detached.house,non.movers
84616,933,a50_54,m,ao_esao_Chinese,no.official_lang,work.no.official_lang,married,single.detached.house,non.movers
549275,933,a15_19,m,ao_oesao,official_lang,work.no.official_lang,no.married,other.attached,nonmigrants.movers
85301,933,a25_29,f,ao_esao_Chinese,official_lang,work.official_lang,no.married,other.attached,non.movers
543435,933,a60_64,f,ao_esao_Chinese,no.official_lang,work.no.official_lang,married,apartment,other.movers
208586,933,a35_39,f,ao_oesao,official_lang,work.official_lang,married,apartment,non.movers
194941,933,a65_69,f,ao_sao_ei,no.official_lang,work.no.official_lang,widowed,apartment,non.movers
926165,933,a30_34,m,ao_esao_Chinese,official_lang,work.official_lang,no.married,other.attached,other.movers
811647,933,a20_24,f,ao_oesao,official_lang,work.official_lang,no.married,other.attached,other.movers
130193,933,a45_49,m,onao_Canadian,official_lang,work.official_lang,no.married,single.detached.house,nonmigrants.movers
467416,933,a30_34,f,ao_sao_ei,official_lang,work.no.official_lang,no.married,single.detached.house,non.movers
122038,933,a0_4,m,ao_esao_Chinese,official_lang,work.no.official_lang,no.married,apartment,non.movers
270265,933,a55_59,m,ao_sao_ei,official_lang,work.official_lang,married,single.detached.house,other.movers
675735,933,a45_49,f,ao_esao_Chinese,no.official_lang,work.no.official_lang,divorced,apartment,non.movers
427671,933,a75_79,f,ao_esao_Chinese,no.official_lang,work.no.official_lang,widowed,single.detached.house,non.movers
376198,933,a20_24,m,ao_esao_Filipino,official_lang,work.official_lang,no.married,apartment,non.movers
149845,933,a50_54,m,ao_esao_Chinese,no.official_lang,work.no.official_lang,married,apartment,non.movers
519169,933,a85_,m,ao_esao_Chinese,no.official_lang,work.no.official_lang,married,apartment,non.movers
452146,933,a50_54,m,ao_esao_Chinese,official_lang,work.official_lang,married,apartment,non.movers
683615,933,a50_54,m,ao_esao_Filipino,official_lang,work.no.official_lang,divorced,apartment,non.movers
282025,933,a85_,m,ao_esao_Chinese,no.official_lang,work.no.official_lang,married,apartment,non.movers
403063,933,a50_54,f,ao_esao_Chinese,official_lang,work.official_lang,married,apartment,non.movers
482921,933,a40_44,m,ao_sao_ei,official_lang,work.official_lang,no.married,other.attached,non.movers
570242,933,a25_29,f,ao_esao_Chinese,official_lang,work.official_lang,living.common.law,apartment,non.movers
290780,933,a25_29,f,ao_osao,official_lang,work.official_lang,no.married,apartment,non.movers
177345,933,a35_39,m,ao_oesao,official_lang,work.official_lang,married,single.detached.house,non.movers
268379,933,a0_4,m,ao_esao_Chinese,official_lang,work.no.official_lang,no.married,other.attached,non.movers
549990,933,a20_24,m,ao_esao_Chinese,official_lang,work.official_lang,no.married,apartment,non.movers
702941,933,a25_29,m,ao_esao_Chinese,official_lang,work.no.official_lang,no.married,apartment,non.movers
510643,933,a0_4,m,ao_esao_Chinese,no.official_lang,work.no.official_lang,no.married,single.detached.house,other.movers
887833,933,a85_,f,ao_esao_Chinese,no.official_lang,work.no.official_lang,widowed,other.attached,non.movers
825146,933,a65_69,m,ao_esao_Chinese,no.official_lang,work.no.official_lang,married,apartment,non.movers
25245,933,a10_14,m,ao_esao_Chinese,official_lang,work.no.official_lang,no.married,single.detached.house,non.movers
204945,933,a20_24,f,ao_esao_Chinese,official_lang,work.no.official_lang,living.common.law,apartment,nonmigrants.movers
907067,933,a20_24,f,ao_esao_Chinese,official_lang,work.no.official_lang,no.married,single.detached.house,non.movers
894733,933,a70_74,m,ao_esao_Chinese,official_lang,work.no.official_lang,married,other.attached,non.movers
307503,933,a15_19,f,ao_sao_ei,official_lang,work.no.official_lang,no.married,other.attached,non.movers
398908,933,a25_29,m,ao_esao_Filipino,official_lang,work.no.official_lang,no.married,other.attached,non.movers
35585,933,a65_69,f,ao_esao_Chinese,official_lang,work.official_lang,divorced,apartment,non.movers
27388,933,a70_74,m,eo_seo_Italian,official_lang,work.no.official_lang,living.common.law,apartment,non.movers
111145,933,a0_4,m,ao_esao_Chinese,official_lang,work.no.official_lang,no.married,other.attached,non.movers
828871,933,a20_24,m,ao_esao_Chinese,official_lang,work.no.official_lang,no.married,other.attached,non.movers
321775,933,a35_39,f,ao_esao_Chinese,official_lang,work.official_lang,no.married,other.attached,non.movers
575691,933,a60_64,f,ao_esao_Filipino,official_lang,work.official_lang,no.married,apartment,non.movers
637221,933,a45_49,f,ao_esao_Chinese,no.official_lang,work.no.official_lang,married,apartment,non.movers
266706,933,a20_24,m,ao_esao_Chinese,official_lang,work.official_lang,no.married,other.attached,non.movers
622391,933,a15_19,f,ao_esao_Chinese,official_lang,work.no.official_lang,no.married,other.attached,non.movers
91451,933,a5_9,m,ao_esao_Filipino,official_lang,work.no.official_lang,no.married,apartment,non.movers
844064,933,a20_24,m,ao_esao_Chinese,official_lang,work.no.official_lang,no.married,apartment,nonmigrants.movers
193818,933,a40_44,m,onao_Canadian,official_lang,work.official_lang,married,other.attached,non.movers
160345,933,a70_74,m,ao_esao_Chinese,official_lang,work.no.official_lang,married,apartment,other.movers
123662,933,a70_74,f,ao_esao_Chinese,no.official_lang,work.no.official_lang,married,single.detached.house,other.movers
785825,933,a25_29,m,ao_esao_Chinese,official_lang,work.no.official_lang,no.married,other.attached,non.movers
525610,933,a15_19,f,ao_oesao,official_lang,work.official_lang,no.married,apartment,non.movers
813424,933,a50_54,f,ao_sao_ei,official_lang,work.no.official_lang,married,other.attached,non.movers
624243,933,a65_69,f,ao_esao_Filipino,official_lang,work.no.official_lang,widowed,other.attached,nonmigrants.movers
711155,933,a30_34,f,ao_oesao,official_lang,work.no.official_lang,married,apartment,non.movers
271849,933,a5_9,m,ao_esao_Chinese,official_lang,work.no.official_lang,no.married,single.detached.house,non.movers
900629,933,a30_34,m,ao_oesao,official_lang,work.official_lang,married,apartment,non.movers
856359,933,a20_24,m,ao_esao_Chinese,official_lang,work.no.official_lang,no.married,apartment,non.movers
444964,933,a60_64,m,ao_esao_Chinese,official_lang,work.official_lang,married,single.detached.house,non.movers
161705,933,a25_29,f,ao_esao_Chinese,official_lang,work.official_lang,no.married,single.detached.house,non.movers
377707,933,a30_34,m,ao_oesao,official_lang,work.official_lang,no.married,apartment,non.movers
406981,933,a10_14,f,ao_esao_Chinese,official_lang,work.no.official_lang,no.married,single.detached.house,non.movers
172512,933,a40_44,m,ao_oesao,official_lang,work.no.official_lang,married,other.attached,non.movers
444395,933,a60_64,f,ao_sao_ei,no.official_lang,work.no.official_lang,married,apartment,nonmigrants.movers
161541,933,a60_64,f,ao_esao_Chinese,no.official_lang,work.no.official_lang,widowed,other.attached,non.movers
82427,933,a0_4,f,ao_esao_Chinese,official_lang,work.no.official_lang,no.married,single.detached.house,non.movers
218495,933,a0_4,m,ao_esao_Chinese,official_lang,work.no.official_lang,no.married,other.attached,non.movers
774357,933,a60_64,m,ao_esao_Chinese,no.official_lang,work.no.official_lang,no.married,single.detached.house,non.movers
798340,933,a15_19,m,ao_oesao,official_lang,work.no.official_lang,no.married,other.attached,non.movers
251740,933,a0_4,f,ao_esao_Chinese,official_lang,work.no.official_lang,no.married,apartment,non.movers
795624,933,a5_9,m,ao_esao_Filipino,official_lang,work.no.official_lang,no.married,other.attached,non.movers
216172,933,a5_9,f,ao_sao_ei,official_lang,work.no.official_lang,no.married,other.attached,non.movers
362499,933,a50_54,f,ao_esao_Chinese,official_lang,work.no.official_lang,no.married,apartment,non.movers
705982,933,a75_79,m,ao_esao_Chinese,official_lang,work.no.official_lang,married,single.detached.house,non.movers
836475,933,a85_,f,ao_esao_Filipino,official_lang,work.no.official_lang,widowed,apartment,non.movers
472769,933,a35_39,f,ao_esao_Chinese,official_lang,work.official_lang,married,single.detached.house,non.movers
130964,933,a65_69,m,ao_esao_Filipino,official_lang,work.official_lang,married,other.attached,non.movers
123578,933,a25_29,f,ao_esao_Chinese,official_lang,work.no.official_lang,no.married,apartment,non.movers
113015,933,a45_49,m,ao_esao_Chinese,official_lang,work.no.official_lang,married,apartment,other.movers
140016,933,a30_34,f,lcsao,official_lang,work.official_lang,no.married,apartment,other.movers
324061,933,a35_39,m,ao_wcameo,official_lang,work.official_lang,separated,apartment,non.movers
424515,933,a35_39,m,eo_weo_German,official_lang,work.official_lang,no.married,other.attached,non.movers
406799,933,a30_34,m,ao_esao_Chinese,official_lang,work.official_lang,married,other.attached,non.movers
866298,933,a60_64,m,ao_esao_Chinese,official_lang,work.no.official_lang,no.married,apartment,other.movers
416867,933,a55_59,f,ao_esao_Chinese,no.official_lang,work.no.official_lang,widowed,apartment,non.movers
428245,933,a20_24,m,ao_esao_Chinese,official_lang,work.no.official_lang,no.married,apartment,nonmigrants.movers
404371,933,a80_84,f,ao_esao_Chinese,no.official_lang,work.no.official_lang,married,single.detached.house,non.movers
740420,933,a0_4,f,ao_sao_ei,no.official_lang,work.no.official_lang,no.married,apartment,external.movers
800894,933,a35_39,f,ao_esao_Chinese,official_lang,work.official_lang,married,apartment,non.movers
29437,933,a40_44,m,ao_esao_Chinese,official_lang,work.no.official_lang,married,other.attached,other.movers
513444,933,a0_4,f,ao_esao_Chinese,official_lang,work.no.official_lang,no.married,other.attached,non.movers
186986,933,a40_44,m,ao_esao_Chinese,official_lang,work.official_lang,married,other.attached,non.movers
425072,933,a60_64,m,ao_esao_Chinese,official_lang,work.official_lang,married,single.detached.house,non.movers
832752,933,a25_29,f,ao_oesao,official_lang,work.official_lang,no.married,single.detached.house,non.movers
779998,933,a35_39,m,ao_esao_Chinese,official_lang,work.no.official_lang,married,apartment,non.movers
69407,933,a30_34,f,ao_esao_Chinese,official_lang,work.official_lang,married,apartment,non.movers
919370,933,a45_49,f,eo_seo_Greek,official_lang,work.no.official_lang,no.married,other.attached,non.movers
765880,933,a0_4,m,ao_esao_Filipino,official_lang,work.no.official_lang,no.married,apartment,non.movers
697496,933,a55_59,f,ao_esao_Chinese,official_lang,work.no.official_lang,married,other.attached,non.movers
474288,933,a65_69,m,ao_esao_Chinese,official_lang,work.no.official_lang,no.married,single.detached.house,non.movers
866444,933,a15_19,m,ao_esao_Chinese,official_lang,work.no.official_lang,no.married,apartment,non.movers
377379,933,a0_4,m,ao_esao_Chinese,no.official_lang,work.no.official_lang,no.married,apartment,non.movers
734586,933,a10_14,m,ao_esao_Filipino,official_lang,work.no.official_lang,no.married,other.attached,non.movers
143509,933,a55_59,f,onao_Canadian,official_lang,work.no.official_lang,divorced,other.attached,non.movers
755243,933,a45_49,m,ao_esao_Chinese,official_lang,work.official_lang,married,other.attached,non.movers
238310,933,a35_39,f,ao_esao_Filipino,official_lang,work.official_lang,no.married,apartment,nonmigrants.movers
238527,933,a60_64,m,ao_wcameo,official_lang,work.no.official_lang,married,apartment,non.movers
635660,933,a75_79,f,eo_bio_Scottish,official_lang,work.no.official_lang,married,single.detached.house,non.movers
460043,933,a65_69,m,ao_esao_Filipino,official_lang,work.no.official_lang,married,apartment,non.movers
647801,933,a50_54,m,ao_esao_Chinese,official_lang,work.official_lang,married,other.attached,non.movers
461895,933,a85_,f,ao_esao_Chinese,no.official_lang,work.no.official_lang,widowed,single.detached.house,non.movers
853684,933,a55_59,m,eo_eeo_Polish,official_lang,work.official_lang,divorced,apartment,non.movers
156712,933,a50_54,m,ao_esao_Filipino,official_lang,work.official_lang,divorced,apartment,non.movers
455412,933,a30_34,f,ao_esao_Chinese,no.official_lang,work.no.official_lang,married,apartment,nonmigrants.movers
308391,933,a35_39,m,ao_esao_Chinese,official_lang,work.official_lang,married,single.detached.house,non.movers
222573,933,a25_29,m,ao_esao_Chinese,official_lang,work.official_lang,no.married,other.attached,non.movers
504664,933,a85_,m,ao_esao_Chinese,no.official_lang,work.no.official_lang,married,single.detached.house,nonmigrants.movers
355020,933,a35_39,m,ao_oesao,official_lang,work.official_lang,living.common.law,single.detached.house,non.movers
771224,933,a55_59,f,eo_seo_Italian,official_lang,work.official_lang,married,other.attached,non.movers
882355,933,a65_69,m,ao_esao_Chinese,no.official_lang,work.no.official_lang,married,other.attached,non.movers
463100,933,a40_44,f,ao_sao_ei,official_lang,work.no.official_lang,divorced,other.attached,non.movers
779960,933,a55_59,m,ao_esao_Filipino,official_lang,work.official_lang,married,apartment,non.movers
811238,933,a65_69,m,ao_esao_Chinese,no.official_lang,work.no.official_lang,married,other.attached,non.movers
1779,933,a75_79,m,eo_bio_English,official_lang,work.no.official_lang,married,other.attached,non.movers
813610,933,a70_74,m,ao_esao_Chinese,official_lang,work.no.official_lang,married,single.detached.house,non.movers
646411,933,a25_29,m,ao_esao_Filipino,official_lang,work.no.official_lang,no.married,single.detached.house,non.movers
880639,933,a70_74,m,ao_esao_Chinese,no.official_lang,work.no.official_lang,married,apartment,non.movers
449752,933,a65_69,m,ao_sao_ei,no.official_lang,work.no.official_lang,married,apartment,non.movers
821787,933,a70_74,m,onao_Canadian,official_lang,work.no.official_lang,divorced,apartment,non.movers
160505,933,a35_39,f,ao_sao_ei,official_lang,work.official_lang,married,other.attached,non.movers
390736,933,a0_4,f,ao_sao_ei,official_lang,work.no.official_lang,no.married,other.attached,non.movers
224190,933,a0_4,m,ao_esao_Chinese,no.official_lang,work.no.official_lang,no.married,apartment,non.movers
823873,933,a5_9,m,ao_esao_Chinese,official_lang,work.no.official_lang,no.married,single.detached.house,non.movers
50065,933,a70_74,f,ao_esao_Chinese,official_lang,work.no.official_lang,divorced,apartment,non.movers
39916,933,a15_19,f,ao_esao_Chinese,official_lang,work.no.official_lang,no.married,apartment,other.movers
133379,933,a15_19,f,ao_esao_Chinese,official_lang,work.no.official_lang,no.married,apartment,non.movers
303766,933,a0_4,f,ao_esao_Chinese,official_lang,work.no.official_lang,no.married,single.detached.house,non.movers
485994,933,a60_64,f,onao_Canadian,official_lang,work.no.official_lang,married,single.detached.house,non.movers
546941,933,a20_24,f,ao_esao_Filipino,official_lang,work.official_lang,no.married,other.attached,non.movers
124106,933,a50_54,f,ao_esao_Chinese,no.official_lang,work.no.official_lang,divorced,apartment,non.movers
531695,933,a20_24,f,ao_esao_Filipino,official_lang,work.official_lang,no.married,other.attached,non.movers
465655,933,a55_59,f,ao_oesao,official_lang,work.no.official_lang,married,single.detached.house,non.movers
654180,933,a40_44,m,ao_esao_Filipino,official_lang,work.official_lang,married,other.attached,non.movers
19787,933,a20_24,f,ao_esao_Chinese,official_lang,work.no.official_lang,no.married,single.detached.house,nonmigrants.movers
404210,933,a40_44,m,ao_oesao,official_lang,work.official_lang,married,single.detached.house,non.movers
507483,933,a75_79,f,ao_sao_ei,no.official_lang,work.no.official_lang,married,single.detached.house,other.movers
478441,933,a20_24,f,ao_sao_ei,official_lang,work.official_lang,no.married,other.attached,nonmigrants.movers
473399,933,a65_69,f,ao_esao_Chinese,no.official_lang,work.no.official_lang,married,single.detached.house,non.movers
204338,933,a40_44,m,ao_esao_Chinese,no.official_lang,work.no.official_lang,married,apartment,non.movers
72454,933,a85_,f,ao_esao_Chinese,no.official_lang,work.no.official_lang,widowed,other.attached,non.movers
665939,933,a85_,f,ao_esao_Chinese,no.official_lang,work.no.official_lang,divorced,apartment,non.movers
494960,933,a70_74,m,eo_fo,official_lang,work.no.official_lang,married,other.attached,non.movers
382428,933,a80_84,m,ao_esao_Chinese,official_lang,work.no.official_lang,married,single.detached.house,non.movers
394558,933,a50_54,f,ao_esao_Chinese,official_lang,work.official_lang,married,other.attached,non.movers
170751,933,a15_19,m,ao_esao_Chinese,no.official_lang,work.no.official_lang,no.married,other.attached,non.movers
596686,933,a60_64,m,ao_esao_Chinese,no.official_lang,work.no.official_lang,married,single.detached.house,nonmigrants.movers
610665,933,a30_34,f,ao_esao_Filipino,official_lang,work.official_lang,no.married,other.attached,non.movers
35310,933,a15_19,m,ao_esao_Chinese,official_lang,work.no.official_lang,no.married,other.attached,non.movers
851924,933,a30_34,m,eo_weo_German,official_lang,work.official_lang,no.married,other.attached,non.movers
235015,933,a70_74,f,ao_esao_Chinese,official_lang,work.no.official_lang,married,single.detached.house,non.movers
729345,933,a70_74,m,ao_esao_Chinese,official_lang,work.no.official_lang,married,other.attached,non.movers
606251,933,a0_4,f,naao,official_lang,work.no.official_lang,no.married,other.attached,other.movers
333484,933,a80_84,m,ao_esao_Chinese,official_lang,work.no.official_lang,married,single.detached.house,non.movers
862429,933,a60_64,m,eo_eeo_Hungarian,official_lang,work.no.official_lang,no.married,other.attached,other.movers
766523,933,a35_39,f,ao_esao_Chinese,official_lang,work.official_lang,married,other.attached,non.movers
536639,933,a0_4,m,ao_esao_Chinese,no.official_lang,work.no.official_lang,no.married,apartment,non.movers
2215,933,a30_34,m,ao_esao_Chinese,official_lang,work.official_lang,no.married,single.detached.house,non.movers
485701,933,a45_49,m,ao_oesao,no.official_lang,work.no.official_lang,married,other.attached,non.movers
348077,933,a25_29,m,eo_seo_Italian,official_lang,work.official_lang,married,apartment,other.movers
25163,933,a35_39,m,ao_esao_Chinese,official_lang,work.official_lang,married,other.attached,non.movers
637105,933,a0_4,m,ao_esao_Chinese,official_lang,work.no.official_lang,no.married,apartment,other.movers
229175,933,a55_59,m,ao_oesao,official_lang,work.official_lang,married,other.attached,non.movers
772625,933,a45_49,m,ao_esao_Chinese,official_lang,work.official_lang,married,other.attached,non.movers
803733,933,a50_54,m,ao_esao_Chinese,no.official_lang,work.no.official_lang,married,apartment,non.movers
271371,933,a30_34,m,ao_oesao,official_lang,work.no.official_lang,no.married,other.attached,non.movers
547405,933,a65_69,m,ao_esao_Chinese,no.official_lang,work.no.official_lang,married,other.attached,non.movers
575423,933,a40_44,f,ao_esao_Chinese,official_lang,work.official_lang,married,other.attached,non.movers
799878,933,a60_64,m,eo_seo_Spanish,official_lang,work.no.official_lang,separated,single.detached.house,non.movers
543244,933,a5_9,f,ao_esao_Chinese,official_lang,work.no.official_lang,no.married,apartment,non.movers
644725,933,a5_9,f,onao_Canadian,official_lang,work.no.official_lang,no.married,single.detached.house,non.movers
516110,933,a0_4,f,ao_esao_Filipino,official_lang,work.no.official_lang,no.married,apartment,other.movers
507321,933,a20_24,f,lcsao,official_lang,work.official_lang,no.married,other.attached,non.movers
515153,933,a15_19,m,ao_esao_Filipino,official_lang,work.no.official_lang,no.married,other.attached,non.movers
823709,933,a35_39,f,ao_wcameo,no.official_lang,work.no.official_lang,married,other.attached,non.movers
175834,933,a50_54,m,ao_esao_Chinese,no.official_lang,work.no.official_lang,married,other.attached,non.movers
751162,933,a75_79,m,eo_seo_Italian,official_lang,work.no.official_lang,married,apartment,non.movers
495261,933,a65_69,f,ao_esao_Chinese,official_lang,work.no.official_lang,no.married,other.attached,non.movers
318045,933,a5_9,f,ao_esao_Chinese,official_lang,work.no.official_lang,no.married,single.detached.house,non.movers
359488,933,a35_39,m,ao_esao_Filipino,official_lang,work.official_lang,no.married,apartment,non.movers
252884,933,a50_54,m,ao_esao_Chinese,no.official_lang,work.no.official_lang,married,single.detached.house,non.movers
252756,933,a10_14,m,ao_oesao,official_lang,work.no.official_lang,no.married,other.attached,non.movers
424439,933,a35_39,m,ao_esao_Filipino,official_lang,work.official_lang,married,apartment,non.movers
131670,933,a40_44,m,ao_esao_Chinese,official_lang,work.no.official_lang,married,apartment,non.movers
195407,933,a45_49,f,ao_esao_Chinese,no.official_lang,work.no.official_lang,married,apartment,non.movers
474101,933,a55_59,f,ao_esao_Chinese,no.official_lang,work.no.official_lang,married,other.attached,non.movers
875468,933,a10_14,m,ao_esao_Chinese,official_lang,work.no.official_lang,no.married,apartment,non.movers
800387,933,a55_59,m,ao_esao_Chinese,official_lang,work.no.official_lang,married,single.detached.house,non.movers
694752,933,a40_44,m,ao_esao_Chinese,official_lang,work.official_lang,married,other.attached,non.movers
758835,933,a40_44,m,ao_esao_Chinese,official_lang,work.official_lang,married,apartment,non.movers
245086,933,a60_64,f,ao_esao_Chinese,no.official_lang,work.no.official_lang,separated,apartment,non.movers
706155,933,a85_,f,eo_eeo_Polish,official_lang,work.no.official_lang,widowed,apartment,non.movers
63148,933,a40_44,f,ao_oesao,official_lang,work.official_lang,no.married,apartment,non.movers
265388,933,a50_54,f,ao_sao_ei,no.official_lang,work.official_lang,divorced,other.attached,nonmigrants.movers
364619,933,a20_24,m,ao_esao_Chinese,official_lang,work.no.official_lang,no.married,other.attached,non.movers
774739,933,a35_39,f,ao_oesao,official_lang,work.official_lang,no.married,apartment,non.movers
512331,933,a30_34,f,eo_oeeo,no.official_lang,work.no.official_lang,married,apartment,nonmigrants.movers
158088,933,a65_69,m,ao_esao_Chinese,official_lang,work.no.official_lang,married,apartment,non.movers
167597,933,a80_84,m,ao_oesao,no.official_lang,work.no.official_lang,married,apartment,non.movers
236566,933,a25_29,f,ao_esao_Chinese,official_lang,work.no.official_lang,married,other.attached,nonmigrants.movers
131794,933,a30_34,m,eo_bio_English,official_lang,work.official_lang,living.common.law,other.attached,nonmigrants.movers
904278,933,a70_74,f,ao_sao_ei,official_lang,work.no.official_lang,no.married,apartment,non.movers
910776,933,a15_19,m,ao_esao_Chinese,official_lang,work.no.official_lang,no.married,single.detached.house,non.movers
599549,933,a25_29,f,ao_esao_Chinese,no.official_lang,work.no.official_lang,married,other.attached,other.movers
715665,933,a50_54,f,ao_esao_Chinese,no.official_lang,work.no.official_lang,married,other.attached,non.movers
335339,933,a15_19,m,ao_esao_Chinese,official_lang,work.no.official_lang,no.married,other.attached,non.movers
881449,933,a0_4,m,ao_esao_Chinese,official_lang,work.no.official_lang,no.married,other.attached,non.movers
441297,933,a85_,m,ao_esao_Chinese,no.official_lang,work.no.official_lang,married,apartment,non.movers
839028,933,a55_59,m,ao_esao_Chinese,official_lang,work.official_lang,married,apartment,non.movers
45258,933,a20_24,m,ao_oesao,official_lang,work.official_lang,no.married,other.attached,non.movers
260761,933,a60_64,m,ao_esao_Chinese,no.official_lang,work.no.official_lang,married,apartment,non.movers
226369,933,a65_69,f,ao_esao_Chinese,official_lang,work.no.official_lang,married,apartment,non.movers
857036,933,a70_74,f,ao_esao_Chinese,no.official_lang,work.no.official_lang,widowed,single.detached.house,non.movers
460495,933,a60_64,f,ao_esao_Chinese,official_lang,work.official_lang,no.married,apartment,non.movers
661797,933,a25_29,f,onao_Canadian,official_lang,work.no.official_lang,living.common.law,apartment,nonmigrants.movers
370621,933,a50_54,f,ao_esao_Filipino,official_lang,work.official_lang,married,apartment,non.movers
434537,933,a40_44,m,ao_osao,no.official_lang,work.no.official_lang,married,other.attached,non.movers
346475,933,a50_54,m,ao_sao_ei,official_lang,work.official_lang,married,apartment,non.movers
222655,933,a55_59,m,ao_esao_Chinese,official_lang,work.official_lang,married,apartment,non.movers
926378,933,a65_69,f,ao_oesao,no.official_lang,work.no.official_lang,widowed,single.detached.house,non.movers
778285,933,a0_4,m,ao_esao_Filipino,official_lang,work.no.official_lang,no.married,apartment,non.movers
657966,933,a25_29,m,ao_esao_Chinese,no.official_lang,work.no.official_lang,married,apartment,non.movers
130236,933,a85_,f,ao_esao_Chinese,no.official_lang,work.no.official_lang,married,single.detached.house,non.movers
121257,933,a80_84,m,eo_fo,official_lang,work.no.official_lang,married,apartment,non.movers
447303,933,a25_29,m,ao_esao_Chinese,official_lang,work.no.official_lang,no.married,single.detached.house,non.movers
81784,933,a60_64,f,ao_esao_Chinese,no.official_lang,work.no.official_lang,divorced,other.attached,non.movers
336932,933,a5_9,m,ao_esao_Chinese,official_lang,work.no.official_lang,no.married,single.detached.house,other.movers
469011,933,a50_54,m,ao_esao_Chinese,no.official_lang,work.no.official_lang,married,single.detached.house,non.movers
389186,933,a50_54,f,ao_esao_Chinese,official_lang,work.no.official_lang,married,other.attached,non.movers
531454,933,a50_54,m,eo_weo_German,official_lang,work.no.official_lang,married,other.attached,non.movers
36380,933,a55_59,f,ao_esao_Filipino,official_lang,work.official_lang,no.married,apartment,non.movers
275657,933,a80_84,m,ao_esao_Chinese,no.official_lang,work.no.official_lang,married,apartment,non.movers
833657,933,a5_9,m,onao_Canadian,official_lang,work.no.official_lang,no.married,other.attached,non.movers
886589,933,a75_79,f,ao_esao_Chinese,no.official_lang,work.no.official_lang,widowed,apartment,non.movers
878302,933,a60_64,m,ao_esao_Chinese,official_lang,work.no.official_lang,married,single.detached.house,non.movers
109442,933,a80_84,f,ao_esao_Chinese,no.official_lang,work.no.official_lang,widowed,other.attached,non.movers
704773,933,a25_29,m,ao_esao_Chinese,official_lang,work.official_lang,no.married,other.attached,non.movers
12991,933,a55_59,m,ao_esao_Chinese,official_lang,work.no.official_lang,no.married,apartment,non.movers
470813,933,a20_24,m,ao_esao_Chinese,official_lang,work.official_lang,no.married,other.attached,non.movers
754382,933,a20_24,m,ao_esao_Chinese,official_lang,work.official_lang,no.married,apartment,non.movers
565237,933,a65_69,m,eo_eeo_Polish,official_lang,work.no.official_lang,no.married,apartment,nonmigrants.movers
346355,933,a75_79,f,eo_obio,official_lang,work.no.official_lang,married,other.attached,non.movers
652506,933,a40_44,m,ao_esao_Chinese,official_lang,work.official_lang,married,other.attached,non.movers
538751,933,a60_64,f,ao_esao_Chinese,no.official_lang,work.no.official_lang,married,single.detached.house,non.movers
602628,933,a65_69,m,ao_esao_Chinese,official_lang,work.no.official_lang,married,single.detached.house,non.movers
679096,933,a20_24,m,ao_esao_Chinese,official_lang,work.official_lang,no.married,apartment,nonmigrants.movers
705882,933,a35_39,f,ao_esao_Chinese,official_lang,work.official_lang,no.married,single.detached.house,non.movers
324037,933,a55_59,f,ao_esao_Chinese,official_lang,work.official_lang,divorced,other.attached,non.movers
645062,933,a70_74,f,onao_Canadian,official_lang,work.no.official_lang,widowed,apartment,other.movers
425217,933,a85_,f,ao_esao_Chinese,no.official_lang,work.no.official_lang,widowed,other.attached,non.movers
877389,933,a30_34,f,ao_esao_Chinese,official_lang,work.official_lang,no.married,single.detached.house,non.movers
471131,933,a5_9,m,ao_esao_Filipino,official_lang,work.no.official_lang,no.married,other.attached,non.movers
279679,933,a25_29,f,ao_esao_Chinese,official_lang,work.official_lang,no.married,single.detached.house,non.movers
558914,933,a55_59,f,ao_oesao,no.official_lang,work.no.official_lang,married,other.attached,nonmigrants.movers
177803,933,a45_49,m,ao_esao_Chinese,official_lang,work.no.official_lang,living.common.law,other.attached,non.movers
420708,933,a0_4,m,naao,official_lang,work.no.official_lang,no.married,other.attached,non.movers
482829,933,a15_19,f,ao_esao_Chinese,official_lang,work.no.official_lang,no.married,single.detached.house,non.movers
409491,933,a45_49,f,ao_esao_Chinese,official_lang,work.official_lang,divorced,other.attached,non.movers
226369,933,a65_69,f,ao_esao_Chinese,official_lang,work.no.official_lang,married,apartment,non.movers
670594,933,a70_74,m,ao_esao_Chinese,no.official_lang,work.no.official_lang,married,other.attached,non.movers
480686,933,a15_19,m,ao_esao_Chinese,no.official_lang,work.no.official_lang,no.married,single.detached.house,external.movers
117306,933,a25_29,f,ao_esao_Chinese,official_lang,work.official_lang,no.married,other.attached,non.movers
44518,933,a30_34,m,ao_oesao,official_lang,work.official_lang,married,apartment,nonmigrants.movers
764583,933,a60_64,m,ao_esao_Chinese,official_lang,work.no.official_lang,married,apartment,non.movers
394557,933,a5_9,f,ao_esao_Chinese,no.official_lang,work.no.official_lang,no.married,other.attached,non.movers
643971,933,a50_54,m,ao_esao_Chinese,official_lang,work.official_lang,married,other.attached,non.movers
578463,933,a0_4,f,ao_esao_Chinese,official_lang,work.no.official_lang,no.married,single.detached.house,non.movers
555696,933,a25_29,m,ao_wcameo,official_lang,work.official_lang,living.common.law,apartment,non.movers
109992,933,a0_4,m,ao_esao_Chinese,official_lang,work.no.official_lang,no.married,single.detached.house,non.movers
23131,933,a50_54,m,ao_esao_Chinese,official_lang,work.official_lang,married,single.detached.house,other.movers
23291,933,a65_69,m,eo_fo,official_lang,work.no.official_lang,no.married,apartment,non.movers
663599,933,a60_64,f,eo_fo,official_lang,work.official_lang,living.common.law,other.attached,non.movers
457581,933,a5_9,m,ao_oesao,official_lang,work.no.official_lang,no.married,other.attached,non.movers
857589,933,a40_44,m,ao_esao_Chinese,official_lang,work.official_lang,married,other.attached,non.movers
821790,933,a85_,m,ao_esao_Chinese,no.official_lang,work.no.official_lang,married,apartment,non.movers
294011,933,a10_14,m,ao_esao_Filipino,official_lang,work.no.official_lang,no.married,other.attached,non.movers
875528,933,a0_4,f,ao_esao_Chinese,official_lang,work.no.official_lang,no.married,other.attached,non.movers
690681,933,a30_34,m,ao_esao_Chinese,official_lang,work.official_lang,married,other.attached,non.movers
362675,933,a60_64,f,ao_esao_Chinese,no.official_lang,work.no.official_lang,married,other.attached,non.movers
879324,933,a45_49,m,ao_esao_Chinese,official_lang,work.official_lang,no.married,single.detached.house,non.movers
629306,933,a35_39,f,ao_esao_Chinese,no.official_lang,work.official_lang,married,single.detached.house,non.movers
52834,933,a50_54,f,ao_esao_Chinese,no.official_lang,work.no.official_lang,married,other.attached,non.movers
228739,933,a35_39,f,ao_oesao,official_lang,work.no.official_lang,no.married,apartment,other.movers
74812,933,a15_19,m,ao_esao_Chinese,official_lang,work.no.official_lang,no.married,apartment,non.movers
687740,933,a0_4,m,ao_sao_ei,official_lang,work.no.official_lang,no.married,other.attached,non.movers
32368,933,a10_14,m,eo_seo_Spanish,official_lang,work.no.official_lang,no.married,other.attached,non.movers
314264,933,a45_49,m,ao_esao_Chinese,official_lang,work.official_lang,married,apartment,non.movers
293778,933,a20_24,m,ao_esao_Chinese,official_lang,work.official_lang,no.married,other.attached,non.movers
524100,933,a45_49,f,ao_esao_Chinese,official_lang,work.no.official_lang,no.married,apartment,non.movers
408984,933,a0_4,m,ao_esao_Chinese,official_lang,work.no.official_lang,no.married,apartment,nonmigrants.movers
178641,933,a40_44,m,ao_oesao,official_lang,work.official_lang,married,single.detached.house,non.movers
504466,933,a55_59,f,ao_wcameo,official_lang,work.no.official_lang,married,other.attached,non.movers
77320,933,a5_9,f,ao_esao_Filipino,official_lang,work.no.official_lang,no.married,apartment,non.movers
398908,933,a25_29,m,ao_esao_Filipino,official_lang,work.no.official_lang,no.married,other.attached,non.movers
904425,933,a15_19,f,ao_oesao,official_lang,work.no.official_lang,no.married,apartment,nonmigrants.movers
737041,933,a45_49,m,ao_esao_Chinese,official_lang,work.official_lang,divorced,apartment,non.movers
317293,933,a40_44,f,ao_esao_Chinese,official_lang,work.official_lang,divorced,apartment,non.movers
159910,933,a50_54,f,onao_Canadian,official_lang,work.official_lang,divorced,apartment,non.movers
722292,933,a40_44,m,ao_esao_Chinese,official_lang,work.official_lang,married,apartment,non.movers
293088,933,a60_64,f,ao_esao_Filipino,official_lang,work.official_lang,no.married,apartment,non.movers
813563,933,a20_24,m,ao_esao_Filipino,official_lang,work.official_lang,no.married,apartment,non.movers
602628,933,a65_69,m,ao_esao_Chinese,official_lang,work.no.official_lang,married,single.detached.house,non.movers
135710,933,a40_44,f,ao_esao_Chinese,official_lang,work.official_lang,living.common.law,other.attached,non.movers
588261,933,a30_34,f,ao_esao_Chinese,official_lang,work.official_lang,married,apartment,non.movers
111029,933,a45_49,f,ao_esao_Filipino,official_lang,work.official_lang,no.married,apartment,non.movers
480276,933,a20_24,m,ao_esao_Chinese,official_lang,work.official_lang,no.married,apartment,non.movers
720221,933,a60_64,m,ao_esao_Chinese,official_lang,work.no.official_lang,married,single.detached.house,non.movers
82254,933,a10_14,m,ao_sao_ei,official_lang,work.no.official_lang,no.married,other.attached,non.movers
574838,933,a20_24,f,ao_esao_Chinese,official_lang,work.official_lang,no.married,other.attached,non.movers
366418,933,a15_19,f,ao_esao_Chinese,official_lang,work.no.official_lang,no.married,single.detached.house,non.movers
657912,933,a80_84,f,ao_esao_Chinese,official_lang,work.no.official_lang,married,apartment,non.movers
776705,933,a50_54,f,ao_oesao,no.official_lang,work.no.official_lang,married,single.detached.house,non.movers
682900,933,a20_24,f,ao_esao_Chinese,official_lang,work.official_lang,no.married,apartment,nonmigrants.movers
858986,933,a15_19,m,ao_esao_Filipino,official_lang,work.official_lang,no.married,apartment,non.movers
59884,933,a50_54,m,eo_seo_Italian,official_lang,work.official_lang,married,apartment,non.movers
221989,933,a50_54,f,ao_esao_Chinese,no.official_lang,work.official_lang,married,apartment,non.movers
41245,933,a15_19,m,ao_esao_Chinese,official_lang,work.no.official_lang,no.married,single.detached.house,non.movers
329096,933,a55_59,m,ao_esao_Chinese,no.official_lang,work.no.official_lang,married,other.attached,non.movers
808383,933,a80_84,m,eo_bio_English,official_lang,work.official_lang,married,other.attached,non.movers
373152,933,a10_14,m,ao_esao_Chinese,official_lang,work.no.official_lang,no.married,single.detached.house,non.movers
480005,933,a15_19,m,ao_esao_Filipino,official_lang,work.official_lang,no.married,other.attached,non.movers
221977,933,a0_4,f,ao_esao_Chinese,no.official_lang,work.no.official_lang,no.married,single.detached.house,other.movers
391629,933,a25_29,m,ao_esao_Chinese,official_lang,work.official_lang,no.married,other.attached,non.movers
285224,933,a45_49,f,ao_esao_Chinese,no.official_lang,work.no.official_lang,married,apartment,non.movers
141883,933,a25_29,f,ao_esao_Filipino,official_lang,work.official_lang,living.common.law,other.attached,nonmigrants.movers
320007,933,a45_49,m,ao_esao_Chinese,official_lang,work.official_lang,married,other.attached,non.movers
856626,933,a20_24,f,ao_esao_Chinese,official_lang,work.no.official_lang,no.married,single.detached.house,nonmigrants.movers
31015,933,a35_39,m,ao_esao_Filipino,official_lang,work.official_lang,no.married,other.attached,non.movers
164172,933,a60_64,f,ao_esao_Chinese,no.official_lang,work.no.official_lang,married,apartment,non.movers
432488,933,a10_14,f,ao_esao_Chinese,official_lang,work.no.official_lang,no.married,other.attached,non.movers
459011,933,a30_34,f,ao_esao_Chinese,official_lang,work.no.official_lang,married,apartment,non.movers
482302,933,a30_34,f,ao_oesao,official_lang,work.official_lang,married,other.attached,non.movers
49758,933,a35_39,f,ao_esao_Chinese,official_lang,work.official_lang,married,single.detached.house,nonmigrants.movers
51460,933,a30_34,m,ao_oesao,official_lang,work.official_lang,no.married,apartment,non.movers
557395,933,a85_,f,ao_esao_Chinese,no.official_lang,work.no.official_lang,widowed,single.detached.house,non.movers
278466,933,a45_49,f,ao_esao_Chinese,official_lang,work.official_lang,married,apartment,non.movers
549865,933,a55_59,f,ao_esao_Chinese,official_lang,work.no.official_lang,married,single.detached.house,non.movers
4321,933,a55_59,m,ao_esao_Filipino,official_lang,work.official_lang,married,apartment,non.movers
427456,933,a65_69,f,ao_esao_Chinese,official_lang,work.no.official_lang,married,apartment,nonmigrants.movers
267609,933,a5_9,m,ao_oesao,official_lang,work.no.official_lang,no.married,apartment,non.movers
115413,933,a60_64,m,ao_esao_Chinese,no.official_lang,work.official_lang,married,apartment,non.movers
869939,933,a75_79,f,ao_esao_Chinese,no.official_lang,work.no.official_lang,widowed,apartment,non.movers
159725,933,a35_39,m,ao_esao_Filipino,official_lang,work.official_lang,married,other.attached,nonmigrants.movers
635163,933,a45_49,m,ao_esao_Chinese,official_lang,work.official_lang,married,other.attached,non.movers
642169,933,a50_54,f,ao_esao_Chinese,official_lang,work.no.official_lang,married,other.attached,non.movers
292772,933,a50_54,f,ao_esao_Chinese,no.official_lang,work.no.official_lang,married,apartment,non.movers
206738,933,a15_19,m,ao_oesao,official_lang,work.no.official_lang,no.married,other.attached,non.movers
211583,933,a65_69,f,ao_esao_Chinese,no.official_lang,work.no.official_lang,married,other.attached,non.movers
279542,933,a35_39,f,eo_bio_Scottish,official_lang,work.official_lang,married,other.attached,other.movers
925377,933,a5_9,f,ao_esao_Filipino,official_lang,work.no.official_lang,no.married,single.detached.house,other.movers
760602,933,a45_49,m,ao_esao_Chinese,official_lang,work.no.official_lang,married,other.attached,non.movers
685912,933,a40_44,f,ao_oesao,official_lang,work.no.official_lang,married,apartment,non.movers
600220,933,a15_19,f,ao_oesao,official_lang,work.no.official_lang,no.married,other.attached,other.movers
135826,933,a25_29,m,ao_wcameo,official_lang,work.official_lang,married,single.detached.house,non.movers
902994,933,a5_9,m,ao_esao_Chinese,official_lang,work.no.official_lang,no.married,apartment,non.movers
385672,933,a65_69,f,ao_esao_Chinese,no.official_lang,work.no.official_lang,separated,other.attached,non.movers
71501,933,a65_69,m,eo_bio_Scottish,official_lang,work.no.official_lang,married,other.attached,other.movers
875235,933,a35_39,f,ao_esao_Filipino,official_lang,work.official_lang,married,other.attached,non.movers
230011,933,a15_19,f,ao_oesao,official_lang,work.no.official_lang,no.married,apartment,non.movers
242686,933,a40_44,m,ao_esao_Chinese,official_lang,work.no.official_lang,no.married,apartment,non.movers
250025,933,a20_24,m,ao_esao_Chinese,official_lang,work.official_lang,no.married,apartment,non.movers
18362,933,a10_14,f,ao_esao_Chinese,no.official_lang,work.no.official_lang,no.married,single.detached.house,other.movers
810372,933,a35_39,f,ao_oesao,official_lang,work.official_lang,no.married,other.attached,other.movers
249091,933,a5_9,m,ao_esao_Chinese,official_lang,work.no.official_lang,no.married,other.attached,non.movers
249445,933,a85_,m,ao_esao_Chinese,no.official_lang,work.no.official_lang,widowed,single.detached.house,non.movers
268364,933,a50_54,m,ao_esao_Chinese,official_lang,work.no.official_lang,married,single.detached.house,non.movers
196548,933,a75_79,m,ao_esao_Chinese,official_lang,work.no.official_lang,married,single.detached.house,non.movers
226031,933,a80_84,f,ao_sao_ei,no.official_lang,work.no.official_lang,widowed,apartment,non.movers
678530,933,a45_49,f,ao_esao_Chinese,official_lang,work.no.official_lang,no.married,other.attached,non.movers
608469,933,a55_59,m,ao_esao_Chinese,no.official_lang,work.no.official_lang,married,apartment,non.movers
392270,933,a25_29,m,ao_esao_Filipino,official_lang,work.official_lang,no.married,apartment,non.movers
801874,933,a25_29,m,ao_esao_Chinese,official_lang,work.no.official_lang,no.married,single.detached.house,non.movers
162947,933,a25_29,f,ao_oesao,official_lang,work.no.official_lang,no.married,apartment,other.movers
596061,933,a40_44,m,ao_esao_Chinese,no.official_lang,work.official_lang,married,single.detached.house,non.movers
189661,933,a65_69,m,ao_esao_Chinese,official_lang,work.no.official_lang,married,single.detached.house,non.movers
844441,933,a55_59,m,onao_Canadian,official_lang,work.official_lang,married,other.attached,non.movers
310338,933,a80_84,f,ao_esao_Chinese,official_lang,work.no.official_lang,widowed,apartment,non.movers
690364,933,a85_,m,ao_esao_Chinese,no.official_lang,work.no.official_lang,married,other.attached,non.movers
581879,933,a25_29,f,ao_wcameo,official_lang,work.official_lang,living.common.law,apartment,non.movers
693037,933,a50_54,m,eo_oeeo,official_lang,work.official_lang,married,single.detached.house,non.movers
885717,933,a45_49,m,ao_esao_Chinese,official_lang,work.no.official_lang,no.married,single.detached.house,non.movers
885061,933,a70_74,f,ao_esao_Chinese,no.official_lang,work.no.official_lang,widowed,other.attached,non.movers
830179,933,a0_4,f,ao_esao_Chinese,official_lang,work.no.official_lang,no.married,apartment,non.movers
283126,933,a40_44,f,lcsao,official_lang,work.official_lang,no.married,apartment,non.movers
394149,933,a15_19,m,ao_oesao,official_lang,work.official_lang,no.married,single.detached.house,non.movers
866910,933,a55_59,f,ao_oesao,official_lang,work.official_lang,married,single.detached.house,non.movers
811238,933,a65_69,m,ao_esao_Chinese,no.official_lang,work.no.official_lang,married,other.attached,non.movers
220059,933,a10_14,f,onao_Canadian,official_lang,work.no.official_lang,no.married,other.attached,non.movers
177090,933,a5_9,f,onao_Canadian,official_lang,work.no.official_lang,no.married,single.detached.house,non.movers
73088,933,a60_64,m,ao_esao_Chinese,official_lang,work.official_lang,married,other.attached,non.movers
57745,933,a35_39,f,ao_esao_Filipino,official_lang,work.official_lang,living.common.law,single.detached.house,non.movers
658161,933,a30_34,m,ao_esao_Chinese,official_lang,work.official_lang,no.married,other.attached,non.movers
24870,933,a40_44,f,ao_esao_Chinese,no.official_lang,work.no.official_lang,living.common.law,other.attached,non.movers
1929,933,a15_19,m,ao_esao_Chinese,official_lang,work.no.official_lang,no.married,other.attached,other.movers
124271,933,a20_24,f,ao_esao_Chinese,official_lang,work.official_lang,no.married,single.detached.house,non.movers
359290,933,a70_74,m,ao_oesao,official_lang,work.official_lang,married,apartment,non.movers
216997,933,a70_74,m,ao_esao_Chinese,no.official_lang,work.no.official_lang,married,single.detached.house,non.movers
830783,933,a10_14,m,ao_oesao,official_lang,work.no.official_lang,no.married,single.detached.house,non.movers
73570,933,a65_69,f,ao_sao_ei,no.official_lang,work.no.official_lang,married,single.detached.house,non.movers
294011,933,a10_14,m,ao_esao_Filipino,official_lang,work.no.official_lang,no.married,other.attached,non.movers
111545,933,a55_59,m,ao_wcameo,official_lang,work.official_lang,separated,apartment,other.movers
604230,933,a35_39,f,ao_esao_Chinese,official_lang,work.official_lang,married,other.attached,non.movers
391763,933,a65_69,f,ao_oesao,no.official_lang,work.no.official_lang,married,apartment,non.movers
820579,933,a60_64,m,eo_bio_English,official_lang,work.no.official_lang,no.married,apartment,nonmigrants.movers
63836,933,a75_79,f,ao_esao_Chinese,no.official_lang,work.no.official_lang,married,apartment,non.movers
881277,933,a55_59,m,ao_esao_Chinese,official_lang,work.no.official_lang,married,apartment,non.movers
58716,933,a50_54,m,ao_esao_Chinese,official_lang,work.no.official_lang,married,apartment,nonmigrants.movers
200169,933,a5_9,m,ao,official_lang,work.no.official_lang,no.married,other.attached,non.movers
908800,933,a30_34,m,ao_oesao,official_lang,work.official_lang,married,apartment,non.movers
86272,933,a35_39,f,ao_esao_Chinese,official_lang,work.no.official_lang,married,apartment,non.movers
756718,933,a50_54,f,ao_oesao,official_lang,work.no.official_lang,living.common.law,apartment,non.movers
488094,933,a30_34,f,eo_neo,official_lang,work.official_lang,living.common.law,apartment,non.movers
641309,933,a15_19,f,ao_esao_Chinese,official_lang,work.no.official_lang,no.married,single.detached.house,non.movers
729654,933,a50_54,m,ao_esao_Chinese,official_lang,work.no.official_lang,married,single.detached.house,non.movers
387976,933,a35_39,f,ao_esao_Chinese,official_lang,work.no.official_lang,married,other.attached,non.movers
597878,933,a30_34,m,ao_oesao,official_lang,work.official_lang,no.married,apartment,nonmigrants.movers
701922,933,a0_4,m,onao_Canadian,official_lang,work.no.official_lang,no.married,single.detached.house,non.movers
457581,933,a5_9,m,ao_oesao,official_lang,work.no.official_lang,no.married,other.attached,non.movers
564270,933,a55_59,f,ao_esao_Chinese,official_lang,work.no.official_lang,married,single.detached.house,non.movers
769320,933,a30_34,f,ao_oesao,no.official_lang,work.no.official_lang,married,apartment,non.movers
825114,933,a40_44,f,ao_esao_Chinese,official_lang,work.no.official_lang,married,other.attached,non.movers
722510,933,a25_29,f,eo_bio_English,official_lang,work.official_lang,living.common.law,apartment,non.movers
73550,933,a30_34,f,naao,official_lang,work.no.official_lang,living.common.law,other.attached,non.movers
342494,933,a15_19,m,ao_oesao,official_lang,work.official_lang,no.married,single.detached.house,non.movers
41620,933,a70_74,m,ao_esao_Chinese,no.official_lang,work.no.official_lang,married,apartment,non.movers
333465,933,a55_59,f,ao_esao_Chinese,no.official_lang,work.no.official_lang,married,other.attached,non.movers
272478,933,a65_69,m,ao_esao_Chinese,official_lang,work.official_lang,married,apartment,non.movers
642193,933,a70_74,f,eo_seo_Italian,official_lang,work.no.official_lang,married,other.attached,non.movers
14403,933,a75_79,m,ao_esao_Chinese,no.official_lang,work.no.official_lang,married,apartment,nonmigrants.movers
389156,933,a60_64,f,ao_oesao,official_lang,work.no.official_lang,married,other.attached,non.movers
56250,933,a50_54,f,ao_esao_Chinese,no.official_lang,work.no.official_lang,married,other.attached,nonmigrants.movers
872578,933,a25_29,f,ao_esao_Chinese,official_lang,work.official_lang,no.married,apartment,other.movers
709002,933,a80_84,m,ao_esao_Chinese,no.official_lang,work.no.official_lang,widowed,single.detached.house,non.movers
33394,933,a50_54,m,ao_esao_Chinese,no.official_lang,work.no.official_lang,married,single.detached.house,external.movers
814863,933,a75_79,m,ao_sao_ei,no.official_lang,work.no.official_lang,married,apartment,other.movers
182763,933,a50_54,m,ao_esao_Chinese,official_lang,work.no.official_lang,married,single.detached.house,non.movers
328836,933,a75_79,f,ao_esao_Chinese,official_lang,work.no.official_lang,married,other.attached,non.movers
97545,933,a65_69,m,eo_eeo_Polish,official_lang,work.official_lang,divorced,apartment,non.movers
916034,933,a25_29,m,ao_esao_Chinese,official_lang,work.official_lang,married,apartment,other.movers
711788,933,a20_24,m,ao_esao_Chinese,official_lang,work.no.official_lang,no.married,apartment,non.movers
607144,933,a5_9,f,onao_Canadian,official_lang,work.no.official_lang,no.married,other.attached,non.movers
762338,933,a40_44,m,eo_eeo_Hungarian,official_lang,work.official_lang,living.common.law,other.attached,non.movers
706284,933,a50_54,f,ao_esao_Chinese,no.official_lang,work.no.official_lang,separated,apartment,non.movers
489018,933,a40_44,f,ao_esao_Chinese,official_lang,work.official_lang,married,apartment,non.movers
321868,933,a40_44,m,ao_esao_Chinese,no.official_lang,work.no.official_lang,married,apartment,non.movers
538319,933,a75_79,f,ao_esao_Filipino,official_lang,work.no.official_lang,married,apartment,non.movers
711293,933,a60_64,f,ao_esao_Chinese,no.official_lang,work.no.official_lang,divorced,other.attached,non.movers
798381,933,a20_24,m,onao_Canadian,official_lang,work.official_lang,no.married,single.detached.house,non.movers
408275,933,a65_69,m,ao_sao_ei,no.official_lang,work.no.official_lang,married,apartment,non.movers
786649,933,a15_19,f,ao_esao_Filipino,official_lang,work.no.official_lang,no.married,single.detached.house,non.movers
483303,933,a75_79,m,eo_weo_German,official_lang,work.no.official_lang,married,other.attached,non.movers
610,933,a70_74,m,ao_esao_Chinese,official_lang,work.no.official_lang,married,other.attached,non.movers
65693,933,a20_24,m,ao_esao_Chinese,official_lang,work.official_lang,no.married,other.attached,non.movers
636145,933,a25_29,m,ao_esao_Chinese,official_lang,work.official_lang,no.married,other.attached,non.movers
103981,933,a45_49,f,ao_esao_Chinese,official_lang,work.no.official_lang,married,apartment,non.movers
484531,933,a10_14,f,onao_Canadian,official_lang,work.no.official_lang,no.married,other.attached,non.movers
25804,933,a30_34,m,ao_sao_ei,official_lang,work.official_lang,no.married,other.attached,non.movers
789455,933,a35_39,f,ao_oesao,official_lang,work.no.official_lang,married,single.detached.house,non.movers
661417,933,a5_9,m,ao_esao_Chinese,official_lang,work.no.official_lang,no.married,single.detached.house,non.movers
547227,933,a60_64,m,eo_eeo_Ukrainian,official_lang,work.official_lang,living.common.law,apartment,non.movers
460043,933,a65_69,m,ao_esao_Filipino,official_lang,work.no.official_lang,married,apartment,non.movers
217057,933,a70_74,f,ao_esao_Chinese,no.official_lang,work.no.official_lang,married,other.attached,non.movers
519981,933,a65_69,m,ao_esao_Chinese,official_lang,work.no.official_lang,married,apartment,non.movers
726306,933,a55_59,f,onao_Canadian,official_lang,work.official_lang,no.married,other.attached,non.movers
222573,933,a25_29,m,ao_esao_Chinese,official_lang,work.official_lang,no.married,other.attached,non.movers
