PPSORT,CMA,AGE,SEX,RACE,KOL,WORKLANG,MARST,DWEL,MOBL
559627,933,a60_64,f,ao_esao_Chinese,no.official_lang,work.no.official_lang,married,single.detached.house,nonmigrants.movers
893827,933,a25_29,f,ao_sao_ei,official_lang,work.no.official_lang,married,apartment,non.movers
73407,933,a15_19,m,oo,official_lang,work.no.official_lang,no.married,other.attached,non.movers
875637,933,a30_34,m,eo_bio_English,official_lang,work.official_lang,married,apartment,nonmigrants.movers
568447,933,a75_79,m,eo_eeo_Ukrainian,official_lang,work.official_lang,married,other.attached,non.movers
76337,933,a5_9,f,ao_sao_ei,no.official_lang,work.no.official_lang,no.married,other.attached,non.movers
77320,933,a5_9,f,ao_esao_Filipino,official_lang,work.no.official_lang,no.married,apartment,non.movers
250551,933,a75_79,f,ao_esao_Chinese,no.official_lang,work.no.official_lang,married,single.detached.house,non.movers
144431,933,a65_69,m,ao_sao_ei,no.official_lang,work.no.official_lang,married,single.detached.house,non.movers
748210,933,a45_49,f,ao_esao_Chinese,official_lang,work.no.official_lang,married,single.detached.house,nonmigrants.movers
772692,933,a10_14,m,ao_osao,official_lang,work.no.official_lang,no.married,single.detached.house,non.movers
752560,933,a5_9,m,ao_esao_Chinese,official_lang,work.no.official_lang,no.married,apartment,non.movers
143805,933,a50_54,f,ao_esao_Chinese,no.official_lang,work.official_lang,no.married,apartment,non.movers
579879,933,a60_64,f,ao_esao_Chinese,official_lang,work.no.official_lang,married,single.detached.house,non.movers
441634,933,a60_64,f,ao_esao_Chinese,official_lang,work.official_lang,married,other.attached,non.movers
187465,933,a20_24,m,ao_esao_Chinese,official_lang,work.no.official_lang,no.married,apartment,non.movers
220498,933,a20_24,f,ao_wcameo,official_lang,work.no.official_lang,no.married,apartment,non.movers
914053,933,a25_29,m,ao_esao_Chinese,official_lang,work.no.official_lang,married,single.detached.house,other.movers
162079,933,a0_4,f,ao_esao_Chinese,official_lang,work.no.official_lang,no.married,single.detached.house,non.movers
162186,933,a75_79,m,ao_esao_Chinese,no.official_lang,work.no.official_lang,married,apartment,nonmigrants.movers
895734,933,a35_39,f,ao_esao_Chinese,official_lang,work.official_lang,no.married,apartment,non.movers
266647,933,a60_64,f,ao_esao_Chinese,official_lang,work.official_lang,married,single.detached.house,non.movers
649241,933,a20_24,m,ao_esao_Chinese,official_lang,work.no.official_lang,no.married,single.detached.house,non.movers
874999,933,a25_29,f,ao_esao_Chinese,official_lang,work.official_lang,no.married,apartment,non.movers
112429,933,a55_59,m,ao_esao_Chinese,official_lang,work.no.official_lang,married,single.detached.house,nonmigrants.movers
555573,933,a45_49,f,ao_esao_Chinese,no.official_lang,work.no.official_lang,married,apartment,non.movers
213873,933,a45_49,f,ao_esao_Chinese,official_lang,work.no.official_lang,married,single.detached.house,non.movers
597034,933,a30_34,f,eo_bio_Scottish,official_lang,work.official_lang,no.married,other.attached,non.movers
235382,933,a55_59,f,ao_oesao,official_lang,work.no.official_lang,no.married,apartment,non.movers
103329,933,a60_64,m,onao_Canadian,official_lang,work.official_lang,living.common.law,other.attached,non.movers
369568,933,a55_59,m,ao_esao_Chinese,no.official_lang,work.no.official_lang,married,single.detached.house,non.movers
423561,933,a40_44,m,ao_esao_Chinese,official_lang,work.official_lang,married,single.detached.house,non.movers
929727,933,a40_44,f,ao_sao_ei,official_lang,work.no.official_lang,married,single.detached.house,non.movers
900765,933,a10_14,m,ao_esao_Chinese,official_lang,work.no.official_lang,no.married,apartment,non.movers
712921,933,a20_24,m,ao_esao_Chinese,official_lang,work.no.official_lang,no.married,single.detached.house,non.movers
775540,933,a55_59,m,ao_esao_Chinese,no.official_lang,work.official_lang,married,apartment,non.movers
501759,933,a55_59,m,ao_esao_Chinese,official_lang,work.no.official_lang,married,other.attached,non.movers
718193,933,a65_69,f,eo_bio_Irish,official_lang,work.no.official_lang,married,single.detached.house,non.movers
588700,933,a15_19,m,ao_esao_Filipino,official_lang,work.no.official_lang,no.married,other.attached,non.movers
853604,933,a45_49,f,ao_esao_Chinese,official_lang,work.official_lang,married,single.detached.house,non.movers
455130,933,a50_54,m,ao_esao_Filipino,official_lang,work.no.official_lang,married,apartment,non.movers
359988,933,a20_24,f,ao_esao_Chinese,official_lang,work.no.official_lang,no.married,other.attached,non.movers
820371,933,a35_39,f,ao_esao_Chinese,official_lang,work.no.official_lang,married,other.attached,non.movers
783801,933,a80_84,f,ao_esao_Chinese,no.official_lang,work.no.official_lang,widowed,single.detached.house,non.movers
689252,933,a30_34,m,ao_sao_ei,official_lang,work.official_lang,married,apartment,non.movers
809444,933,a40_44,f,ao_sao_ei,official_lang,work.no.official_lang,living.common.law,apartment,non.movers
793798,933,a35_39,f,ao_esao_Chinese,official_lang,work.no.official_lang,married,apartment,nonmigrants.movers
491609,933,a65_69,f,ao_esao_Chinese,official_lang,work.no.official_lang,married,single.detached.house,non.movers
888345,933,a50_54,m,eo_oeeo,official_lang,work.official_lang,married,apartment,nonmigrants.movers
798091,933,a5_9,m,ao_osao,official_lang,work.no.official_lang,no.married,apartment,non.movers
73407,933,a15_19,m,oo,official_lang,work.no.official_lang,no.married,other.attached,non.movers
398666,933,a60_64,m,ao_sao_ei,official_lang,work.no.official_lang,married,other.attached,non.movers
792616,933,a35_39,f,ao_esao_Chinese,official_lang,work.no.official_lang,married,other.attached,non.movers
187525,933,a10_14,f,ao_oesao,official_lang,work.no.official_lang,no.married,other.attached,non.movers
597686,933,a45_49,m,ao_esao_Filipino,official_lang,work.official_lang,married,other.attached,non.movers
166821,933,a0_4,m,ao_esao_Chinese,no.official_lang,work.no.official_lang,no.married,apartment,non.movers
360595,933,a40_44,m,ao_esao_Chinese,no.official_lang,work.no.official_lang,married,apartment,non.movers
501322,933,a5_9,f,ao_osao,official_lang,work.no.official_lang,no.married,apartment,non.movers
368127,933,a50_54,f,onao_Canadian,official_lang,work.official_lang,living.common.law,other.attached,non.movers
479155,933,a60_64,m,ao_esao_Chinese,official_lang,work.no.official_lang,married,apartment,non.movers
838078,933,a50_54,f,ao_esao_Chinese,no.official_lang,work.no.official_lang,married,other.attached,non.movers
363428,933,a55_59,f,ao_esao_Chinese,no.official_lang,work.no.official_lang,married,apartment,non.movers
696014,933,a15_19,m,ao_esao_Chinese,official_lang,work.no.official_lang,no.married,other.attached,nonmigrants.movers
657798,933,a45_49,m,ao_osao,official_lang,work.official_lang,married,single.detached.house,non.movers
340000,933,a55_59,m,ao_esao_Chinese,official_lang,work.no.official_lang,married,other.attached,non.movers
587506,933,a75_79,f,ao_osao,official_lang,work.no.official_lang,widowed,apartment,non.movers
656654,933,a60_64,f,ao_esao_Chinese,no.official_lang,work.no.official_lang,married,single.detached.house,non.movers
304950,933,a25_29,f,ao_sao_ei,official_lang,work.no.official_lang,no.married,apartment,non.movers
619044,933,a60_64,m,ao_esao_Chinese,official_lang,work.no.official_lang,married,apartment,non.movers
917903,933,a10_14,f,ao_esao_Chinese,official_lang,work.no.official_lang,no.married,other.attached,non.movers
733648,933,a80_84,m,eo_bio_English,official_lang,work.no.official_lang,married,other.attached,non.movers
157546,933,a10_14,f,ao_esao_Chinese,official_lang,work.no.official_lang,no.married,single.detached.house,non.movers
81379,933,a65_69,m,ao_esao_Chinese,official_lang,work.no.official_lang,separated,other.attached,non.movers
845042,933,a15_19,f,ao_esao_Filipino,official_lang,work.official_lang,no.married,apartment,non.movers
646179,933,a50_54,f,ao_esao_Filipino,official_lang,work.official_lang,married,apartment,non.movers
828632,933,a65_69,m,eo_eeo_Ukrainian,official_lang,work.no.official_lang,married,single.detached.house,non.movers
130032,933,a10_14,f,ao_osao,official_lang,work.no.official_lang,no.married,apartment,non.movers
605966,933,a35_39,f,ao_esao_Filipino,official_lang,work.official_lang,married,apartment,non.movers
174569,933,a10_14,m,ao_esao_Filipino,official_lang,work.no.official_lang,no.married,single.detached.house,interprovincial.movers
857971,933,a20_24,f,ao_esao_Chinese,official_lang,work.official_lang,no.married,apartment,non.movers
703504,933,a55_59,f,ao_esao_Chinese,no.official_lang,work.official_lang,married,apartment,non.movers
855085,933,a0_4,m,ao_esao_Chinese,no.official_lang,work.no.official_lang,no.married,apartment,non.movers
772055,933,a55_59,m,ao_esao_Chinese,official_lang,work.official_lang,married,apartment,non.movers
656013,933,a85_,f,ao_esao_Chinese,official_lang,work.no.official_lang,no.married,single.detached.house,non.movers
3814,933,a60_64,f,ao_esao_Chinese,official_lang,work.official_lang,no.married,other.attached,non.movers
186538,933,a50_54,f,lcsao,official_lang,work.no.official_lang,widowed,apartment,non.movers
921679,933,a5_9,m,ao_esao_Chinese,official_lang,work.no.official_lang,no.married,apartment,non.movers
921225,933,a50_54,m,ao_esao_Chinese,official_lang,work.official_lang,married,apartment,non.movers
877751,933,a50_54,f,ao_esao_Chinese,official_lang,work.no.official_lang,married,apartment,non.movers
26322,933,a30_34,m,ao_esao_Chinese,official_lang,work.official_lang,married,single.detached.house,non.movers
321868,933,a40_44,m,ao_esao_Chinese,no.official_lang,work.no.official_lang,married,apartment,non.movers
342619,933,a10_14,m,ao_esao_Chinese,official_lang,work.no.official_lang,no.married,other.attached,non.movers
271077,933,a60_64,m,ao,official_lang,work.official_lang,living.common.law,other.attached,non.movers
655960,933,a40_44,f,ao_esao_Chinese,official_lang,work.official_lang,widowed,other.attached,other.movers
88011,933,a30_34,m,ao_esao_Chinese,official_lang,work.official_lang,no.married,single.detached.house,non.movers
331060,933,a10_14,f,ao_esao_Chinese,official_lang,work.no.official_lang,no.married,single.detached.house,non.movers
105134,933,a20_24,f,ao_esao_Chinese,official_lang,work.no.official_lang,no.married,apartment,non.movers
641352,933,a50_54,m,ao_esao_Chinese,no.official_lang,work.no.official_lang,married,single.detached.house,external.movers
624152,933,a45_49,f,ao_esao_Chinese,no.official_lang,work.no.official_lang,divorced,apartment,non.movers
244161,933,a70_74,m,ao_oesao,official_lang,work.no.official_lang,no.married,apartment,non.movers
307634,933,a10_14,m,ao_sao_ei,official_lang,work.no.official_lang,no.married,other.attached,non.movers
573469,933,a65_69,m,ao_esao_Chinese,no.official_lang,work.no.official_lang,married,single.detached.house,non.movers
243567,933,a65_69,m,ao_esao_Chinese,no.official_lang,work.no.official_lang,married,single.detached.house,non.movers
434280,933,a25_29,m,ao_esao_Chinese,official_lang,work.official_lang,married,other.attached,non.movers
275394,933,a45_49,f,ao_esao_Filipino,official_lang,work.official_lang,married,single.detached.house,non.movers
92944,933,a60_64,f,ao_esao_Chinese,official_lang,work.no.official_lang,married,single.detached.house,non.movers
802719,933,a55_59,f,ao_esao_Chinese,official_lang,work.no.official_lang,married,single.detached.house,other.movers
674237,933,a45_49,f,ao_oesao,official_lang,work.no.official_lang,separated,other.attached,non.movers
225474,933,a5_9,f,ao_osao,official_lang,work.no.official_lang,no.married,apartment,non.movers
846717,933,a20_24,f,ao_osao,official_lang,work.official_lang,no.married,apartment,non.movers
243274,933,a20_24,f,ao_esao_Chinese,official_lang,work.official_lang,no.married,single.detached.house,nonmigrants.movers
423027,933,a0_4,m,ao_esao_Filipino,official_lang,work.no.official_lang,no.married,other.attached,non.movers
111504,933,a60_64,f,ao_esao_Chinese,official_lang,work.official_lang,no.married,single.detached.house,non.movers
823211,933,a70_74,f,eo_bio_English,official_lang,work.no.official_lang,married,other.attached,other.movers
857589,933,a40_44,m,ao_esao_Chinese,official_lang,work.official_lang,married,other.attached,non.movers
22249,933,a50_54,m,ao_oesao,no.official_lang,work.no.official_lang,married,apartment,non.movers
52253,933,a25_29,f,ao_oesao,official_lang,work.no.official_lang,no.married,apartment,other.movers
880948,933,a60_64,f,ao_oesao,no.official_lang,work.no.official_lang,married,single.detached.house,non.movers
281592,933,a60_64,m,ao_oesao,no.official_lang,work.no.official_lang,married,single.detached.house,non.movers
837933,933,a65_69,f,ao_osao,official_lang,work.no.official_lang,married,apartment,non.movers
298797,933,a50_54,f,ao_esao_Chinese,no.official_lang,work.no.official_lang,married,apartment,non.movers
829587,933,a70_74,m,ao_esao_Chinese,official_lang,work.no.official_lang,married,single.detached.house,non.movers
686420,933,a75_79,f,ao_esao_Chinese,no.official_lang,work.no.official_lang,married,apartment,non.movers
114018,933,a15_19,m,ao_esao_Chinese,official_lang,work.no.official_lang,no.married,apartment,non.movers
530000,933,a45_49,m,ao_esao_Chinese,no.official_lang,work.no.official_lang,married,other.attached,non.movers
445800,933,a70_74,f,ao_sao_ei,official_lang,work.no.official_lang,married,apartment,non.movers
85368,933,a35_39,f,ao_esao_Chinese,official_lang,work.no.official_lang,divorced,other.attached,non.movers
276157,933,a35_39,m,ao_esao_Chinese,official_lang,work.official_lang,living.common.law,apartment,non.movers
784429,933,a30_34,f,ao_esao_Chinese,official_lang,work.no.official_lang,married,apartment,non.movers
236309,933,a25_29,m,ao_esao_Chinese,no.official_lang,work.no.official_lang,married,single.detached.house,non.movers
277020,933,a0_4,m,ao_esao_Chinese,no.official_lang,work.no.official_lang,no.married,other.attached,non.movers
626554,933,a0_4,f,ao_sao_ei,no.official_lang,work.no.official_lang,no.married,single.detached.house,non.movers
315569,933,a55_59,m,ao_esao_Chinese,official_lang,work.official_lang,married,apartment,non.movers
143943,933,a10_14,m,ao,official_lang,work.no.official_lang,no.married,other.attached,non.movers
251818,933,a25_29,m,ao_sao_ei,official_lang,work.official_lang,no.married,single.detached.house,non.movers
794899,933,a55_59,f,ao_oesao,official_lang,work.official_lang,married,other.attached,non.movers
219342,933,a60_64,m,ao_esao_Chinese,no.official_lang,work.no.official_lang,divorced,apartment,non.movers
720221,933,a60_64,m,ao_esao_Chinese,official_lang,work.no.official_lang,married,single.detached.house,non.movers
342466,933,a40_44,m,ao_esao_Filipino,official_lang,work.official_lang,married,other.attached,non.movers
880093,933,a25_29,f,ao_esao_Filipino,official_lang,work.official_lang,no.married,apartment,nonmigrants.movers
656654,933,a60_64,f,ao_esao_Chinese,no.official_lang,work.no.official_lang,married,single.detached.house,non.movers
307015,933,a20_24,m,ao_esao_Chinese,official_lang,work.no.official_lang,no.married,apartment,non.movers
58024,933,a65_69,f,ao_esao_Chinese,no.official_lang,work.no.official_lang,married,other.attached,non.movers
299249,933,a25_29,f,ao_esao_Chinese,no.official_lang,work.no.official_lang,no.married,apartment,non.movers
355822,933,a55_59,f,ao_esao_Chinese,official_lang,work.official_lang,no.married,other.attached,non.movers
593610,933,a35_39,m,ao_esao_Chinese,official_lang,work.official_lang,married,single.detached.house,non.movers
233919,933,a25_29,m,ao_osao,official_lang,work.official_lang,married,apartment,non.movers
245097,933,a30_34,m,ao_esao_Chinese,official_lang,work.official_lang,no.married,apartment,other.movers
151056,933,a50_54,m,ao_esao_Chinese,official_lang,work.no.official_lang,married,apartment,non.movers
156491,933,a15_19,f,eo_bio_Irish,official_lang,work.no.official_lang,no.married,apartment,non.movers
129679,933,a25_29,f,ao_oesao,official_lang,work.no.official_lang,married,apartment,non.movers
613848,933,a5_9,m,ao_esao_Filipino,official_lang,work.no.official_lang,no.married,apartment,non.movers
547231,933,a60_64,f,ao_esao_Chinese,official_lang,work.no.official_lang,divorced,apartment,non.movers
722787,933,a35_39,f,ao_esao_Filipino,official_lang,work.official_lang,married,other.attached,non.movers
359843,933,a85_,m,ao_esao_Chinese,no.official_lang,work.no.official_lang,widowed,apartment,non.movers
378940,933,a55_59,f,ao_esao_Chinese,official_lang,work.no.official_lang,married,apartment,non.movers
36381,933,a0_4,m,ao_esao_Chinese,no.official_lang,work.no.official_lang,no.married,other.attached,other.movers
557223,933,a15_19,m,ao_esao_Filipino,official_lang,work.no.official_lang,no.married,other.attached,non.movers
325801,933,a10_14,m,onao_Canadian,official_lang,work.no.official_lang,no.married,apartment,non.movers
580739,933,a65_69,f,ao_esao_Chinese,official_lang,work.no.official_lang,married,apartment,nonmigrants.movers
835798,933,a25_29,f,ao_esao_Chinese,official_lang,work.official_lang,married,apartment,other.movers
41866,933,a20_24,f,ao_esao_Chinese,official_lang,work.no.official_lang,no.married,apartment,non.movers
654597,933,a25_29,m,ao_esao_Chinese,official_lang,work.no.official_lang,no.married,other.attached,non.movers
503907,933,a25_29,f,ao_esao_Chinese,official_lang,work.official_lang,no.married,apartment,non.movers
266706,933,a20_24,m,ao_esao_Chinese,official_lang,work.official_lang,no.married,other.attached,non.movers
394031,933,a45_49,m,ao_esao_Chinese,no.official_lang,work.no.official_lang,married,other.attached,non.movers
875613,933,a25_29,m,ao_esao_Chinese,official_lang,work.official_lang,no.married,apartment,non.movers
414358,933,a20_24,m,ao_esao_Chinese,official_lang,work.no.official_lang,no.married,single.detached.house,non.movers
383980,933,a65_69,f,eo_bio_English,official_lang,work.no.official_lang,widowed,other.attached,non.movers
566078,933,a0_4,m,ao_osao,official_lang,work.no.official_lang,no.married,apartment,non.movers
502909,933,a65_69,f,ao_esao_Chinese,no.official_lang,work.no.official_lang,married,other.attached,non.movers
118896,933,a25_29,m,ao_esao_Chinese,official_lang,work.official_lang,no.married,apartment,non.movers
235274,933,a15_19,m,ao_esao_Filipino,official_lang,work.no.official_lang,no.married,other.attached,other.movers
171112,933,a45_49,m,ao_esao_Chinese,official_lang,work.no.official_lang,married,apartment,non.movers
848099,933,a85_,f,ao_sao_ei,no.official_lang,work.no.official_lang,widowed,apartment,non.movers
455990,933,a35_39,f,ao_esao_Chinese,no.official_lang,work.no.official_lang,married,apartment,non.movers
218410,933,a20_24,f,ao_esao_Filipino,official_lang,work.official_lang,no.married,apartment,non.movers
548034,933,a10_14,f,ao_esao_Chinese,official_lang,work.no.official_lang,no.married,other.attached,non.movers
693606,933,a20_24,m,ao_esao_Filipino,official_lang,work.official_lang,no.married,other.attached,non.movers
171287,933,a10_14,m,ao_sao_ei,official_lang,work.no.official_lang,no.married,apartment,non.movers
260237,933,a15_19,m,ao_oesao,official_lang,work.no.official_lang,no.married,other.attached,non.movers
128282,933,a15_19,f,onao_Canadian,official_lang,work.official_lang,no.married,apartment,non.movers
228682,933,a80_84,m,ao_esao_Chinese,official_lang,work.no.official_lang,married,single.detached.house,non.movers
105092,933,a20_24,m,ao_esao_Chinese,official_lang,work.no.official_lang,no.married,apartment,non.movers
474038,933,a45_49,f,ao_esao_Chinese,official_lang,work.no.official_lang,married,single.detached.house,other.movers
471160,933,a65_69,f,ao_esao_Chinese,official_lang,work.no.official_lang,married,single.detached.house,non.movers
76540,933,a0_4,f,ao_esao_Filipino,official_lang,work.no.official_lang,no.married,other.attached,non.movers
895834,933,a5_9,f,ao_esao_Chinese,official_lang,work.no.official_lang,no.married,single.detached.house,non.movers
752365,933,a15_19,m,ao_esao_Chinese,official_lang,work.no.official_lang,no.married,single.detached.house,non.movers
272755,933,a45_49,f,ao_esao_Filipino,official_lang,work.official_lang,married,apartment,non.movers
292453,933,a45_49,f,ao_oesao,no.official_lang,work.no.official_lang,married,apartment,non.movers
68986,933,a25_29,f,eo_bio_Scottish,official_lang,work.official_lang,no.married,other.attached,other.movers
287407,933,a60_64,m,eo_bio_Irish,official_lang,work.no.official_lang,married,single.detached.house,other.movers
525122,933,a15_19,m,ao_oesao,official_lang,work.no.official_lang,no.married,apartment,external.movers
878053,933,a15_19,f,ao_esao_Filipino,official_lang,work.no.official_lang,no.married,single.detached.house,non.movers
335486,933,a50_54,m,ao_esao_Chinese,no.official_lang,work.no.official_lang,married,single.detached.house,non.movers
528146,933,a20_24,m,ao_oesao,official_lang,work.no.official_lang,no.married,apartment,other.movers
326313,933,a45_49,f,ao_esao_Chinese,official_lang,work.no.official_lang,married,apartment,non.movers
465970,933,a25_29,m,ao_oesao,official_lang,work.official_lang,no.married,apartment,nonmigrants.movers
812187,933,a20_24,f,ao_esao_Chinese,official_lang,work.no.official_lang,no.married,apartment,non.movers
539082,933,a45_49,m,ao_esao_Chinese,official_lang,work.official_lang,no.married,apartment,non.movers
828188,933,a30_34,f,ao_esao_Chinese,official_lang,work.official_lang,no.married,single.detached.house,non.movers
157133,933,a15_19,f,ao_esao_Chinese,official_lang,work.no.official_lang,no.married,other.attached,non.movers
169214,933,a35_39,m,onao_Canadian,official_lang,work.official_lang,no.married,single.detached.house,non.movers
819345,933,a75_79,m,ao_esao_Chinese,official_lang,work.no.official_lang,married,apartment,non.movers
747375,933,a60_64,m,ao_esao_Chinese,no.official_lang,work.no.official_lang,married,other.attached,non.movers
297305,933,a60_64,f,ao_esao_Chinese,official_lang,work.no.official_lang,divorced,apartment,non.movers
13466,933,a5_9,m,eo_seo_Italian,official_lang,work.no.official_lang,no.married,other.attached,interprovincial.movers
679109,933,a0_4,m,ao_wcameo,no.official_lang,work.no.official_lang,no.married,other.attached,other.movers
391845,933,a45_49,f,ao_esao_Chinese,official_lang,work.official_lang,married,apartment,non.movers
312341,933,a55_59,f,ao_sao_ei,official_lang,work.no.official_lang,married,other.attached,non.movers
775533,933,a55_59,f,ao_esao_Chinese,official_lang,work.official_lang,married,other.attached,non.movers
33749,933,a25_29,m,lcsao,official_lang,work.official_lang,married,other.attached,non.movers
249091,933,a5_9,m,ao_esao_Chinese,official_lang,work.no.official_lang,no.married,other.attached,non.movers
317302,933,a20_24,m,ao_esao_Chinese,official_lang,work.no.official_lang,no.married,single.detached.house,non.movers
804514,933,a35_39,m,eo_bio_English,official_lang,work.official_lang,no.married,apartment,non.movers
581682,933,a30_34,m,ao_oesao,official_lang,work.no.official_lang,no.married,single.detached.house,non.movers
326845,933,a50_54,m,ao_oesao,official_lang,work.no.official_lang,married,other.attached,interprovincial.movers
632446,933,a15_19,m,ao_esao_Chinese,official_lang,work.no.official_lang,no.married,apartment,nonmigrants.movers
901486,933,a70_74,f,ao_esao_Chinese,official_lang,work.no.official_lang,married,single.detached.house,non.movers
678258,933,a55_59,m,ao_esao_Chinese,official_lang,work.official_lang,married,single.detached.house,non.movers
674251,933,a70_74,m,eo_oseo,official_lang,work.no.official_lang,married,single.detached.house,non.movers
240430,933,a20_24,m,ao_esao_Chinese,official_lang,work.official_lang,no.married,other.attached,non.movers
398157,933,a45_49,m,ao_osao,official_lang,work.official_lang,married,apartment,nonmigrants.movers
824770,933,a25_29,m,eo_bio_Irish,official_lang,work.no.official_lang,no.married,apartment,nonmigrants.movers
329096,933,a55_59,m,ao_esao_Chinese,no.official_lang,work.no.official_lang,married,other.attached,non.movers
575405,933,a70_74,f,eo_seo_Portuguese,no.official_lang,work.no.official_lang,married,apartment,non.movers
280062,933,a0_4,m,ao_esao_Filipino,official_lang,work.no.official_lang,no.married,apartment,non.movers
927950,933,a40_44,m,ao_esao_Chinese,no.official_lang,work.no.official_lang,married,single.detached.house,non.movers
356897,933,a60_64,m,eo_bio_Irish,official_lang,work.official_lang,married,single.detached.house,non.movers
119689,933,a45_49,f,ao_oesao,no.official_lang,work.no.official_lang,married,apartment,non.movers
311114,933,a65_69,f,eo_seo_Greek,official_lang,work.no.official_lang,married,apartment,non.movers
331946,933,a65_69,f,eo_seo_Portuguese,official_lang,work.no.official_lang,married,apartment,non.movers
202430,933,a5_9,f,ao_esao_Chinese,official_lang,work.no.official_lang,no.married,apartment,non.movers
270973,933,a20_24,m,ao_esao_Chinese,official_lang,work.official_lang,no.married,single.detached.house,non.movers
155126,933,a5_9,f,onao_Canadian,official_lang,work.no.official_lang,no.married,other.attached,non.movers
240777,933,a35_39,f,ao_esao_Chinese,official_lang,work.no.official_lang,married,single.detached.house,non.movers
27388,933,a70_74,m,eo_seo_Italian,official_lang,work.no.official_lang,living.common.law,apartment,non.movers
189252,933,a60_64,f,eo_oeo,official_lang,work.no.official_lang,married,single.detached.house,non.movers
88572,933,a50_54,f,ao_esao_Chinese,official_lang,work.no.official_lang,no.married,apartment,non.movers
793238,933,a50_54,m,ao_esao_Chinese,no.official_lang,work.no.official_lang,married,single.detached.house,non.movers
747961,933,a50_54,m,ao_oesao,official_lang,work.official_lang,married,other.attached,non.movers
783199,933,a10_14,m,ao_esao_Filipino,official_lang,work.no.official_lang,no.married,apartment,non.movers
299151,933,a50_54,m,ao_esao_Filipino,official_lang,work.official_lang,married,other.attached,non.movers
388040,933,a25_29,f,ao_esao_Filipino,official_lang,work.official_lang,no.married,apartment,non.movers
480686,933,a15_19,m,ao_esao_Chinese,no.official_lang,work.no.official_lang,no.married,single.detached.house,external.movers
11062,933,a20_24,m,ao_esao_Filipino,official_lang,work.official_lang,no.married,other.attached,non.movers
863787,933,a20_24,m,ao_esao_Chinese,official_lang,work.no.official_lang,no.married,apartment,non.movers
733959,933,a15_19,f,ao_oesao,official_lang,work.no.official_lang,no.married,other.attached,nonmigrants.movers
561969,933,a50_54,f,ao_esao_Chinese,no.official_lang,work.no.official_lang,married,apartment,nonmigrants.movers
355745,933,a50_54,m,ao_esao_Chinese,official_lang,work.no.official_lang,married,single.detached.house,non.movers
531315,933,a45_49,f,ao_esao_Chinese,official_lang,work.no.official_lang,separated,apartment,other.movers
761810,933,a75_79,f,ao_esao_Chinese,no.official_lang,work.no.official_lang,widowed,other.attached,non.movers
586487,933,a40_44,m,ao_esao_Chinese,official_lang,work.official_lang,married,other.attached,nonmigrants.movers
138523,933,a0_4,m,eo_eeo_Ukrainian,no.official_lang,work.no.official_lang,no.married,single.detached.house,non.movers
367253,933,a75_79,m,ao_esao_Chinese,no.official_lang,work.no.official_lang,widowed,apartment,non.movers
382129,933,a50_54,f,ao_esao_Chinese,no.official_lang,work.no.official_lang,divorced,apartment,other.movers
201473,933,a60_64,f,ao_sao_ei,no.official_lang,work.no.official_lang,married,apartment,non.movers
471160,933,a65_69,f,ao_esao_Chinese,official_lang,work.no.official_lang,married,single.detached.house,non.movers
927893,933,a55_59,m,ao_esao_Chinese,no.official_lang,work.no.official_lang,married,single.detached.house,non.movers
446593,933,a85_,f,ao_esao_Chinese,no.official_lang,work.no.official_lang,widowed,single.detached.house,non.movers
429681,933,a10_14,f,ao_esao_Filipino,official_lang,work.no.official_lang,no.married,other.attached,non.movers
465131,933,a10_14,f,ao_esao_Filipino,official_lang,work.no.official_lang,no.married,apartment,non.movers
359505,933,a50_54,f,ao_esao_Chinese,no.official_lang,work.no.official_lang,divorced,other.attached,non.movers
566528,933,a45_49,f,ao_esao_Chinese,official_lang,work.official_lang,married,apartment,non.movers
776430,933,a25_29,f,ao_esao_Chinese,official_lang,work.no.official_lang,married,single.detached.house,non.movers
313136,933,a55_59,f,ao_esao_Chinese,official_lang,work.no.official_lang,divorced,other.attached,non.movers
442283,933,a10_14,m,ao_esao_Filipino,official_lang,work.no.official_lang,no.married,apartment,non.movers
589591,933,a40_44,m,ao_esao_Chinese,official_lang,work.no.official_lang,married,other.attached,non.movers
31135,933,a25_29,m,ao_osao,official_lang,work.official_lang,married,apartment,other.movers
495309,933,a15_19,f,ao_esao_Filipino,official_lang,work.no.official_lang,no.married,other.attached,non.movers
122971,933,a0_4,m,ao_esao_Chinese,no.official_lang,work.no.official_lang,no.married,apartment,other.movers
685622,933,a20_24,f,ao_esao_Filipino,official_lang,work.official_lang,married,apartment,nonmigrants.movers
683375,933,a35_39,m,ao_esao_Chinese,official_lang,work.official_lang,married,other.attached,other.movers
353819,933,a60_64,f,ao_esao_Chinese,no.official_lang,work.official_lang,married,apartment,non.movers
629453,933,a10_14,m,ao_esao_Filipino,official_lang,work.no.official_lang,no.married,single.detached.house,non.movers
158625,933,a50_54,m,ao_esao_Chinese,official_lang,work.official_lang,married,single.detached.house,non.movers
282028,933,a15_19,m,ao_oesao,official_lang,work.no.official_lang,no.married,other.attached,non.movers
189101,933,a15_19,m,eo_bio_Scottish,official_lang,work.no.official_lang,no.married,other.attached,non.movers
754993,933,a25_29,m,eo_oeeo,official_lang,work.official_lang,no.married,apartment,non.movers
322371,933,a30_34,m,ao_osao,official_lang,work.official_lang,married,apartment,non.movers
573264,933,a60_64,f,ao_esao_Chinese,official_lang,work.no.official_lang,married,single.detached.house,non.movers
783803,933,a25_29,m,ao_esao_Chinese,official_lang,work.official_lang,no.married,single.detached.house,nonmigrants.movers
133873,933,a5_9,m,ao_esao_Chinese,official_lang,work.no.official_lang,no.married,other.attached,non.movers
760678,933,a80_84,f,ao_esao_Chinese,no.official_lang,work.no.official_lang,married,other.attached,non.movers
708365,933,a60_64,m,ao_esao_Chinese,official_lang,work.no.official_lang,married,other.attached,non.movers
94591,933,a75_79,m,ao_esao_Chinese,no.official_lang,work.no.official_lang,married,apartment,non.movers
56168,933,a50_54,f,ao_esao_Chinese,official_lang,work.no.official_lang,married,other.attached,non.movers
811967,933,a45_49,f,ao_esao_Chinese,official_lang,work.no.official_lang,married,other.attached,non.movers
94589,933,a40_44,f,ao_sao_ei,official_lang,work.official_lang,divorced,apartment,external.movers
482958,933,a55_59,f,ao_esao_Chinese,official_lang,work.no.official_lang,no.married,apartment,non.movers
923957,933,a20_24,f,eo_bio_English,official_lang,work.no.official_lang,no.married,single.detached.house,nonmigrants.movers
394366,933,a75_79,f,ao_esao_Chinese,official_lang,work.no.official_lang,married,single.detached.house,non.movers
507146,933,a55_59,m,ao_esao_Chinese,official_lang,work.official_lang,married,single.detached.house,other.movers
227432,933,a15_19,f,ao_esao_Chinese,official_lang,work.no.official_lang,no.married,other.attached,non.movers
645171,933,a50_54,m,ao_esao_Filipino,official_lang,work.official_lang,married,apartment,external.movers
193668,933,a15_19,f,ao_esao_Chinese,official_lang,work.official_lang,no.married,other.attached,non.movers
626554,933,a0_4,f,ao_sao_ei,no.official_lang,work.no.official_lang,no.married,single.detached.house,non.movers
196977,933,a50_54,m,ao_esao_Chinese,official_lang,work.official_lang,divorced,other.attached,nonmigrants.movers
590199,933,a0_4,m,ao_esao_Chinese,official_lang,work.no.official_lang,no.married,other.attached,non.movers
406200,933,a5_9,m,eo_eeo_Russian,official_lang,work.no.official_lang,no.married,apartment,non.movers
505680,933,a40_44,m,ao_esao_Filipino,official_lang,work.official_lang,no.married,apartment,non.movers
372418,933,a65_69,m,onao_Canadian,official_lang,work.no.official_lang,divorced,single.detached.house,non.movers
685912,933,a40_44,f,ao_oesao,official_lang,work.no.official_lang,married,apartment,non.movers
198208,933,a65_69,m,ao_esao_Chinese,official_lang,work.no.official_lang,married,apartment,non.movers
387774,933,a15_19,m,ao_esao_Filipino,official_lang,work.no.official_lang,no.married,other.attached,non.movers
163679,933,a25_29,f,eo_bio_English,official_lang,work.official_lang,married,single.detached.house,other.movers
405343,933,a20_24,f,ao_esao_Chinese,official_lang,work.no.official_lang,no.married,apartment,non.movers
564736,933,a50_54,f,ao_esao_Chinese,official_lang,work.official_lang,married,single.detached.house,nonmigrants.movers
163572,933,a10_14,m,ao_esao_Chinese,official_lang,work.no.official_lang,no.married,single.detached.house,non.movers
462794,933,a45_49,m,ao_esao_Filipino,official_lang,work.official_lang,married,other.attached,non.movers
547377,933,a65_69,m,eo_weo_Dutch,official_lang,work.official_lang,married,other.attached,non.movers
52834,933,a50_54,f,ao_esao_Chinese,no.official_lang,work.no.official_lang,married,other.attached,non.movers
470365,933,a60_64,f,ao_esao_Chinese,official_lang,work.official_lang,widowed,other.attached,non.movers
55035,933,a55_59,m,ao_esao_Chinese,official_lang,work.official_lang,married,single.detached.house,non.movers
280458,933,a85_,f,ao_esao_Chinese,official_lang,work.no.official_lang,married,apartment,non.movers
697204,933,a55_59,f,ao_esao_Chinese,official_lang,work.official_lang,married,single.detached.house,non.movers
457736,933,a65_69,m,eo_seo_Italian,no.official_lang,work.no.official_lang,widowed,single.detached.house,non.movers
487587,933,a55_59,f,ao_esao_Filipino,official_lang,work.no.official_lang,married,single.detached.house,non.movers
660474,933,a55_59,m,ao_esao_Chinese,official_lang,work.no.official_lang,married,single.detached.house,non.movers
566700,933,a0_4,f,ao_esao_Chinese,no.official_lang,work.no.official_lang,no.married,single.detached.house,other.movers
115239,933,a70_74,f,ao_osao,official_lang,work.no.official_lang,married,apartment,non.movers
675356,933,a60_64,f,ao_oesao,official_lang,work.no.official_lang,married,single.detached.house,non.movers
625426,933,a20_24,m,ao_esao_Filipino,official_lang,work.no.official_lang,no.married,apartment,non.movers
387738,933,a15_19,m,onao_Canadian,official_lang,work.official_lang,no.married,other.attached,non.movers
617010,933,a35_39,f,ao_esao_Filipino,official_lang,work.official_lang,married,other.attached,non.movers
68030,933,a60_64,m,ao_esao_Chinese,official_lang,work.official_lang,married,single.detached.house,non.movers
357856,933,a15_19,m,ao_osao,official_lang,work.no.official_lang,no.married,apartment,non.movers
414763,933,a20_24,m,ao_esao_Chinese,official_lang,work.no.official_lang,no.married,single.detached.house,non.movers
407019,933,a50_54,m,ao_oesao,no.official_lang,work.no.official_lang,married,apartment,non.movers
161923,933,a10_14,m,ao_esao_Chinese,official_lang,work.no.official_lang,no.married,single.detached.house,non.movers
550335,933,a55_59,f,ao_esao_Chinese,official_lang,work.official_lang,married,single.detached.house,non.movers
566980,933,a10_14,f,ao_esao_Filipino,official_lang,work.no.official_lang,no.married,apartment,non.movers
607605,933,a50_54,f,ao_esao_Chinese,official_lang,work.official_lang,married,single.detached.house,non.movers
255899,933,a5_9,m,ao_esao_Filipino,official_lang,work.no.official_lang,no.married,other.attached,non.movers
93888,933,a40_44,m,ao_sao_ei,no.official_lang,work.no.official_lang,married,apartment,non.movers
927213,933,a15_19,f,ao_esao_Filipino,official_lang,work.official_lang,no.married,apartment,non.movers
28459,933,a10_14,m,ao_sao_ei,official_lang,work.no.official_lang,no.married,single.detached.house,non.movers
403063,933,a50_54,f,ao_esao_Chinese,official_lang,work.official_lang,married,apartment,non.movers
377720,933,a50_54,f,ao_esao_Chinese,official_lang,work.no.official_lang,married,single.detached.house,non.movers
119966,933,a60_64,m,ao_esao_Chinese,no.official_lang,work.official_lang,married,other.attached,nonmigrants.movers
680917,933,a5_9,m,ao_esao_Chinese,official_lang,work.no.official_lang,no.married,apartment,non.movers
469011,933,a50_54,m,ao_esao_Chinese,no.official_lang,work.no.official_lang,married,single.detached.house,non.movers
35999,933,a25_29,f,ao_osao,no.official_lang,work.no.official_lang,married,apartment,non.movers
566602,933,a50_54,m,ao_esao_Chinese,official_lang,work.official_lang,married,single.detached.house,non.movers
284473,933,a80_84,f,ao_esao_Chinese,no.official_lang,work.no.official_lang,married,apartment,other.movers
450642,933,a75_79,m,ao_esao_Chinese,official_lang,work.no.official_lang,married,single.detached.house,non.movers
50887,933,a10_14,m,ao_sao_ei,official_lang,work.no.official_lang,no.married,apartment,non.movers
912603,933,a70_74,m,eo_bio_English,official_lang,work.no.official_lang,married,single.detached.house,other.movers
507483,933,a75_79,f,ao_sao_ei,no.official_lang,work.no.official_lang,married,single.detached.house,other.movers
468752,933,a65_69,m,eo_bio_English,official_lang,work.no.official_lang,married,apartment,non.movers
159441,933,a20_24,f,eo_weo_Dutch,official_lang,work.official_lang,no.married,apartment,non.movers
763280,933,a60_64,f,ao_esao_Chinese,official_lang,work.no.official_lang,no.married,apartment,non.movers
686297,933,a70_74,m,ao_esao_Chinese,official_lang,work.official_lang,married,other.attached,non.movers
315992,933,a55_59,f,eo_oeeo,official_lang,work.official_lang,married,other.attached,non.movers
406765,933,a15_19,m,ao_esao_Filipino,official_lang,work.no.official_lang,no.married,apartment,non.movers
102551,933,a35_39,m,eo_seo_Italian,official_lang,work.official_lang,no.married,other.attached,non.movers
665596,933,a40_44,f,ao_esao_Filipino,official_lang,work.official_lang,no.married,apartment,non.movers
409850,933,a30_34,f,ao_sao_ei,official_lang,work.no.official_lang,married,single.detached.house,non.movers
830320,933,a65_69,f,ao_esao_Chinese,no.official_lang,work.no.official_lang,widowed,single.detached.house,non.movers
7519,933,a10_14,m,ao_osao,official_lang,work.no.official_lang,no.married,single.detached.house,non.movers
707871,933,a10_14,f,ao_oesao,official_lang,work.no.official_lang,no.married,apartment,nonmigrants.movers
21160,933,a60_64,f,ao_esao_Chinese,official_lang,work.official_lang,married,single.detached.house,non.movers
573656,933,a60_64,m,eo_bio_English,official_lang,work.official_lang,married,apartment,nonmigrants.movers
824110,933,a40_44,f,ao_oesao,official_lang,work.no.official_lang,married,other.attached,non.movers
793445,933,a10_14,m,ao_esao_Filipino,official_lang,work.no.official_lang,no.married,apartment,non.movers
863676,933,a30_34,m,ao_esao_Chinese,official_lang,work.official_lang,no.married,apartment,non.movers
805238,933,a60_64,m,ao_esao_Chinese,official_lang,work.official_lang,married,other.attached,non.movers
231137,933,a70_74,m,ao_esao_Chinese,official_lang,work.no.official_lang,married,single.detached.house,non.movers
385677,933,a25_29,m,ao_esao_Chinese,official_lang,work.official_lang,no.married,apartment,nonmigrants.movers
289946,933,a25_29,f,ao_osao,official_lang,work.official_lang,married,apartment,non.movers
436365,933,a15_19,f,ao,official_lang,work.official_lang,no.married,other.attached,non.movers
708184,933,a45_49,f,ao_esao_Chinese,official_lang,work.no.official_lang,married,apartment,external.movers
750990,933,a15_19,f,ao_esao_Chinese,official_lang,work.no.official_lang,no.married,apartment,non.movers
165741,933,a35_39,m,ao_esao_Chinese,official_lang,work.no.official_lang,no.married,apartment,non.movers
357423,933,a15_19,m,ao_osao,official_lang,work.no.official_lang,no.married,apartment,non.movers
697991,933,a80_84,f,ao_esao_Filipino,no.official_lang,work.no.official_lang,widowed,apartment,non.movers
54647,933,a40_44,f,ao_esao_Chinese,no.official_lang,work.no.official_lang,married,apartment,non.movers
838091,933,a20_24,m,ao_esao_Chinese,official_lang,work.no.official_lang,no.married,apartment,non.movers
387774,933,a15_19,m,ao_esao_Filipino,official_lang,work.no.official_lang,no.married,other.attached,non.movers
2822,933,a45_49,f,ao_esao_Chinese,official_lang,work.official_lang,no.married,other.attached,non.movers
245838,933,a0_4,f,ao_esao_Chinese,official_lang,work.no.official_lang,no.married,other.attached,non.movers
81809,933,a45_49,m,ao_esao_Chinese,official_lang,work.official_lang,married,apartment,other.movers
294571,933,a35_39,f,ao_esao_Chinese,official_lang,work.official_lang,married,apartment,non.movers
634262,933,a10_14,f,naao,official_lang,work.no.official_lang,no.married,apartment,non.movers
164990,933,a25_29,f,onao_Canadian,official_lang,work.official_lang,no.married,apartment,nonmigrants.movers
11326,933,a30_34,f,ao_esao_Chinese,official_lang,work.no.official_lang,married,apartment,interprovincial.movers
645147,933,a65_69,m,ao_esao_Chinese,no.official_lang,work.no.official_lang,married,other.attached,other.movers
378966,933,a50_54,m,onao_Canadian,official_lang,work.official_lang,divorced,apartment,non.movers
752485,933,a5_9,m,ao_esao_Filipino,official_lang,work.no.official_lang,no.married,other.attached,non.movers
601379,933,a35_39,f,ao_esao_Chinese,official_lang,work.official_lang,no.married,other.attached,non.movers
548034,933,a10_14,f,ao_esao_Chinese,official_lang,work.no.official_lang,no.married,other.attached,non.movers
85750,933,a60_64,f,ao_esao_Chinese,official_lang,work.no.official_lang,married,single.detached.house,non.movers
294709,933,a35_39,f,ao_sao_ei,official_lang,work.no.official_lang,married,apartment,non.movers
776848,933,a55_59,f,ao_esao_Chinese,official_lang,work.official_lang,divorced,other.attached,non.movers
913779,933,a70_74,m,eo_seo_Spanish,official_lang,work.no.official_lang,separated,apartment,non.movers
305012,933,a45_49,f,ao_esao_Chinese,official_lang,work.no.official_lang,married,apartment,non.movers
27033,933,a55_59,f,ao_oesao,official_lang,work.no.official_lang,no.married,apartment,non.movers
858174,933,a55_59,m,ao_esao_Chinese,no.official_lang,work.no.official_lang,married,apartment,non.movers
904006,933,a0_4,f,ao_osao,no.official_lang,work.no.official_lang,no.married,apartment,other.movers
313903,933,a65_69,f,ao_esao_Chinese,official_lang,work.no.official_lang,widowed,apartment,non.movers
474371,933,a10_14,m,lcsao,official_lang,work.no.official_lang,no.married,other.attached,non.movers
750894,933,a25_29,m,ao_esao_Chinese,official_lang,work.official_lang,no.married,other.attached,non.movers
881449,933,a0_4,m,ao_esao_Chinese,official_lang,work.no.official_lang,no.married,other.attached,non.movers
491601,933,a65_69,f,eo_eeo_Polish,official_lang,work.official_lang,divorced,other.attached,non.movers
903650,933,a60_64,m,ao_esao_Chinese,no.official_lang,work.no.official_lang,married,apartment,interprovincial.movers
526268,933,a0_4,f,ao_esao_Chinese,no.official_lang,work.no.official_lang,no.married,single.detached.house,non.movers
847218,933,a30_34,m,ao_esao_Filipino,official_lang,work.official_lang,living.common.law,apartment,non.movers
456964,933,a40_44,m,ao_esao_Chinese,official_lang,work.official_lang,married,apartment,non.movers
387049,933,a40_44,f,ao_esao_Chinese,no.official_lang,work.no.official_lang,married,single.detached.house,non.movers
663973,933,a10_14,f,ao_osao,official_lang,work.no.official_lang,no.married,apartment,non.movers
498683,933,a20_24,f,ao_esao_Chinese,official_lang,work.official_lang,no.married,apartment,interprovincial.movers
734353,933,a55_59,f,ao_oesao,no.official_lang,work.no.official_lang,married,apartment,non.movers
7240,933,a0_4,f,ao_esao_Chinese,official_lang,work.no.official_lang,no.married,single.detached.house,other.movers
25569,933,a0_4,m,onao_Canadian,official_lang,work.no.official_lang,no.married,other.attached,other.movers
887207,933,a50_54,f,ao_esao_Chinese,official_lang,work.official_lang,married,apartment,nonmigrants.movers
291905,933,a25_29,f,ao_esao_Chinese,official_lang,work.official_lang,married,other.attached,non.movers
762383,933,a65_69,m,ao_esao_Chinese,no.official_lang,work.official_lang,married,other.attached,nonmigrants.movers
572422,933,a20_24,f,ao_sao_ei,official_lang,work.official_lang,no.married,other.attached,non.movers
698856,933,a40_44,f,ao_esao_Chinese,no.official_lang,work.no.official_lang,married,apartment,non.movers
353336,933,a20_24,m,ao_esao_Chinese,official_lang,work.no.official_lang,no.married,apartment,non.movers
382502,933,a20_24,f,ao_esao_Filipino,official_lang,work.official_lang,married,apartment,interprovincial.movers
292541,933,a20_24,f,ao_esao_Chinese,official_lang,work.no.official_lang,no.married,apartment,other.movers
350871,933,a10_14,f,ao_esao_Chinese,official_lang,work.no.official_lang,no.married,other.attached,non.movers
809286,933,a60_64,m,ao_esao_Filipino,official_lang,work.official_lang,married,other.attached,non.movers
384188,933,a40_44,f,ao_osao,official_lang,work.official_lang,married,apartment,non.movers
481561,933,a55_59,m,onao_Canadian,official_lang,work.no.official_lang,married,single.detached.house,other.movers
834107,933,a70_74,f,ao_wcameo,no.official_lang,work.no.official_lang,divorced,single.detached.house,non.movers
491552,933,a55_59,f,ao_esao_Filipino,official_lang,work.official_lang,married,single.detached.house,non.movers
654815,933,a35_39,f,ao_esao_Chinese,official_lang,work.no.official_lang,married,single.detached.house,non.movers
891696,933,a45_49,m,lcsao,official_lang,work.no.official_lang,married,single.detached.house,non.movers
909604,933,a10_14,m,ao_sao_ei,official_lang,work.no.official_lang,no.married,single.detached.house,non.movers
838590,933,a50_54,m,eo_bio_English,official_lang,work.official_lang,married,other.attached,non.movers
395382,933,a55_59,f,ao_esao_Chinese,official_lang,work.no.official_lang,married,single.detached.house,non.movers
504601,933,a40_44,m,eo_bio_English,official_lang,work.no.official_lang,married,other.attached,non.movers
295185,933,a0_4,m,onao_Canadian,official_lang,work.no.official_lang,no.married,other.attached,nonmigrants.movers
627757,933,a30_34,m,ao_esao_Chinese,official_lang,work.official_lang,married,apartment,non.movers
744876,933,a20_24,m,ao_esao_Chinese,official_lang,work.official_lang,no.married,apartment,non.movers
812138,933,a20_24,m,ao_esao_Chinese,official_lang,work.no.official_lang,no.married,apartment,external.movers
484662,933,a65_69,m,ao_oesao,official_lang,work.no.official_lang,no.married,apartment,interprovincial.movers
217240,933,a55_59,m,ao_esao_Chinese,official_lang,work.no.official_lang,living.common.law,apartment,non.movers
720469,933,a50_54,f,ao_esao_Filipino,official_lang,work.official_lang,married,apartment,non.movers
447785,933,a60_64,m,ao_esao_Chinese,official_lang,work.no.official_lang,married,other.attached,non.movers
707521,933,a45_49,f,ao_esao_Chinese,no.official_lang,work.no.official_lang,married,apartment,non.movers
686297,933,a70_74,m,ao_esao_Chinese,official_lang,work.official_lang,married,other.attached,non.movers
562709,933,a55_59,f,onao_Canadian,no.official_lang,work.no.official_lang,divorced,other.attached,non.movers
506782,933,a55_59,f,ao_esao_Chinese,official_lang,work.no.official_lang,married,apartment,non.movers
542653,933,a35_39,m,eo_oeeo,official_lang,work.official_lang,married,other.attached,non.movers
642041,933,a45_49,m,ao_esao_Filipino,official_lang,work.official_lang,married,other.attached,other.movers
550885,933,a45_49,m,ao_sao_ei,no.official_lang,work.no.official_lang,no.married,apartment,non.movers
400129,933,a85_,f,ao_esao_Chinese,no.official_lang,work.no.official_lang,widowed,other.attached,non.movers
924622,933,a45_49,m,ao_sao_ei,official_lang,work.no.official_lang,married,single.detached.house,non.movers
222937,933,a25_29,f,ao_esao_Chinese,official_lang,work.no.official_lang,married,apartment,non.movers
443032,933,a85_,m,eo_bio_Scottish,official_lang,work.no.official_lang,widowed,apartment,non.movers
712834,933,a45_49,m,ao_sao_ei,official_lang,work.official_lang,no.married,apartment,non.movers
131139,933,a85_,m,ao_esao_Chinese,no.official_lang,work.no.official_lang,married,apartment,non.movers
589393,933,a55_59,f,ao_esao_Chinese,official_lang,work.no.official_lang,married,other.attached,non.movers
223052,933,a25_29,f,ao_esao_Chinese,official_lang,work.no.official_lang,no.married,apartment,non.movers
556214,933,a35_39,f,eo_obio,official_lang,work.official_lang,married,single.detached.house,non.movers
57640,933,a50_54,m,ao_wcameo,official_lang,work.official_lang,married,other.attached,other.movers
394362,933,a65_69,m,eo_bio_Scottish,official_lang,work.no.official_lang,married,apartment,non.movers
767713,933,a50_54,m,ao_esao_Chinese,official_lang,work.official_lang,married,single.detached.house,non.movers
825996,933,a50_54,m,ao_esao_Chinese,official_lang,work.no.official_lang,married,single.detached.house,nonmigrants.movers
891206,933,a60_64,f,ao_esao_Chinese,official_lang,work.no.official_lang,married,single.detached.house,non.movers
135896,933,a60_64,f,ao_esao_Chinese,official_lang,work.no.official_lang,divorced,apartment,non.movers
423073,933,a20_24,m,ao_esao_Chinese,official_lang,work.no.official_lang,living.common.law,apartment,non.movers
68979,933,a25_29,m,onao_Canadian,official_lang,work.official_lang,no.married,apartment,other.movers
113952,933,a50_54,m,ao_esao_Chinese,official_lang,work.official_lang,married,other.attached,non.movers
484225,933,a50_54,f,ao_oesao,no.official_lang,work.no.official_lang,married,other.attached,non.movers
286178,933,a45_49,f,ao_esao_Chinese,no.official_lang,work.no.official_lang,married,single.detached.house,non.movers
94633,933,a70_74,m,ao_sao_ei,official_lang,work.no.official_lang,married,apartment,interprovincial.movers
855393,933,a55_59,f,ao_esao_Chinese,no.official_lang,work.no.official_lang,married,single.detached.house,other.movers
415250,933,a60_64,m,ao_esao_Chinese,official_lang,work.official_lang,married,apartment,non.movers
464990,933,a85_,f,ao_esao_Chinese,no.official_lang,work.no.official_lang,widowed,other.attached,non.movers
169056,933,a30_34,m,ao_esao_Chinese,official_lang,work.official_lang,no.married,apartment,non.movers
406348,933,a60_64,f,ao_esao_Chinese,no.official_lang,work.no.official_lang,married,apartment,non.movers
457274,933,a50_54,f,ao_sao_ei,official_lang,work.no.official_lang,married,single.detached.house,non.movers
119169,933,a70_74,m,ao_esao_Chinese,no.official_lang,work.no.official_lang,married,single.detached.house,non.movers
380696,933,a60_64,m,ao_esao_Chinese,no.official_lang,work.no.official_lang,married,other.attached,non.movers
206003,933,a60_64,m,ao_esao_Chinese,no.official_lang,work.no.official_lang,married,apartment,non.movers
864641,933,a30_34,m,ao_esao_Chinese,official_lang,work.official_lang,no.married,apartment,nonmigrants.movers
295807,933,a45_49,f,lcsao,official_lang,work.official_lang,married,other.attached,non.movers
561463,933,a30_34,m,eo_bio_Irish,official_lang,work.official_lang,married,other.attached,nonmigrants.movers
527784,933,a40_44,f,ao_wcameo,official_lang,work.official_lang,married,other.attached,non.movers
338152,933,a45_49,f,ao_esao_Chinese,no.official_lang,work.no.official_lang,married,apartment,non.movers
510646,933,a55_59,f,ao_esao_Chinese,official_lang,work.no.official_lang,married,single.detached.house,non.movers
3152,933,a5_9,f,eo_seo_Spanish,official_lang,work.no.official_lang,no.married,apartment,non.movers
527719,933,a70_74,m,ao_esao_Chinese,no.official_lang,work.no.official_lang,divorced,apartment,non.movers
919312,933,a20_24,m,eo_fo,official_lang,work.no.official_lang,no.married,single.detached.house,non.movers
22953,933,a25_29,m,onao_Canadian,official_lang,work.official_lang,married,other.attached,non.movers
831106,933,a15_19,m,ao_esao_Chinese,official_lang,work.no.official_lang,no.married,single.detached.house,non.movers
812234,933,a80_84,f,ao_osao,official_lang,work.no.official_lang,no.married,other.attached,non.movers
581605,933,a0_4,m,ao_osao,official_lang,work.no.official_lang,no.married,single.detached.house,non.movers
322653,933,a25_29,f,ao_esao_Filipino,official_lang,work.official_lang,married,other.attached,non.movers
733887,933,a45_49,f,ao_osao,no.official_lang,work.official_lang,married,apartment,non.movers
313351,933,a55_59,f,ao_esao_Chinese,no.official_lang,work.no.official_lang,married,apartment,non.movers
523139,933,a15_19,f,ao_sao_ei,official_lang,work.no.official_lang,no.married,other.attached,non.movers
450642,933,a75_79,m,ao_esao_Chinese,official_lang,work.no.official_lang,married,single.detached.house,non.movers
164555,933,a50_54,m,ao_esao_Chinese,official_lang,work.official_lang,married,single.detached.house,non.movers
805585,933,a25_29,f,ao_esao_Chinese,official_lang,work.no.official_lang,no.married,apartment,other.movers
790715,933,a25_29,f,eo_seo_Spanish,official_lang,work.official_lang,no.married,other.attached,non.movers
124106,933,a50_54,f,ao_esao_Chinese,no.official_lang,work.no.official_lang,divorced,apartment,non.movers
119120,933,a45_49,f,ao_esao_Chinese,no.official_lang,work.no.official_lang,married,single.detached.house,nonmigrants.movers
831641,933,a25_29,f,naao,official_lang,work.no.official_lang,no.married,other.attached,non.movers
722119,933,a35_39,f,ao_esao_Chinese,official_lang,work.no.official_lang,married,single.detached.house,non.movers
644825,933,a45_49,f,ao_esao_Filipino,official_lang,work.no.official_lang,living.common.law,apartment,non.movers
32969,933,a10_14,m,ao_esao_Chinese,official_lang,work.no.official_lang,no.married,single.detached.house,non.movers
771615,933,a60_64,m,ao_osao,official_lang,work.official_lang,married,single.detached.house,non.movers
339806,933,a15_19,m,ao_oesao,official_lang,work.official_lang,no.married,apartment,non.movers
425270,933,a15_19,f,ao_esao_Chinese,official_lang,work.no.official_lang,no.married,single.detached.house,non.movers
781563,933,a70_74,f,eo_bio_English,official_lang,work.no.official_lang,separated,single.detached.house,non.movers
546964,933,a50_54,f,ao_esao_Chinese,no.official_lang,work.no.official_lang,married,apartment,non.movers
888761,933,a40_44,m,ao_sao_ei,official_lang,work.official_lang,married,apartment,non.movers
641532,933,a40_44,m,ao_esao_Chinese,official_lang,work.official_lang,married,apartment,non.movers
369568,933,a55_59,m,ao_esao_Chinese,no.official_lang,work.no.official_lang,married,single.detached.house,non.movers
104619,933,a50_54,f,ao_oesao,official_lang,work.no.official_lang,married,apartment,nonmigrants.movers
796930,933,a70_74,m,eo_seo_Spanish,official_lang,work.no.official_lang,living.common.law,other.attached,non.movers
29492,933,a50_54,f,ao_esao_Chinese,no.official_lang,work.no.official_lang,separated,apartment,non.movers
144285,933,a60_64,m,ao_esao_Filipino,official_lang,work.official_lang,married,single.detached.house,non.movers
762691,933,a50_54,m,ao_esao_Chinese,official_lang,work.official_lang,married,single.detached.house,non.movers
258174,933,a60_64,m,ao_esao_Chinese,official_lang,work.official_lang,married,single.detached.house,non.movers
266986,933,a35_39,f,ao_esao_Chinese,official_lang,work.no.official_lang,married,single.detached.house,non.movers
621840,933,a55_59,m,eo_bio_Irish,official_lang,work.official_lang,no.married,apartment,non.movers
414890,933,a10_14,m,ao,official_lang,work.no.official_lang,no.married,single.detached.house,nonmigrants.movers
912521,933,a40_44,f,ao_esao_Filipino,official_lang,work.official_lang,living.common.law,other.attached,non.movers
770475,933,a55_59,m,ao_esao_Chinese,no.official_lang,work.no.official_lang,married,apartment,non.movers
118557,933,a45_49,f,ao_esao_Chinese,official_lang,work.no.official_lang,married,single.detached.house,non.movers
293698,933,a15_19,m,ao_esao_Chinese,official_lang,work.no.official_lang,no.married,other.attached,external.movers
158323,933,a25_29,m,ao_esao_Filipino,official_lang,work.no.official_lang,married,apartment,external.movers
462177,933,a25_29,f,ao_sao_ei,official_lang,work.official_lang,married,apartment,non.movers
592413,933,a65_69,m,ao_esao_Chinese,official_lang,work.no.official_lang,married,other.attached,non.movers
71803,933,a25_29,m,ao_esao_Chinese,official_lang,work.no.official_lang,no.married,apartment,external.movers
65120,933,a20_24,m,ao_esao_Chinese,official_lang,work.no.official_lang,no.married,apartment,external.movers
763374,933,a55_59,f,ao_esao_Chinese,official_lang,work.official_lang,married,single.detached.house,non.movers
731081,933,a10_14,f,ao_esao_Chinese,official_lang,work.no.official_lang,no.married,single.detached.house,non.movers
910335,933,a40_44,m,ao_oesao,official_lang,work.no.official_lang,married,other.attached,non.movers
618385,933,a80_84,m,ao_esao_Chinese,official_lang,work.no.official_lang,no.married,apartment,non.movers
686458,933,a35_39,f,ao_esao_Chinese,official_lang,work.official_lang,married,single.detached.house,non.movers
210306,933,a45_49,f,ao_esao_Chinese,official_lang,work.no.official_lang,married,single.detached.house,non.movers
813259,933,a25_29,m,ao_esao_Chinese,official_lang,work.official_lang,no.married,apartment,other.movers
856791,933,a15_19,m,ao_esao_Chinese,official_lang,work.no.official_lang,no.married,single.detached.house,non.movers
589776,933,a65_69,m,ao_esao_Chinese,no.official_lang,work.no.official_lang,living.common.law,other.attached,non.movers
866618,933,a65_69,m,eo_oweo,official_lang,work.no.official_lang,married,single.detached.house,non.movers
406792,933,a50_54,m,ao_esao_Chinese,official_lang,work.no.official_lang,married,apartment,non.movers
233350,933,a15_19,f,ao_esao_Filipino,official_lang,work.no.official_lang,no.married,apartment,non.movers
142588,933,a20_24,f,eo_seo_Spanish,official_lang,work.no.official_lang,married,apartment,non.movers
746017,933,a40_44,f,ao_esao_Chinese,official_lang,work.no.official_lang,married,apartment,non.movers
659596,933,a10_14,f,onao_Canadian,official_lang,work.no.official_lang,no.married,other.attached,nonmigrants.movers
599862,933,a30_34,m,ao_sao_ei,official_lang,work.no.official_lang,no.married,other.attached,non.movers
540687,933,a50_54,f,ao_esao_Chinese,official_lang,work.official_lang,married,single.detached.house,non.movers
152542,933,a5_9,f,ao_esao_Chinese,official_lang,work.no.official_lang,no.married,apartment,non.movers
470902,933,a10_14,f,ao_osao,official_lang,work.no.official_lang,no.married,apartment,non.movers
294921,933,a65_69,f,ao_oesao,no.official_lang,work.no.official_lang,married,single.detached.house,non.movers
646271,933,a5_9,f,ao_esao_Chinese,official_lang,work.no.official_lang,no.married,single.detached.house,non.movers
702276,933,a30_34,m,ao_esao_Chinese,official_lang,work.no.official_lang,no.married,single.detached.house,non.movers
51105,933,a5_9,m,ao_sao_ei,official_lang,work.no.official_lang,no.married,other.attached,interprovincial.movers
410777,933,a70_74,f,ao_esao_Filipino,official_lang,work.no.official_lang,married,single.detached.house,non.movers
382125,933,a40_44,f,ao_esao_Filipino,official_lang,work.official_lang,married,other.attached,non.movers
771785,933,a30_34,f,ao_esao_Filipino,official_lang,work.official_lang,married,other.attached,other.movers
119968,933,a60_64,m,ao_oesao,official_lang,work.no.official_lang,no.married,single.detached.house,non.movers
139539,933,a10_14,m,ao_oesao,official_lang,work.no.official_lang,no.married,single.detached.house,non.movers
879033,933,a45_49,m,ao_esao_Chinese,official_lang,work.no.official_lang,married,single.detached.house,non.movers
604349,933,a65_69,m,eo_weo_German,official_lang,work.no.official_lang,widowed,other.attached,non.movers
403782,933,a20_24,f,ao_esao_Chinese,official_lang,work.official_lang,no.married,other.attached,non.movers
729654,933,a50_54,m,ao_esao_Chinese,official_lang,work.no.official_lang,married,single.detached.house,non.movers
449170,933,a10_14,m,ao_esao_Chinese,official_lang,work.no.official_lang,no.married,single.detached.house,non.movers
930401,933,a10_14,m,onao_Canadian,official_lang,work.no.official_lang,no.married,apartment,non.movers
179476,933,a40_44,f,ao_esao_Filipino,official_lang,work.no.official_lang,married,apartment,non.movers
263857,933,a80_84,m,ao_esao_Chinese,no.official_lang,work.no.official_lang,married,single.detached.house,non.movers
430191,933,a65_69,m,ao_oesao,official_lang,work.no.official_lang,married,other.attached,non.movers
181831,933,a80_84,f,eo_bio_Scottish,official_lang,work.no.official_lang,married,single.detached.house,non.movers
731633,933,a20_24,m,ao_esao_Filipino,official_lang,work.official_lang,no.married,apartment,non.movers
225027,933,a10_14,f,ao_esao_Chinese,official_lang,work.no.official_lang,no.married,apartment,non.movers
721840,933,a45_49,m,ao_esao_Chinese,official_lang,work.official_lang,married,single.detached.house,non.movers
552277,933,a25_29,m,eo_weo_Dutch,official_lang,work.official_lang,no.married,apartment,non.movers
738265,933,a55_59,f,ao_esao_Chinese,official_lang,work.official_lang,divorced,apartment,non.movers
240210,933,a30_34,m,ao_esao_Chinese,official_lang,work.official_lang,married,apartment,non.movers
723933,933,a15_19,m,ao_wcameo,official_lang,work.no.official_lang,no.married,other.attached,non.movers
665463,933,a60_64,f,ao_esao_Chinese,no.official_lang,work.no.official_lang,married,apartment,non.movers
812563,933,a45_49,f,ao_esao_Chinese,official_lang,work.no.official_lang,married,other.attached,non.movers
698304,933,a30_34,m,ao_esao_Chinese,official_lang,work.no.official_lang,no.married,apartment,non.movers
768350,933,a15_19,f,ao_esao_Chinese,official_lang,work.no.official_lang,no.married,single.detached.house,non.movers
810905,933,a20_24,f,ao_sao_ei,official_lang,work.official_lang,no.married,single.detached.house,non.movers
401315,933,a15_19,f,ao_esao_Chinese,official_lang,work.no.official_lang,no.married,other.attached,non.movers
860095,933,a45_49,f,ao_esao_Chinese,official_lang,work.no.official_lang,married,apartment,nonmigrants.movers
675664,933,a10_14,m,onao_Canadian,official_lang,work.no.official_lang,no.married,apartment,interprovincial.movers
71085,933,a40_44,f,ao_esao_Filipino,official_lang,work.official_lang,married,other.attached,non.movers
31925,933,a40_44,f,ao_sao_ei,official_lang,work.official_lang,married,other.attached,other.movers
667902,933,a55_59,f,ao_esao_Filipino,official_lang,work.no.official_lang,married,apartment,non.movers
271995,933,a40_44,m,ao_esao_Chinese,official_lang,work.official_lang,married,other.attached,non.movers
527312,933,a70_74,m,ao_esao_Chinese,no.official_lang,work.no.official_lang,married,other.attached,non.movers
268007,933,a45_49,f,ao_esao_Chinese,official_lang,work.no.official_lang,married,single.detached.house,non.movers
375796,933,a15_19,m,ao_esao_Chinese,official_lang,work.no.official_lang,no.married,other.attached,non.movers
232374,933,a40_44,f,eo_seo_Spanish,official_lang,work.official_lang,married,single.detached.house,non.movers
269766,933,a45_49,m,ao_esao_Chinese,no.official_lang,work.no.official_lang,married,single.detached.house,non.movers
512248,933,a40_44,m,ao_esao_Chinese,no.official_lang,work.no.official_lang,married,other.attached,non.movers
238675,933,a50_54,f,eo_eeo_Ukrainian,official_lang,work.official_lang,married,other.attached,non.movers
767529,933,a65_69,m,ao_esao_Chinese,no.official_lang,work.no.official_lang,married,apartment,non.movers
783353,933,a50_54,m,eo_seo_Portuguese,official_lang,work.no.official_lang,no.married,single.detached.house,non.movers
792958,933,a60_64,m,ao_esao_Chinese,official_lang,work.official_lang,married,apartment,non.movers
388707,933,a50_54,m,ao,official_lang,work.official_lang,married,single.detached.house,non.movers
317881,933,a35_39,m,ao_esao_Filipino,official_lang,work.official_lang,married,apartment,non.movers
713380,933,a25_29,f,ao_esao_Chinese,official_lang,work.no.official_lang,married,other.attached,non.movers
28919,933,a85_,f,ao_esao_Chinese,no.official_lang,work.no.official_lang,married,other.attached,non.movers
281869,933,a55_59,m,ao_esao_Chinese,official_lang,work.no.official_lang,divorced,apartment,non.movers
464254,933,a80_84,f,ao_esao_Chinese,no.official_lang,work.no.official_lang,separated,apartment,non.movers
655132,933,a60_64,m,ao_esao_Chinese,no.official_lang,work.no.official_lang,married,other.attached,non.movers
58288,933,a30_34,m,ao_esao_Chinese,official_lang,work.official_lang,no.married,apartment,other.movers
113163,933,a30_34,m,ao_esao_Chinese,official_lang,work.official_lang,married,other.attached,non.movers
6426,933,a0_4,f,ao,official_lang,work.no.official_lang,no.married,other.attached,non.movers
239015,933,a65_69,f,eo_neo,official_lang,work.no.official_lang,married,apartment,non.movers
113905,933,a20_24,m,ao_esao_Chinese,official_lang,work.official_lang,no.married,other.attached,non.movers
133794,933,a60_64,f,onao_Canadian,official_lang,work.official_lang,married,single.detached.house,non.movers
454988,933,a10_14,m,ao_wcameo,official_lang,work.no.official_lang,no.married,apartment,non.movers
58249,933,a15_19,m,ao_esao_Chinese,official_lang,work.no.official_lang,no.married,apartment,nonmigrants.movers
761056,933,a25_29,m,ao_esao_Chinese,official_lang,work.official_lang,living.common.law,single.detached.house,nonmigrants.movers
507755,933,a50_54,f,ao_esao_Chinese,official_lang,work.no.official_lang,married,single.detached.house,non.movers
46710,933,a0_4,f,ao_esao_Chinese,official_lang,work.no.official_lang,no.married,apartment,non.movers
118896,933,a25_29,m,ao_esao_Chinese,official_lang,work.official_lang,no.married,apartment,non.movers
677630,933,a55_59,f,ao_oesao,official_lang,work.no.official_lang,married,single.detached.house,non.movers
829952,933,a50_54,f,ao_esao_Chinese,official_lang,work.official_lang,divorced,apartment,non.movers
916652,933,a15_19,m,onao_Canadian,official_lang,work.no.official_lang,no.married,single.detached.house,non.movers
99007,933,a35_39,m,ao_oesao,no.official_lang,work.official_lang,married,apartment,non.movers
722361,933,a70_74,f,ao_esao_Chinese,official_lang,work.no.official_lang,married,apartment,non.movers
731991,933,a10_14,m,ao_esao_Chinese,official_lang,work.no.official_lang,no.married,apartment,non.movers
906023,933,a30_34,m,ao_esao_Chinese,official_lang,work.official_lang,no.married,other.attached,non.movers
143154,933,a15_19,m,ao_esao_Chinese,official_lang,work.no.official_lang,no.married,apartment,non.movers
207436,933,a75_79,f,ao_esao_Chinese,official_lang,work.no.official_lang,married,apartment,non.movers
529109,933,a30_34,f,ao_esao_Chinese,official_lang,work.official_lang,married,other.attached,non.movers
735528,933,a70_74,f,ao_esao_Chinese,no.official_lang,work.no.official_lang,widowed,single.detached.house,non.movers
36429,933,a60_64,m,ao_esao_Chinese,official_lang,work.no.official_lang,divorced,single.detached.house,non.movers
447944,933,a5_9,f,ao_esao_Filipino,official_lang,work.no.official_lang,no.married,other.attached,non.movers
506188,933,a75_79,m,ao_esao_Chinese,no.official_lang,work.no.official_lang,married,single.detached.house,non.movers
844936,933,a20_24,m,ao_oesao,official_lang,work.no.official_lang,no.married,single.detached.house,non.movers
835799,933,a30_34,m,ao_esao_Chinese,official_lang,work.no.official_lang,no.married,single.detached.house,non.movers
109019,933,a40_44,f,ao_esao_Chinese,official_lang,work.official_lang,married,single.detached.house,non.movers
259261,933,a50_54,m,ao_esao_Chinese,no.official_lang,work.no.official_lang,married,apartment,non.movers
209480,933,a25_29,m,ao_esao_Filipino,official_lang,work.official_lang,no.married,single.detached.house,non.movers
402523,933,a25_29,f,ao_esao_Filipino,official_lang,work.no.official_lang,widowed,other.attached,non.movers
378011,933,a75_79,f,ao_esao_Chinese,no.official_lang,work.no.official_lang,widowed,single.detached.house,non.movers
876225,933,a70_74,m,ao_esao_Chinese,no.official_lang,work.no.official_lang,married,single.detached.house,non.movers
6804,933,a35_39,m,ao_sao_ei,official_lang,work.official_lang,married,apartment,other.movers
399265,933,a45_49,f,ao_osao,official_lang,work.official_lang,no.married,single.detached.house,non.movers
358121,933,a40_44,m,ao_esao_Chinese,official_lang,work.official_lang,married,other.attached,other.movers
829364,933,a35_39,f,ao_sao_ei,official_lang,work.no.official_lang,married,other.attached,non.movers
608708,933,a60_64,m,ao_osao,official_lang,work.official_lang,married,apartment,non.movers
188753,933,a35_39,f,onao_Canadian,official_lang,work.official_lang,no.married,single.detached.house,other.movers
377923,933,a50_54,f,ao_esao_Chinese,official_lang,work.no.official_lang,separated,other.attached,non.movers
846668,933,a0_4,m,onao_Canadian,official_lang,work.no.official_lang,no.married,apartment,other.movers
457705,933,a25_29,f,lcsao,official_lang,work.no.official_lang,no.married,other.attached,other.movers
823890,933,a40_44,m,eo_seo_Italian,official_lang,work.no.official_lang,married,apartment,non.movers
349801,933,a50_54,m,ao_esao_Chinese,official_lang,work.official_lang,separated,apartment,other.movers
384119,933,a25_29,f,ao_esao_Chinese,official_lang,work.no.official_lang,married,single.detached.house,non.movers
445991,933,a40_44,f,ao_esao_Chinese,no.official_lang,work.no.official_lang,married,apartment,non.movers
832832,933,a15_19,m,ao_sao_ei,official_lang,work.official_lang,no.married,other.attached,non.movers
51051,933,a55_59,f,ao_esao_Chinese,official_lang,work.official_lang,married,other.attached,non.movers
650581,933,a45_49,f,ao_esao_Chinese,no.official_lang,work.no.official_lang,married,apartment,nonmigrants.movers
28742,933,a45_49,f,ao_esao_Chinese,no.official_lang,work.no.official_lang,married,apartment,non.movers
865180,933,a50_54,m,ao_esao_Filipino,official_lang,work.no.official_lang,no.married,apartment,non.movers
543047,933,a70_74,f,eo_bio_English,official_lang,work.no.official_lang,widowed,other.attached,non.movers
133954,933,a65_69,m,ao_esao_Chinese,official_lang,work.no.official_lang,married,apartment,non.movers
158831,933,a45_49,f,onao_Canadian,official_lang,work.official_lang,married,other.attached,non.movers
54774,933,a55_59,f,ao_esao_Chinese,no.official_lang,work.no.official_lang,married,apartment,non.movers
276607,933,a35_39,m,ao_esao_Filipino,official_lang,work.official_lang,married,other.attached,external.movers
701705,933,a55_59,f,eo_oseo,official_lang,work.no.official_lang,married,single.detached.house,non.movers
561331,933,a5_9,m,onao_Canadian,official_lang,work.no.official_lang,no.married,single.detached.house,non.movers
892650,933,a75_79,f,ao_sao_ei,no.official_lang,work.no.official_lang,married,apartment,non.movers
588954,933,a10_14,f,ao_esao_Filipino,official_lang,work.no.official_lang,no.married,single.detached.house,non.movers
209109,933,a45_49,m,onao_Canadian,official_lang,work.official_lang,married,other.attached,non.movers
805464,933,a35_39,f,ao_esao_Chinese,official_lang,work.official_lang,married,apartment,non.movers
444916,933,a10_14,f,ao_sao_ei,official_lang,work.no.official_lang,no.married,apartment,non.movers
9411,933,a50_54,m,ao_oesao,official_lang,work.no.official_lang,married,other.attached,non.movers
873478,933,a20_24,m,ao_esao_Chinese,official_lang,work.official_lang,no.married,apartment,non.movers
818882,933,a40_44,m,ao_esao_Chinese,official_lang,work.official_lang,married,other.attached,non.movers
323370,933,a55_59,m,ao_esao_Chinese,official_lang,work.no.official_lang,married,apartment,non.movers
455400,933,a20_24,m,ao_esao_Chinese,official_lang,work.no.official_lang,no.married,other.attached,non.movers
480686,933,a15_19,m,ao_esao_Chinese,no.official_lang,work.no.official_lang,no.married,single.detached.house,external.movers
911483,933,a55_59,m,ao_esao_Filipino,official_lang,work.official_lang,married,other.attached,other.movers
830211,933,a45_49,f,ao_esao_Chinese,no.official_lang,work.no.official_lang,separated,other.attached,nonmigrants.movers
350994,933,a50_54,f,ao_esao_Chinese,no.official_lang,work.no.official_lang,married,single.detached.house,non.movers
135547,933,a10_14,m,ao_esao_Chinese,official_lang,work.no.official_lang,no.married,apartment,non.movers
896820,933,a75_79,m,ao_esao_Chinese,no.official_lang,work.no.official_lang,married,single.detached.house,non.movers
713284,933,a45_49,m,eo_oeeo,official_lang,work.official_lang,married,apartment,non.movers
73970,933,a10_14,m,onao_Canadian,official_lang,work.no.official_lang,no.married,apartment,non.movers
78076,933,a15_19,f,eo_bio_English,official_lang,work.official_lang,no.married,other.attached,non.movers
730733,933,a50_54,m,ao_esao_Chinese,official_lang,work.no.official_lang,no.married,single.detached.house,non.movers
520734,933,a20_24,f,ao_esao_Chinese,official_lang,work.no.official_lang,no.married,other.attached,non.movers
516110,933,a0_4,f,ao_esao_Filipino,official_lang,work.no.official_lang,no.married,apartment,other.movers
823421,933,a60_64,m,eo_oeo,official_lang,work.official_lang,married,single.detached.house,non.movers
353020,933,a20_24,m,ao_osao,official_lang,work.official_lang,no.married,other.attached,non.movers
378948,933,a55_59,f,eo_seo_Spanish,no.official_lang,work.no.official_lang,divorced,other.attached,non.movers
185444,933,a20_24,f,ao_sao_ei,official_lang,work.official_lang,no.married,other.attached,non.movers
440423,933,a25_29,f,ao_esao_Chinese,official_lang,work.no.official_lang,no.married,single.detached.house,external.movers
847693,933,a55_59,m,ao_esao_Chinese,no.official_lang,work.no.official_lang,separated,apartment,non.movers
485150,933,a45_49,f,ao_esao_Chinese,official_lang,work.official_lang,married,single.detached.house,non.movers
838753,933,a25_29,f,ao_esao_Chinese,official_lang,work.no.official_lang,living.common.law,apartment,non.movers
665373,933,a10_14,f,ao_esao_Chinese,official_lang,work.no.official_lang,no.married,single.detached.house,non.movers
170764,933,a45_49,f,ao_esao_Chinese,no.official_lang,work.no.official_lang,married,single.detached.house,nonmigrants.movers
80541,933,a45_49,f,ao_esao_Chinese,official_lang,work.official_lang,married,other.attached,non.movers
170498,933,a20_24,m,ao_esao_Chinese,official_lang,work.official_lang,no.married,single.detached.house,non.movers
887301,933,a55_59,m,ao_esao_Chinese,no.official_lang,work.no.official_lang,married,other.attached,non.movers
375233,933,a10_14,f,ao_esao_Chinese,official_lang,work.no.official_lang,no.married,other.attached,non.movers
145648,933,a10_14,m,ao_esao_Filipino,official_lang,work.no.official_lang,no.married,other.attached,non.movers
441182,933,a30_34,m,ao_wcameo,official_lang,work.no.official_lang,no.married,apartment,non.movers
791417,933,a25_29,m,ao_esao_Chinese,official_lang,work.official_lang,no.married,other.attached,non.movers
186042,933,a55_59,f,ao_esao_Filipino,official_lang,work.official_lang,widowed,apartment,non.movers
758455,933,a55_59,m,ao_esao_Chinese,no.official_lang,work.no.official_lang,married,other.attached,non.movers
527550,933,a20_24,f,ao_esao_Chinese,official_lang,work.no.official_lang,no.married,apartment,non.movers
460033,933,a30_34,f,eo_weo_Dutch,official_lang,work.official_lang,no.married,other.attached,non.movers
347940,933,a10_14,f,ao_sao_ei,official_lang,work.no.official_lang,no.married,single.detached.house,non.movers
242260,933,a50_54,f,lcsao,no.official_lang,work.no.official_lang,married,other.attached,non.movers
337367,933,a45_49,m,ao_esao_Filipino,official_lang,work.no.official_lang,married,other.attached,nonmigrants.movers
763198,933,a70_74,m,eo_obio,official_lang,work.no.official_lang,married,single.detached.house,non.movers
567149,933,a60_64,m,ao_esao_Chinese,no.official_lang,work.no.official_lang,separated,apartment,non.movers
155758,933,a20_24,m,ao_esao_Filipino,official_lang,work.official_lang,no.married,apartment,non.movers
310119,933,a20_24,m,lcsao,official_lang,work.no.official_lang,no.married,apartment,non.movers
527036,933,a60_64,m,eo_bio_Irish,official_lang,work.no.official_lang,married,apartment,non.movers
107382,933,a50_54,m,ao_esao_Chinese,no.official_lang,work.no.official_lang,married,single.detached.house,external.movers
252469,933,a40_44,f,ao_esao_Chinese,official_lang,work.official_lang,no.married,apartment,non.movers
582662,933,a45_49,f,ao_oesao,official_lang,work.no.official_lang,married,other.attached,non.movers
673368,933,a80_84,f,ao_esao_Chinese,no.official_lang,work.no.official_lang,married,apartment,non.movers
101332,933,a60_64,m,ao_esao_Chinese,official_lang,work.official_lang,widowed,other.attached,non.movers
715615,933,a45_49,f,ao_esao_Chinese,official_lang,work.no.official_lang,married,apartment,non.movers
854645,933,a5_9,m,ao_esao_Chinese,official_lang,work.no.official_lang,no.married,other.attached,non.movers
290221,933,a35_39,f,ao_esao_Chinese,official_lang,work.no.official_lang,married,apartment,non.movers
905380,933,a55_59,m,ao_esao_Filipino,official_lang,work.official_lang,married,apartment,non.movers
858675,933,a35_39,m,ao_oesao,official_lang,work.official_lang,married,other.attached,non.movers
670896,933,a50_54,f,onao,official_lang,work.no.official_lang,widowed,apartment,non.movers
246882,933,a60_64,f,ao_sao_ei,official_lang,work.no.official_lang,married,apartment,non.movers
819673,933,a30_34,f,ao_esao_Filipino,official_lang,work.official_lang,married,apartment,non.movers
125950,933,a50_54,f,ao_esao_Chinese,no.official_lang,work.no.official_lang,married,single.detached.house,non.movers
646640,933,a50_54,f,ao_esao_Chinese,official_lang,work.no.official_lang,married,single.detached.house,non.movers
287067,933,a35_39,m,ao_esao_Filipino,official_lang,work.official_lang,married,other.attached,non.movers
173566,933,a65_69,f,ao_osao,official_lang,work.no.official_lang,married,apartment,non.movers
703583,933,a25_29,f,ao_esao_Chinese,official_lang,work.official_lang,married,apartment,non.movers
613904,933,a20_24,m,ao_osao,official_lang,work.no.official_lang,no.married,apartment,non.movers
561006,933,a10_14,m,eo_obio,official_lang,work.no.official_lang,no.married,single.detached.house,non.movers
449501,933,a60_64,m,ao_esao_Chinese,official_lang,work.no.official_lang,married,apartment,non.movers
644134,933,a55_59,f,ao_wcameo,no.official_lang,work.no.official_lang,married,apartment,non.movers
173023,933,a25_29,f,ao_sao_ei,official_lang,work.official_lang,married,apartment,other.movers
9247,933,a35_39,m,ao_osao,official_lang,work.no.official_lang,married,single.detached.house,non.movers
372586,933,a75_79,m,ao_osao,no.official_lang,work.no.official_lang,married,single.detached.house,non.movers
676090,933,a60_64,m,ao_wcameo,official_lang,work.official_lang,married,other.attached,non.movers
393227,933,a55_59,f,ao_esao_Chinese,no.official_lang,work.no.official_lang,married,single.detached.house,nonmigrants.movers
300018,933,a60_64,f,ao_esao_Chinese,no.official_lang,work.no.official_lang,married,single.detached.house,non.movers
292358,933,a40_44,m,ao_esao_Chinese,official_lang,work.official_lang,married,other.attached,non.movers
878344,933,a60_64,m,ao_oesao,no.official_lang,work.no.official_lang,married,apartment,non.movers
706025,933,a45_49,m,ao_sao_ei,official_lang,work.no.official_lang,married,apartment,non.movers
283588,933,a45_49,m,eo_seo_Spanish,official_lang,work.no.official_lang,no.married,apartment,non.movers
629708,933,a25_29,m,ao_esao_Chinese,official_lang,work.no.official_lang,no.married,apartment,non.movers
894245,933,a65_69,f,ao_esao_Chinese,official_lang,work.no.official_lang,married,single.detached.house,non.movers
613393,933,a75_79,m,ao_esao_Chinese,no.official_lang,work.no.official_lang,married,apartment,non.movers
545665,933,a40_44,m,ao_esao_Filipino,official_lang,work.official_lang,no.married,apartment,non.movers
782133,933,a65_69,m,eo_bio_Irish,official_lang,work.official_lang,married,apartment,non.movers
234990,933,a85_,f,eo_eeo_Ukrainian,official_lang,work.no.official_lang,no.married,single.detached.house,non.movers
705640,933,a40_44,f,ao_esao_Chinese,official_lang,work.official_lang,married,apartment,non.movers
542692,933,a50_54,f,ao_esao_Chinese,no.official_lang,work.no.official_lang,married,apartment,non.movers
825905,933,a5_9,f,ao_esao_Chinese,official_lang,work.no.official_lang,no.married,other.attached,non.movers
427533,933,a10_14,m,ao_esao_Chinese,official_lang,work.no.official_lang,no.married,apartment,non.movers
378731,933,a0_4,m,ao_esao_Chinese,official_lang,work.no.official_lang,no.married,other.attached,non.movers
779810,933,a30_34,m,ao_oesao,official_lang,work.official_lang,no.married,apartment,non.movers
593380,933,a0_4,m,ao_wcameo,no.official_lang,work.no.official_lang,no.married,other.attached,external.movers
433546,933,a70_74,f,ao_esao_Chinese,no.official_lang,work.no.official_lang,married,apartment,non.movers
406528,933,a80_84,m,ao_esao_Chinese,official_lang,work.no.official_lang,married,other.attached,non.movers
268503,933,a55_59,f,ao_esao_Chinese,official_lang,work.no.official_lang,married,single.detached.house,non.movers
872887,933,a70_74,f,ao_esao_Chinese,no.official_lang,work.no.official_lang,married,apartment,non.movers
494115,933,a20_24,f,ao_esao_Filipino,official_lang,work.official_lang,no.married,other.attached,non.movers
93338,933,a70_74,f,ao_esao_Filipino,official_lang,work.official_lang,widowed,apartment,external.movers
841467,933,a50_54,f,ao_esao_Chinese,official_lang,work.no.official_lang,married,apartment,non.movers
268907,933,a45_49,f,eo_eeo_Russian,official_lang,work.official_lang,no.married,apartment,non.movers
231273,933,a45_49,f,ao_esao_Filipino,official_lang,work.official_lang,married,apartment,non.movers
19936,933,a25_29,f,ao_esao_Filipino,official_lang,work.official_lang,married,other.attached,non.movers
804315,933,a30_34,f,ao_esao_Chinese,official_lang,work.no.official_lang,married,single.detached.house,non.movers
93037,933,a10_14,f,ao_sao_ei,official_lang,work.no.official_lang,no.married,apartment,nonmigrants.movers
608904,933,a50_54,f,ao_oesao,no.official_lang,work.no.official_lang,married,apartment,non.movers
126899,933,a85_,f,ao_esao_Chinese,no.official_lang,work.no.official_lang,widowed,apartment,non.movers
149845,933,a50_54,m,ao_esao_Chinese,no.official_lang,work.no.official_lang,married,apartment,non.movers
615017,933,a80_84,m,ao_esao_Chinese,no.official_lang,work.no.official_lang,married,single.detached.house,non.movers
882852,933,a30_34,f,ao_sao_ei,official_lang,work.official_lang,married,apartment,non.movers
164647,933,a30_34,f,ao_esao_Chinese,official_lang,work.no.official_lang,married,single.detached.house,non.movers
42620,933,a60_64,f,ao_esao_Chinese,official_lang,work.official_lang,married,single.detached.house,non.movers
108495,933,a55_59,f,ao_esao_Chinese,no.official_lang,work.no.official_lang,widowed,single.detached.house,non.movers
14417,933,a45_49,f,eo_oseo,official_lang,work.official_lang,married,single.detached.house,non.movers
634296,933,a20_24,f,ao_esao_Chinese,official_lang,work.no.official_lang,married,other.attached,nonmigrants.movers
455186,933,a5_9,m,ao_esao_Chinese,official_lang,work.no.official_lang,no.married,apartment,nonmigrants.movers
64030,933,a5_9,m,ao_esao_Chinese,official_lang,work.no.official_lang,no.married,other.attached,interprovincial.movers
820965,933,a60_64,m,eo_bio_Scottish,official_lang,work.official_lang,married,apartment,non.movers
112861,933,a60_64,m,eo_seo_Portuguese,official_lang,work.no.official_lang,married,single.detached.house,non.movers
492634,933,a15_19,f,ao_esao_Chinese,official_lang,work.no.official_lang,no.married,other.attached,non.movers
789690,933,a60_64,f,ao_sao_ei,official_lang,work.no.official_lang,widowed,apartment,non.movers
653910,933,a50_54,f,ao_esao_Chinese,official_lang,work.no.official_lang,no.married,apartment,non.movers
824451,933,a5_9,m,ao_esao_Chinese,official_lang,work.no.official_lang,no.married,apartment,non.movers
899378,933,a45_49,m,ao_wcameo,official_lang,work.no.official_lang,married,apartment,non.movers
547648,933,a0_4,m,ao_osao,official_lang,work.no.official_lang,no.married,other.attached,nonmigrants.movers
340199,933,a45_49,f,ao_esao_Chinese,no.official_lang,work.no.official_lang,married,apartment,interprovincial.movers
888710,933,a25_29,f,ao_esao_Chinese,no.official_lang,work.no.official_lang,married,apartment,non.movers
737469,933,a45_49,f,ao_esao_Chinese,no.official_lang,work.no.official_lang,married,apartment,non.movers
827394,933,a60_64,m,ao_esao_Chinese,official_lang,work.no.official_lang,married,single.detached.house,non.movers
793492,933,a45_49,f,ao_esao_Chinese,official_lang,work.official_lang,married,single.detached.house,non.movers
12201,933,a5_9,f,ao_esao_Chinese,official_lang,work.no.official_lang,no.married,single.detached.house,non.movers
