SERIALNO,DVISION,SPORDER,PUMA,REGION,AGE,SEX,EMP,MOB,INC,CIT,MAR,SCH,DIS,WRK,INS,RACE
2018HU1106739,5,2,51244,3,50_59,f,civilian.employed,same.house,i.75000.99999,naturalization,married,no.schooling,without.disability,federal,with.insurance,asian
2018HU0782819,5,2,59306,3,70_79,f,not.in.labor.force,same.house,i.0.9999,naturalization,widowed,no.schooling,with.disability,not.working,with.insurance,white
2018HU0738031,5,2,59304,3,50_59,f,civilian.employed,same.house,i.75000.99999,abroad.born,married,no.schooling,without.disability,federal,with.insurance,asian
2018HU1388141,5,2,51089,3,80_89,f,not.in.labor.force,same.house,i.0.9999,us.born,widowed,no.schooling,with.disability,not.working,with.insurance,white
2018HU0550676,5,1,51167,3,0_9,m,not.in.labor.force,diff.us.house,i.75000.99999,us.born,never,private,without.disability,not.working,with.insurance,white
2018HU1242427,5,1,51125,3,50_59,m,civilian.employed,diff.us.house,i.75000.99999,us.born,married,no.schooling,without.disability,private.profit,with.insurance,white
2018HU0432952,5,1,51154,3,50_59,m,civilian.employed,same.house,i.75000.99999,us.born,married,no.schooling,without.disability,private.profit,with.insurance,white
2018HU1359242,5,2,4103,3,10_19,f,not.in.labor.force,same.house,i.75000.99999,us.born,never,public,without.disability,not.working,with.insurance,asian
2018HU0616921,5,2,10702,3,0_9,m,not.in.labor.force,same.house,i.75000.99999,us.born,never,private,without.disability,not.working,with.insurance,white
2018HU0802270,5,1,51089,3,20_29,m,civilian.employed,same.house,i.75000.99999,us.born,married,no.schooling,without.disability,private.profit,with.insurance,white
2018HU1252353,5,1,55002,3,10_19,m,not.in.labor.force,same.house,i.0.9999,us.born,never,public,without.disability,not.working,with.insurance,asian
2018HU0258260,5,1,10701,3,50_59,f,civilian.employed,same.house,i.65000.74999,us.born,divorced,no.schooling,without.disability,local,with.insurance,white
2018HU1020137,5,5,10703,3,20_29,m,civilian.employed,same.house,i.15000.24999,us.born,never,no.schooling,without.disability,private.profit,with.insurance,white
2018HU0460548,5,1,51045,3,0_9,m,not.in.labor.force,same.house,i.75000.99999,us.born,never,public,without.disability,not.working,with.insurance,white
2018HU1344412,5,2,51154,3,10_19,m,civilian.employed,same.house,i.10000.14999,us.born,never,private,without.disability,private.profit,with.insurance,white
2018HU1183313,5,1,10703,3,50_59,m,civilian.employed,same.house,i.75000.99999,naturalization,married,no.schooling,without.disability,private.profit,with.insurance,white
2018HU0243925,5,1,59303,3,10_19,f,not.in.labor.force,same.house,i.75000.99999,us.born,never,public,without.disability,not.working,with.insurance,two.
2018HU1236738,5,1,51135,3,20_29,m,unemployed,same.house,i.0.9999,us.born,never,no.schooling,without.disability,private.profit,with.insurance,asian
2018HU0574851,5,2,51255,3,0_9,m,not.in.labor.force,same.house,i.75000.99999,us.born,never,no.schooling,without.disability,not.working,with.insurance,black
2018HU1362191,5,1,51154,3,0_9,m,not.in.labor.force,same.house,i.75000.99999,us.born,never,public,with.disability,not.working,with.insurance,white
2018HU0030626,5,1,51154,3,40_49,m,civilian.employed,same.house,i.65000.74999,naturalization,married,no.schooling,without.disability,private.profit,with.insurance,asian
2018HU0010487,5,1,51215,3,80_89,f,civilian.employed,same.house,i.0.9999,us.born,widowed,no.schooling,without.disability,private.profit,with.insurance,white
2018HU0439482,5,1,51120,3,50_59,m,civilian.employed,same.house,i.0.9999,us.born,divorced,no.schooling,without.disability,self.employed.no.corp,with.insurance,white
2018HU0997873,5,1,51040,3,70_79,f,not.in.labor.force,same.house,i.0.9999,puerto.rico.born,married,no.schooling,without.disability,not.working,with.insurance,white
2018HU0113282,5,1,59303,3,20_29,m,civilian.employed,diff.us.house,i.10000.14999,us.born,never,public,without.disability,state,without.insurance,white
2018HU0173238,5,4,51097,3,0_9,m,not.in.labor.force,same.house,i.75000.99999,us.born,never,private,without.disability,not.working,with.insurance,white
2018HU0719684,5,1,59306,3,0_9,f,not.in.labor.force,same.house,i.75000.99999,us.born,never,public,without.disability,not.working,with.insurance,two.
2018HU0502704,5,1,51040,3,40_49,m,civilian.employed,same.house,i.75000.99999,us.born,married,no.schooling,without.disability,federal,with.insurance,white
2018HU1253692,5,1,51105,3,30_39,f,civilian.employed,same.house,i.25000.34999,us.born,never,private,without.disability,private.profit,with.insurance,white
2018HU0817634,5,1,51010,3,10_19,f,civilian.employed,same.house,i.0.9999,us.born,never,public,without.disability,private.profit,with.insurance,white
2018HU0269591,5,1,51110,3,70_79,f,not.in.labor.force,diff.us.house,i.0.9999,not.citizen,widowed,no.schooling,without.disability,not.working,with.insurance,white
2018HU1261683,5,2,51245,3,70_79,m,not.in.labor.force,same.house,i.0.9999,us.born,married,no.schooling,without.disability,not.working,with.insurance,white
2018HU0255019,5,1,51145,3,10_19,m,not.in.labor.force,same.house,i.75000.99999,us.born,never,public,without.disability,not.working,with.insurance,white
2018HU0621200,5,1,51020,3,40_49,f,civilian.employed,same.house,i.75000.99999,us.born,divorced,no.schooling,without.disability,private.profit,with.insurance,white
2018GQ0057079,5,1,51154,3,20_29,f,civilian.employed,same.house,i.0.9999,us.born,never,public,without.disability,state,with.insurance,white
2018HU0795139,5,1,59304,3,50_59,m,civilian.employed,same.house,i.35000.49999,us.born,married,no.schooling,without.disability,private.profit,with.insurance,white
2018HU0466407,5,1,51255,3,70_79,f,not.in.labor.force,same.house,i.0.9999,naturalization,never,no.schooling,without.disability,not.working,with.insurance,asian
2018HU1234900,5,4,55002,3,50_59,m,civilian.employed,diff.us.house,i.0.9999,naturalization,married,no.schooling,without.disability,self.employed.no.corp,without.insurance,asian
2018HU0402730,5,4,51115,3,50_59,f,civilian.employed,same.house,i.25000.34999,naturalization,married,no.schooling,without.disability,private.profit,with.insurance,black
2018HU1042418,5,2,51215,3,10_19,f,not.in.labor.force,same.house,i.75000.99999,abroad.born,never,public,without.disability,not.working,with.insurance,white
2018HU0711476,5,1,51244,3,50_59,f,civilian.employed,same.house,i.75000.99999,us.born,divorced,no.schooling,without.disability,private.profit,with.insurance,other
2018HU0213491,5,1,51125,3,0_9,m,not.in.labor.force,same.house,i.75000.99999,us.born,never,no.schooling,without.disability,not.working,with.insurance,white
2018HU1359242,5,1,4103,3,0_9,m,not.in.labor.force,same.house,i.75000.99999,us.born,never,public,without.disability,not.working,with.insurance,asian
2018HU0228151,5,2,51154,3,50_59,m,civilian.employed,same.house,i.15000.24999,us.born,married,no.schooling,without.disability,private.profit,with.insurance,white
2018HU0820345,5,5,59304,3,40_49,m,civilian.employed,same.house,i.75000.99999,us.born,married,no.schooling,without.disability,private.profit,with.insurance,white
2018HU0102726,5,1,51020,3,20_29,m,civilian.employed,same.house,i.0.9999,us.born,never,public,without.disability,state,with.insurance,white
2018HU0278479,5,1,51090,3,60_69,m,not.in.labor.force,same.house,i.0.9999,us.born,married,no.schooling,without.disability,private.no.profit,with.insurance,white
2018HU0731753,5,1,51206,3,0_9,m,not.in.labor.force,same.house,i.75000.99999,us.born,never,no.schooling,without.disability,not.working,with.insurance,white
2018HU0369128,5,3,51096,3,50_59,f,civilian.employed,same.house,i.75000.99999,us.born,married,no.schooling,without.disability,state,with.insurance,white
2018HU0625993,5,3,59303,3,0_9,f,not.in.labor.force,same.house,i.75000.99999,us.born,never,no.schooling,without.disability,not.working,with.insurance,asian
2018HU0570685,5,1,51246,3,60_69,m,civilian.employed,same.house,i.75000.99999,us.born,married,no.schooling,without.disability,private.profit,with.insurance,white
2018HU0233243,5,1,51245,3,60_69,f,civilian.employed,same.house,i.0.9999,not.citizen,married,no.schooling,without.disability,private.profit,with.insurance,asian
2018HU0204225,5,3,55002,3,50_59,f,not.in.labor.force,same.house,i.0.9999,naturalization,married,no.schooling,with.disability,self.employed.no.corp,with.insurance,white
2018HU1263261,5,2,51115,3,60_69,m,civilian.employed,same.house,i.0.9999,us.born,married,no.schooling,without.disability,self.employed.no.corp,with.insurance,white
2018HU1266708,5,1,51135,3,10_19,m,not.in.labor.force,same.house,i.0.9999,us.born,never,public,with.disability,not.working,with.insurance,white
2018HU0981374,5,3,10702,3,50_59,f,not.in.labor.force,same.house,i.0.9999,abroad.born,never,no.schooling,with.disability,not.working,with.insurance,white
2018HU0350924,5,2,59301,3,10_19,m,not.in.labor.force,same.house,i.75000.99999,us.born,never,public,without.disability,not.working,with.insurance,white
2018HU0890425,5,1,4103,3,60_69,m,not.in.labor.force,same.house,i.0.9999,us.born,married,no.schooling,without.disability,private.profit,with.insurance,white
2018HU0117226,5,1,59303,3,30_39,f,not.in.labor.force,diff.us.house,i.15000.24999,not.citizen,married,no.schooling,without.disability,private.profit,without.insurance,white
2018HU1399905,5,1,51246,3,80_89,f,not.in.labor.force,same.house,i.0.9999,us.born,married,no.schooling,without.disability,not.working,with.insurance,white
2018HU0604867,5,2,51225,3,50_59,f,civilian.employed,diff.us.house,i.75000.99999,us.born,separated,no.schooling,without.disability,private.profit,with.insurance,white
2018HU1239317,5,2,51097,3,20_29,f,civilian.employed,diff.us.house,i.0.9999,us.born,married,private,without.disability,private.profit,without.insurance,asian
2018HU0528197,5,1,51045,3,30_39,m,civilian.employed,same.house,i.75000.99999,us.born,married,no.schooling,without.disability,private.profit,with.insurance,black
2018HU0528394,5,1,51087,3,30_39,f,civilian.employed,same.house,i.0.9999,not.citizen,never,no.schooling,without.disability,self.employed.no.corp,with.insurance,asian
2018HU0655745,5,1,51087,3,60_69,m,not.in.labor.force,same.house,i.0.9999,naturalization,married,no.schooling,without.disability,not.working,with.insurance,asian
2018HU1037892,5,3,4103,3,50_59,f,not.in.labor.force,same.house,i.0.9999,us.born,married,no.schooling,without.disability,local,with.insurance,white
2018HU0741555,5,1,51225,3,50_59,f,civilian.employed,same.house,i.75000.99999,us.born,never,no.schooling,with.disability,private.no.profit,with.insurance,white
2018HU1191947,5,2,51089,3,20_29,f,civilian.employed,diff.us.house,i.10000.14999,us.born,married,no.schooling,without.disability,private.profit,with.insurance,white
2018HU0145487,5,1,51115,3,40_49,m,civilian.employed,same.house,i.35000.49999,us.born,married,no.schooling,without.disability,state,with.insurance,black
2018HU1141446,5,2,51080,3,60_69,m,civilian.employed,same.house,i.75000.99999,us.born,married,no.schooling,without.disability,private.profit,with.insurance,white
2018HU0452283,5,1,51165,3,70_79,f,not.in.labor.force,same.house,i.0.9999,us.born,married,no.schooling,without.disability,not.working,with.insurance,white
2018HU0139083,5,1,51154,3,60_69,f,civilian.employed,same.house,i.75000.99999,us.born,married,no.schooling,without.disability,private.profit,with.insurance,white
2018HU0307507,5,1,51045,3,40_49,m,civilian.employed,same.house,i.35000.49999,naturalization,divorced,no.schooling,without.disability,private.profit,without.insurance,white
2018HU0715924,5,1,51105,3,20_29,m,civilian.employed,same.house,i.0.9999,us.born,never,no.schooling,without.disability,private.profit,with.insurance,white
2018HU0615490,5,2,59305,3,70_79,f,not.in.labor.force,same.house,i.0.9999,us.born,married,no.schooling,without.disability,not.working,with.insurance,white
2018HU1337267,5,1,51010,3,50_59,m,civilian.employed,same.house,i.75000.99999,naturalization,married,no.schooling,without.disability,private.profit,without.insurance,two.
2018HU0115560,5,1,51105,3,60_69,f,not.in.labor.force,same.house,i.0.9999,us.born,married,no.schooling,without.disability,local,with.insurance,white
2018GQ0096939,5,1,51135,3,60_69,f,civilian.employed,same.house,i.0.9999,us.born,never,no.schooling,with.disability,private.profit,with.insurance,black
2018HU1238133,5,2,51090,3,60_69,m,not.in.labor.force,same.house,i.0.9999,naturalization,married,no.schooling,with.disability,not.working,with.insurance,white
2018HU0435345,5,1,51235,3,20_29,f,civilian.employed,same.house,i.50000.64999,us.born,never,no.schooling,without.disability,private.profit,with.insurance,white
2018HU1205888,5,1,51010,3,0_9,f,not.in.labor.force,same.house,i.75000.99999,not.citizen,never,no.schooling,without.disability,not.working,with.insurance,asian
2018HU0442111,5,1,51040,3,30_39,f,civilian.employed,same.house,i.75000.99999,naturalization,married,private,without.disability,private.no.profit,with.insurance,white
2018HU0826551,5,1,51096,3,40_49,f,civilian.employed,same.house,i.50000.64999,naturalization,married,no.schooling,without.disability,local,with.insurance,white
2018HU0690480,5,5,51246,3,20_29,f,not.in.labor.force,same.house,i.0.9999,naturalization,married,no.schooling,without.disability,not.working,with.insurance,white
2018HU0833558,5,1,55002,3,20_29,m,unemployed,diff.us.house,i.0.9999,us.born,never,public,without.disability,private.profit,with.insurance,two.
2018HU0697990,5,2,51096,3,30_39,m,civilian.employed,same.house,i.50000.64999,not.citizen,married,no.schooling,without.disability,private.profit,with.insurance,asian
2018GQ0061551,5,2,51040,3,80_89,f,not.in.labor.force,same.house,i.0.9999,us.born,widowed,no.schooling,with.disability,not.working,with.insurance,white
2018HU0102827,5,3,51164,3,10_19,m,civilian.employed,diff.us.house,i.0.9999,naturalization,never,public,without.disability,self.employed.no.corp,with.insurance,white
2018HU1178518,5,1,51115,3,30_39,f,civilian.employed,same.house,i.0.9999,not.citizen,married,no.schooling,without.disability,private.profit,with.insurance,white
2018HU0083289,5,1,51080,3,40_49,f,civilian.employed,same.house,i.65000.74999,naturalization,divorced,no.schooling,without.disability,private.profit,with.insurance,white
2018HU0047271,5,1,51096,3,30_39,f,civilian.employed,same.house,i.15000.24999,not.citizen,separated,no.schooling,without.disability,private.profit,with.insurance,other
2018HU0176572,5,1,51154,3,0_9,m,not.in.labor.force,same.house,i.75000.99999,us.born,never,public,without.disability,not.working,with.insurance,white
2018HU0098850,5,1,51215,3,20_29,m,not.in.labor.force,same.house,i.0.9999,naturalization,never,no.schooling,without.disability,private.profit,with.insurance,asian
2018HU0139547,5,3,51165,3,70_79,f,civilian.employed,same.house,i.15000.24999,us.born,married,no.schooling,without.disability,private.no.profit,with.insurance,white
2018HU1242247,5,1,51087,3,40_49,m,civilian.employed,same.house,i.0.9999,not.citizen,married,no.schooling,without.disability,self.employed.no.corp,with.insurance,black
2018HU0187778,5,1,51154,3,30_39,m,not.in.labor.force,same.house,i.0.9999,us.born,never,no.schooling,without.disability,not.working,with.insurance,white
2018HU1326526,5,3,51090,3,40_49,m,civilian.employed,same.house,i.75000.99999,us.born,married,no.schooling,without.disability,private.profit,with.insurance,white
2018HU1095934,5,1,51224,3,50_59,f,not.in.labor.force,same.house,i.10000.14999,naturalization,married,no.schooling,without.disability,private.profit,with.insurance,white
2018HU0269323,5,1,4103,3,20_29,m,civilian.employed,same.house,i.25000.34999,us.born,never,no.schooling,without.disability,private.profit,with.insurance,black
2018HU0730102,5,1,51080,3,60_69,f,not.in.labor.force,diff.us.house,i.0.9999,us.born,married,no.schooling,without.disability,state,with.insurance,white
2018HU1090232,5,4,51246,3,30_39,m,civilian.employed,same.house,i.75000.99999,us.born,married,no.schooling,without.disability,private.profit,with.insurance,black
2018HU1378035,5,1,51206,3,70_79,m,not.in.labor.force,same.house,i.0.9999,us.born,married,no.schooling,without.disability,not.working,with.insurance,white
2018HU0665294,5,1,51085,3,50_59,f,civilian.employed,same.house,i.15000.24999,us.born,never,no.schooling,without.disability,private.profit,with.insurance,black
2018HU0860773,5,2,59303,3,10_19,f,not.in.labor.force,same.house,i.0.9999,naturalization,never,public,without.disability,not.working,with.insurance,white
2018HU0531717,5,1,55002,3,30_39,f,not.in.labor.force,diff.us.house,i.0.9999,puerto.rico.born,married,no.schooling,without.disability,private.no.profit,with.insurance,other
2018HU0494358,5,1,51206,3,80_89,m,not.in.labor.force,same.house,i.0.9999,us.born,married,no.schooling,with.disability,not.working,with.insurance,white
2018HU0463066,5,1,55002,3,0_9,f,not.in.labor.force,diff.us.house,i.75000.99999,us.born,never,no.schooling,without.disability,not.working,with.insurance,white
2018HU0931594,5,2,51235,3,40_49,f,civilian.employed,diff.us.house,i.65000.74999,us.born,married,no.schooling,without.disability,federal,with.insurance,white
2018HU0919085,5,3,59305,3,30_39,f,civilian.employed,diff.us.house,i.75000.99999,us.born,married,no.schooling,without.disability,private.no.profit,with.insurance,white
2018HU0530148,5,1,51110,3,70_79,f,not.in.labor.force,same.house,i.0.9999,us.born,married,no.schooling,without.disability,private.no.profit,with.insurance,white
2018HU0508548,5,1,51040,3,10_19,m,not.in.labor.force,same.house,i.0.9999,naturalization,never,public,without.disability,not.working,with.insurance,other
2018HU1296093,5,1,51044,3,0_9,f,not.in.labor.force,same.house,i.75000.99999,us.born,never,public,without.disability,not.working,with.insurance,black
2018HU1132501,5,1,59303,3,10_19,m,not.in.labor.force,same.house,i.0.9999,us.born,never,public,without.disability,not.working,with.insurance,white
2018HU1266142,5,3,51044,3,30_39,f,civilian.employed,same.house,i.25000.34999,not.citizen,married,no.schooling,without.disability,private.profit,without.insurance,white
2018HU0066437,5,1,10703,3,50_59,f,civilian.employed,same.house,i.75000.99999,naturalization,married,no.schooling,without.disability,local,with.insurance,white
2018HU0726359,5,1,51165,3,50_59,m,civilian.employed,same.house,i.75000.99999,us.born,married,no.schooling,without.disability,private.profit,with.insurance,white
2018HU1237020,5,1,51040,3,0_9,m,not.in.labor.force,same.house,i.75000.99999,us.born,never,public,without.disability,not.working,with.insurance,white
2018HU0221648,5,2,1301,3,70_79,f,not.in.labor.force,same.house,i.0.9999,us.born,divorced,no.schooling,without.disability,local,with.insurance,white
2018HU1227110,5,1,51097,3,30_39,f,civilian.employed,diff.us.house,i.75000.99999,us.born,married,no.schooling,without.disability,federal,with.insurance,white
2018HU0921756,5,1,51080,3,50_59,m,civilian.employed,same.house,i.75000.99999,us.born,married,no.schooling,without.disability,private.profit,with.insurance,white
2018HU0740029,5,2,4102,3,10_19,m,civilian.employed,same.house,i.0.9999,us.born,never,public,without.disability,private.profit,with.insurance,white
2018HU1184644,5,2,59306,3,30_39,m,civilian.employed,same.house,i.75000.99999,naturalization,never,no.schooling,without.disability,private.profit,with.insurance,asian
2018HU1382938,5,1,51085,3,30_39,f,civilian.employed,diff.us.house,i.35000.49999,us.born,married,no.schooling,without.disability,federal,with.insurance,white
2018HU0824307,5,1,51215,3,30_39,f,civilian.employed,same.house,i.15000.24999,not.citizen,married,no.schooling,without.disability,federal,with.insurance,black
2018HU0674857,5,1,51110,3,60_69,f,not.in.labor.force,same.house,i.0.9999,us.born,divorced,no.schooling,without.disability,private.no.profit,with.insurance,white
2018HU0200758,5,1,55002,3,60_69,m,not.in.labor.force,same.house,i.0.9999,us.born,married,no.schooling,without.disability,not.working,with.insurance,white
2018HU0511054,5,2,10702,3,40_49,f,civilian.employed,diff.us.house,i.75000.99999,naturalization,married,no.schooling,without.disability,federal,with.insurance,asian
2018HU1078478,5,1,51105,3,70_79,f,not.in.labor.force,same.house,i.0.9999,us.born,married,no.schooling,with.disability,not.working,with.insurance,white
2018HU0349761,5,1,51135,3,60_69,m,civilian.employed,same.house,i.0.9999,naturalization,divorced,no.schooling,without.disability,self.employed.no.corp,with.insurance,two.
2018HU1364092,5,5,55002,3,10_19,f,not.in.labor.force,same.house,i.75000.99999,us.born,never,public,without.disability,not.working,with.insurance,white
2018HU0600832,5,1,51244,3,60_69,m,civilian.employed,same.house,i.75000.99999,us.born,married,no.schooling,without.disability,federal,with.insurance,white
2018HU0437540,5,2,51175,3,40_49,m,civilian.employed,same.house,i.75000.99999,us.born,married,no.schooling,without.disability,private.no.profit,with.insurance,white
2018HU0739862,5,2,51044,3,0_9,m,not.in.labor.force,same.house,i.75000.99999,us.born,never,public,without.disability,not.working,with.insurance,two.
2018HU0919768,5,4,51045,3,60_69,f,not.in.labor.force,same.house,i.0.9999,us.born,married,no.schooling,without.disability,not.working,with.insurance,white
2018HU0562448,5,2,51154,3,20_29,m,civilian.employed,same.house,i.25000.34999,puerto.rico.born,never,no.schooling,without.disability,local,without.insurance,white
2018HU0847662,5,3,51080,3,50_59,m,civilian.employed,same.house,i.75000.99999,naturalization,married,no.schooling,without.disability,federal,with.insurance,asian
2018HU1108414,5,1,4103,3,80_89,m,not.in.labor.force,same.house,i.0.9999,us.born,married,no.schooling,without.disability,not.working,with.insurance,white
2018HU0665588,5,2,51095,3,50_59,f,civilian.employed,same.house,i.75000.99999,us.born,married,no.schooling,without.disability,federal,with.insurance,white
2018HU1117043,5,3,51044,3,60_69,m,not.in.labor.force,same.house,i.0.9999,us.born,married,no.schooling,without.disability,not.working,with.insurance,white
2018HU0195144,5,1,51010,3,60_69,f,not.in.labor.force,same.house,i.0.9999,us.born,divorced,no.schooling,without.disability,not.working,with.insurance,white
2018HU0171337,5,1,51110,3,20_29,m,civilian.employed,same.house,i.25000.34999,us.born,never,no.schooling,without.disability,private.profit,without.insurance,white
2018HU0717780,5,1,51020,3,80_89,f,not.in.labor.force,diff.us.house,i.0.9999,naturalization,divorced,no.schooling,with.disability,not.working,with.insurance,white
2018HU0281819,5,1,51090,3,20_29,f,civilian.employed,same.house,i.25000.34999,us.born,never,public,without.disability,private.profit,with.insurance,white
2018HU0838223,5,2,4103,3,50_59,f,civilian.employed,same.house,i.75000.99999,naturalization,married,no.schooling,without.disability,private.profit,with.insurance,white
2018HU0441162,5,1,51175,3,50_59,f,not.in.labor.force,same.house,i.0.9999,us.born,married,no.schooling,without.disability,private.profit,with.insurance,white
2018HU0433446,5,2,51044,3,60_69,f,civilian.employed,same.house,i.75000.99999,us.born,divorced,no.schooling,without.disability,private.profit,with.insurance,white
2018HU1124566,5,3,59304,3,40_49,m,civilian.employed,same.house,i.35000.49999,us.born,married,no.schooling,without.disability,private.profit,with.insurance,other
2018HU0754577,5,1,55002,3,10_19,m,not.in.labor.force,same.house,i.75000.99999,us.born,never,public,without.disability,not.working,with.insurance,white
2018GQ0034100,5,2,51224,3,50_59,m,not.in.labor.force,same.house,i.0.9999,us.born,never,no.schooling,without.disability,not.working,with.insurance,white
2018HU0898382,5,1,59309,3,40_49,f,civilian.employed,same.house,i.75000.99999,not.citizen,never,no.schooling,without.disability,private.profit,with.insurance,asian
2018HU1216772,5,2,51087,3,60_69,m,not.in.labor.force,same.house,i.0.9999,us.born,never,no.schooling,without.disability,not.working,without.insurance,white
2018HU0373940,5,2,51020,3,30_39,m,civilian.employed,same.house,i.10000.14999,naturalization,divorced,no.schooling,with.disability,private.profit,with.insurance,asian
2018HU0003375,5,2,51084,3,40_49,f,civilian.employed,same.house,i.75000.99999,us.born,divorced,no.schooling,without.disability,private.no.profit,with.insurance,white
2018HU0985970,5,4,59303,3,0_9,m,not.in.labor.force,same.house,i.75000.99999,us.born,never,private,without.disability,not.working,with.insurance,white
2018HU1112572,5,3,51020,3,40_49,m,civilian.employed,same.house,i.0.9999,naturalization,never,no.schooling,without.disability,self.employed.no.corp,with.insurance,asian
2018HU1290507,5,3,51097,3,10_19,m,not.in.labor.force,diff.us.house,i.75000.99999,abroad.born,never,public,without.disability,not.working,with.insurance,two.
2018HU0714908,5,4,51089,3,30_39,m,civilian.employed,same.house,i.25000.34999,us.born,married,no.schooling,without.disability,private.no.profit,with.insurance,white
2018HU0679480,5,1,51224,3,0_9,f,not.in.labor.force,same.house,i.75000.99999,us.born,never,no.schooling,without.disability,not.working,with.insurance,white
2018HU0361222,5,4,55001,3,0_9,f,not.in.labor.force,same.house,i.75000.99999,us.born,never,public,without.disability,not.working,with.insurance,white
2018HU0478601,5,1,51010,3,20_29,f,civilian.employed,diff.us.house,i.75000.99999,us.born,married,no.schooling,without.disability,private.profit,with.insurance,white
2018HU0749588,5,4,10703,3,10_19,f,civilian.employed,same.house,i.10000.14999,not.citizen,never,no.schooling,without.disability,private.profit,with.insurance,white
2018HU1073770,5,1,59301,3,0_9,m,not.in.labor.force,same.house,i.75000.99999,us.born,never,public,without.disability,not.working,with.insurance,white
2018HU1264416,5,1,51020,3,30_39,m,civilian.employed,same.house,i.75000.99999,us.born,married,no.schooling,without.disability,private.profit,with.insurance,white
2018HU0199616,5,4,51087,3,10_19,f,not.in.labor.force,same.house,i.75000.99999,us.born,never,public,without.disability,not.working,with.insurance,white
2018HU0445798,5,1,10703,3,60_69,m,civilian.employed,same.house,i.75000.99999,us.born,married,no.schooling,without.disability,private.profit,with.insurance,white
2018HU1381019,5,1,51235,3,70_79,m,not.in.labor.force,same.house,i.0.9999,us.born,married,no.schooling,without.disability,not.working,with.insurance,white
2018HU0621545,5,2,51089,3,60_69,m,not.in.labor.force,same.house,i.0.9999,us.born,married,no.schooling,with.disability,not.working,with.insurance,white
2018HU1166948,5,2,51084,3,50_59,m,civilian.employed,same.house,i.50000.64999,naturalization,married,no.schooling,without.disability,private.no.profit,with.insurance,asian
2018HU1372780,5,1,51154,3,50_59,f,civilian.employed,same.house,i.50000.64999,abroad.born,divorced,no.schooling,without.disability,private.no.profit,with.insurance,asian
2018HU1293744,5,1,51206,3,40_49,f,civilian.employed,same.house,i.50000.64999,us.born,never,no.schooling,without.disability,private.no.profit,with.insurance,white
2018HU0226130,5,1,51206,3,40_49,m,civilian.employed,same.house,i.75000.99999,naturalization,married,no.schooling,without.disability,private.profit,with.insurance,white
2018HU0834179,5,1,59303,3,40_49,f,civilian.employed,same.house,i.0.9999,us.born,married,no.schooling,without.disability,private.profit,with.insurance,white
2018HU1275808,5,3,51045,3,70_79,m,not.in.labor.force,same.house,i.0.9999,us.born,married,no.schooling,without.disability,not.working,with.insurance,white
2018HU0307463,5,2,51097,3,40_49,f,civilian.employed,same.house,i.75000.99999,us.born,married,no.schooling,without.disability,local,with.insurance,white
2018HU0911122,5,3,51095,3,30_39,m,civilian.employed,same.house,i.0.9999,us.born,married,private,without.disability,self.employed.no.corp,with.insurance,white
2018GQ0081037,5,1,51045,3,60_69,f,not.in.labor.force,same.house,i.0.9999,us.born,widowed,no.schooling,with.disability,not.working,with.insurance,white
2018HU1106058,5,1,59309,3,20_29,m,civilian.employed,same.house,i.25000.34999,us.born,married,private,without.disability,private.profit,with.insurance,white
2018HU0961760,5,1,51089,3,50_59,m,civilian.employed,same.house,i.75000.99999,us.born,never,no.schooling,without.disability,private.profit,with.insurance,white
2018HU0702338,5,5,10703,3,0_9,m,not.in.labor.force,same.house,i.75000.99999,us.born,never,no.schooling,without.disability,not.working,with.insurance,asian
2018HU1107914,5,1,51097,3,0_9,f,not.in.labor.force,same.house,i.75000.99999,us.born,never,no.schooling,without.disability,not.working,with.insurance,white
2018HU0060395,5,4,51020,3,40_49,m,civilian.employed,same.house,i.75000.99999,us.born,never,public,without.disability,private.profit,with.insurance,white
2018HU1027974,5,1,51164,3,50_59,m,civilian.employed,same.house,i.15000.24999,naturalization,married,no.schooling,without.disability,private.profit,with.insurance,white
2018HU0278664,5,1,51154,3,50_59,f,not.in.labor.force,same.house,i.0.9999,us.born,married,no.schooling,with.disability,not.working,with.insurance,white
2018HU0526778,5,1,51089,3,40_49,f,civilian.employed,same.house,i.75000.99999,naturalization,married,no.schooling,without.disability,private.profit,with.insurance,asian
2018HU1266283,5,4,51135,3,0_9,m,not.in.labor.force,same.house,i.75000.99999,us.born,never,public,without.disability,not.working,with.insurance,white
2018HU0961192,5,3,55001,3,30_39,m,unemployed,same.house,i.0.9999,us.born,never,no.schooling,without.disability,private.profit,with.insurance,white
2018HU0837500,5,2,59305,3,30_39,f,civilian.employed,same.house,i.75000.99999,us.born,married,public,without.disability,private.profit,with.insurance,white
2018HU1304213,5,1,59308,3,20_29,m,civilian.employed,diff.us.house,i.35000.49999,us.born,never,no.schooling,without.disability,private.profit,with.insurance,black
2018HU0037022,5,2,4103,3,50_59,f,civilian.employed,same.house,i.35000.49999,us.born,married,no.schooling,with.disability,private.profit,with.insurance,black
2018HU0258365,5,1,51097,3,20_29,f,civilian.employed,same.house,i.15000.24999,us.born,never,no.schooling,without.disability,private.profit,with.insurance,white
2018HU0878649,5,1,51095,3,60_69,f,not.in.labor.force,same.house,i.10000.14999,us.born,married,no.schooling,without.disability,state,with.insurance,black
2018HU0704314,5,1,59303,3,20_29,f,not.in.labor.force,diff.us.house,i.0.9999,not.citizen,married,no.schooling,without.disability,not.working,with.insurance,white
2018HU1346518,5,2,51215,3,10_19,m,not.in.labor.force,same.house,i.75000.99999,us.born,never,public,without.disability,not.working,with.insurance,white
2018HU0890425,5,1,4103,3,60_69,m,not.in.labor.force,same.house,i.0.9999,us.born,married,no.schooling,without.disability,private.profit,with.insurance,white
2018HU0335715,5,1,51186,3,40_49,m,civilian.employed,same.house,i.75000.99999,us.born,married,no.schooling,without.disability,private.profit,with.insurance,two.
2018HU0994529,5,2,51215,3,20_29,f,civilian.employed,diff.us.house,i.50000.64999,us.born,never,no.schooling,without.disability,private.profit,with.insurance,black
2018HU1281059,5,1,4101,3,50_59,f,civilian.employed,diff.us.house,i.50000.64999,naturalization,never,no.schooling,without.disability,private.profit,with.insurance,asian
2018HU0736164,5,4,10701,3,60_69,m,civilian.employed,same.house,i.50000.64999,us.born,married,no.schooling,without.disability,local,with.insurance,white
2018HU0126563,5,1,51110,3,0_9,m,not.in.labor.force,same.house,i.75000.99999,abroad.born,never,public,without.disability,not.working,with.insurance,asian
2018HU1102790,5,1,51097,3,40_49,f,armed.forces,same.house,i.50000.64999,us.born,married,no.schooling,without.disability,federal,with.insurance,black
2018HU1067929,5,1,51087,3,60_69,f,not.in.labor.force,same.house,i.0.9999,us.born,married,no.schooling,without.disability,not.working,with.insurance,white
2018HU0269701,5,1,51044,3,60_69,f,not.in.labor.force,same.house,i.0.9999,us.born,married,no.schooling,without.disability,local,with.insurance,white
2018HU0515787,5,5,51246,3,10_19,m,not.in.labor.force,diff.us.house,i.0.9999,not.citizen,never,public,without.disability,not.working,with.insurance,asian
2018HU0161077,5,1,51135,3,50_59,f,civilian.employed,diff.us.house,i.25000.34999,naturalization,never,no.schooling,without.disability,private.profit,with.insurance,white
2018HU0138113,5,1,51080,3,30_39,f,civilian.employed,same.house,i.75000.99999,us.born,married,no.schooling,without.disability,federal,with.insurance,white
2018HU0536205,5,3,59308,3,50_59,f,civilian.employed,same.house,i.0.9999,us.born,never,no.schooling,with.disability,local,with.insurance,white
2018HU0257653,5,1,51135,3,40_49,m,civilian.employed,same.house,i.75000.99999,not.citizen,never,no.schooling,without.disability,federal,with.insurance,white
2018HU1171365,5,1,51115,3,30_39,m,civilian.employed,same.house,i.0.9999,not.citizen,married,no.schooling,without.disability,private.profit,without.insurance,other
2018HU0567165,5,4,51090,3,50_59,m,civilian.employed,same.house,i.75000.99999,us.born,married,no.schooling,without.disability,private.profit,with.insurance,white
2018HU0810725,5,2,59301,3,40_49,m,civilian.employed,same.house,i.10000.14999,us.born,divorced,no.schooling,without.disability,private.profit,with.insurance,white
2018HU0013722,5,1,51154,3,60_69,m,civilian.employed,same.house,i.15000.24999,naturalization,married,no.schooling,without.disability,private.profit,with.insurance,black
2018HU0439968,5,1,51154,3,40_49,f,civilian.employed,same.house,i.50000.64999,us.born,married,no.schooling,without.disability,private.profit,with.insurance,white
2018HU1374276,5,5,51120,3,30_39,m,civilian.employed,abroad.house,i.50000.64999,abroad.born,separated,no.schooling,without.disability,private.profit,with.insurance,white
2018HU0842253,5,1,59306,3,50_59,m,civilian.employed,same.house,i.50000.64999,naturalization,married,no.schooling,without.disability,state,with.insurance,asian
2018HU0988965,5,3,59305,3,60_69,f,not.in.labor.force,same.house,i.0.9999,us.born,married,no.schooling,without.disability,not.working,with.insurance,white
2018HU1264409,5,2,51044,3,20_29,m,civilian.employed,same.house,i.0.9999,us.born,never,no.schooling,without.disability,private.profit,with.insurance,white
2018HU0723717,5,1,51120,3,10_19,m,not.in.labor.force,same.house,i.0.9999,us.born,never,public,without.disability,not.working,with.insurance,white
2018HU0038691,5,1,59305,3,30_39,m,civilian.employed,same.house,i.75000.99999,us.born,married,no.schooling,without.disability,private.profit,with.insurance,white
2018HU0042398,5,2,10702,3,0_9,f,not.in.labor.force,same.house,i.75000.99999,us.born,never,public,without.disability,not.working,with.insurance,asian
2018HU1064169,5,1,51020,3,30_39,m,civilian.employed,same.house,i.75000.99999,us.born,married,no.schooling,without.disability,federal,with.insurance,white
2018HU0018063,5,1,51090,3,40_49,m,civilian.employed,same.house,i.75000.99999,us.born,married,no.schooling,without.disability,self.employed.corp,with.insurance,white
2018HU1120352,5,3,51164,3,50_59,f,civilian.employed,same.house,i.75000.99999,us.born,married,no.schooling,without.disability,private.profit,with.insurance,white
2018HU0312566,5,1,51154,3,0_9,f,not.in.labor.force,same.house,i.75000.99999,us.born,never,public,without.disability,not.working,with.insurance,white
2018HU0624896,5,2,51090,3,10_19,m,not.in.labor.force,same.house,i.75000.99999,us.born,never,public,without.disability,not.working,with.insurance,asian
2018HU0230836,5,2,51175,3,40_49,f,civilian.employed,diff.us.house,i.35000.49999,not.citizen,married,no.schooling,without.disability,private.profit,with.insurance,black
2018HU0841773,5,2,51155,3,50_59,f,civilian.employed,same.house,i.50000.64999,us.born,married,no.schooling,without.disability,private.profit,with.insurance,two.
2018HU0868396,5,1,51235,3,20_29,f,not.in.labor.force,same.house,i.0.9999,us.born,never,public,without.disability,private.profit,with.insurance,white
2018HU0985970,5,3,59303,3,10_19,m,civilian.employed,same.house,i.0.9999,us.born,never,public,without.disability,private.profit,with.insurance,white
2018HU0897999,5,3,51225,3,80_89,f,not.in.labor.force,same.house,i.0.9999,naturalization,widowed,no.schooling,with.disability,not.working,with.insurance,asian
2018HU1093293,5,2,51084,3,30_39,m,civilian.employed,diff.us.house,i.75000.99999,us.born,married,no.schooling,without.disability,federal,with.insurance,white
2018HU1169241,5,2,51045,3,70_79,f,not.in.labor.force,same.house,i.0.9999,naturalization,married,no.schooling,with.disability,not.working,with.insurance,asian
2018HU1131865,5,1,51105,3,40_49,f,civilian.employed,same.house,i.75000.99999,us.born,married,no.schooling,without.disability,local,with.insurance,white
2018HU0605551,5,1,59301,3,40_49,m,civilian.employed,same.house,i.75000.99999,not.citizen,married,no.schooling,without.disability,private.no.profit,with.insurance,white
2018HU1158566,5,1,51045,3,60_69,f,not.in.labor.force,same.house,i.0.9999,naturalization,divorced,no.schooling,without.disability,private.no.profit,with.insurance,asian
2018HU0538715,5,1,59307,3,30_39,f,civilian.employed,same.house,i.75000.99999,us.born,married,no.schooling,without.disability,local,with.insurance,white
2018HU1324271,5,1,51120,3,60_69,f,not.in.labor.force,same.house,i.0.9999,us.born,divorced,no.schooling,without.disability,private.profit,with.insurance,white
2018HU1290504,5,1,51097,3,60_69,m,not.in.labor.force,same.house,i.0.9999,us.born,married,no.schooling,without.disability,not.working,with.insurance,white
2018HU0453393,5,1,51135,3,60_69,m,civilian.employed,same.house,i.75000.99999,us.born,never,no.schooling,without.disability,private.profit,with.insurance,white
2018HU0140075,5,2,4102,3,40_49,f,not.in.labor.force,same.house,i.0.9999,not.citizen,married,no.schooling,without.disability,private.profit,with.insurance,white
2018HU0472768,5,1,51164,3,0_9,m,not.in.labor.force,same.house,i.75000.99999,us.born,never,private,without.disability,not.working,with.insurance,asian
2018HU0102597,5,2,51225,3,20_29,m,civilian.employed,diff.us.house,i.75000.99999,us.born,never,no.schooling,without.disability,local,with.insurance,white
2018HU0233258,5,1,51080,3,20_29,f,civilian.employed,same.house,i.0.9999,us.born,never,public,without.disability,state,with.insurance,white
2018HU1034312,5,2,10702,3,40_49,m,civilian.employed,same.house,i.75000.99999,us.born,married,no.schooling,without.disability,private.profit,with.insurance,white
2018HU0859480,5,1,51154,3,30_39,m,not.in.labor.force,same.house,i.0.9999,us.born,married,no.schooling,without.disability,private.profit,with.insurance,white
2018HU0825047,5,1,51167,3,0_9,m,not.in.labor.force,same.house,i.75000.99999,us.born,never,no.schooling,without.disability,not.working,with.insurance,two.
2018HU0763072,5,1,59306,3,50_59,f,not.in.labor.force,same.house,i.0.9999,naturalization,married,no.schooling,without.disability,private.profit,with.insurance,asian
2018HU0477380,5,1,51215,3,50_59,f,civilian.employed,same.house,i.75000.99999,us.born,widowed,no.schooling,without.disability,self.employed.corp,with.insurance,white
2018HU0325877,5,1,51045,3,10_19,m,not.in.labor.force,same.house,i.0.9999,us.born,never,public,without.disability,not.working,with.insurance,asian
2018HU0212490,5,1,51175,3,10_19,f,not.in.labor.force,same.house,i.75000.99999,us.born,never,public,with.disability,not.working,with.insurance,white
2018HU0694244,5,1,51020,3,40_49,m,civilian.employed,same.house,i.75000.99999,naturalization,married,no.schooling,without.disability,private.profit,with.insurance,asian
2018HU1094167,5,1,51125,3,30_39,f,not.in.labor.force,same.house,i.0.9999,us.born,married,public,without.disability,private.profit,with.insurance,asian
2018HU0183807,5,1,59303,3,30_39,m,civilian.employed,same.house,i.75000.99999,not.citizen,married,no.schooling,without.disability,private.profit,with.insurance,asian
2018HU0924211,5,1,59302,3,10_19,f,not.in.labor.force,diff.us.house,i.75000.99999,abroad.born,never,public,without.disability,not.working,with.insurance,black
2018HU0351993,5,1,59303,3,70_79,f,not.in.labor.force,same.house,i.0.9999,us.born,married,no.schooling,without.disability,state,with.insurance,white
2018HU0815030,5,4,51145,3,0_9,m,not.in.labor.force,same.house,i.75000.99999,us.born,never,public,without.disability,not.working,with.insurance,asian
2018HU0594824,5,1,51096,3,70_79,m,civilian.employed,same.house,i.15000.24999,naturalization,married,no.schooling,without.disability,private.profit,with.insurance,asian
2018HU0712873,5,1,51040,3,80_89,m,not.in.labor.force,same.house,i.0.9999,us.born,married,no.schooling,with.disability,not.working,with.insurance,white
2018HU0621703,5,1,51246,3,50_59,m,unemployed,same.house,i.0.9999,us.born,never,no.schooling,without.disability,private.profit,with.insurance,white
2018HU0639485,5,3,51125,3,20_29,m,civilian.employed,same.house,i.65000.74999,naturalization,never,no.schooling,without.disability,private.profit,with.insurance,asian
2018HU1292463,5,3,51045,3,30_39,f,civilian.employed,same.house,i.75000.99999,us.born,married,no.schooling,without.disability,federal,with.insurance,white
2018HU0320625,5,2,51045,3,30_39,m,civilian.employed,same.house,i.75000.99999,naturalization,married,no.schooling,without.disability,federal,with.insurance,asian
2018HU0550838,5,1,51115,3,20_29,m,civilian.employed,same.house,i.75000.99999,us.born,never,no.schooling,without.disability,private.profit,with.insurance,asian
2018HU0553147,5,3,51120,3,0_9,m,not.in.labor.force,same.house,i.75000.99999,us.born,never,public,without.disability,not.working,with.insurance,white
2018HU0678663,5,2,51145,3,30_39,m,not.in.labor.force,same.house,i.0.9999,us.born,never,no.schooling,with.disability,private.profit,with.insurance,white
2018HU1089904,5,1,51096,3,50_59,f,unemployed,same.house,i.0.9999,us.born,married,no.schooling,without.disability,not.working,with.insurance,white
2018HU0793120,5,2,51165,3,40_49,m,civilian.employed,same.house,i.15000.24999,us.born,married,no.schooling,without.disability,self.employed.corp,with.insurance,white
2018HU1399857,5,1,51097,3,40_49,f,civilian.employed,same.house,i.15000.24999,naturalization,married,no.schooling,without.disability,private.profit,with.insurance,asian
2018HU1142799,5,1,51010,3,60_69,f,not.in.labor.force,same.house,i.0.9999,us.born,married,no.schooling,without.disability,private.no.profit,with.insurance,white
2018HU0453599,5,1,51040,3,20_29,m,civilian.employed,same.house,i.25000.34999,us.born,never,no.schooling,without.disability,private.profit,with.insurance,other
2018HU0313527,5,1,51010,3,40_49,f,civilian.employed,same.house,i.65000.74999,us.born,never,no.schooling,without.disability,local,with.insurance,white
2018HU0516328,5,4,1301,3,10_19,f,not.in.labor.force,same.house,i.0.9999,us.born,never,private,without.disability,not.working,with.insurance,white
2018HU0065762,5,1,51135,3,0_9,m,not.in.labor.force,same.house,i.75000.99999,abroad.born,never,private,without.disability,not.working,with.insurance,white
2018HU0378216,5,4,59308,3,0_9,f,not.in.labor.force,same.house,i.75000.99999,us.born,never,no.schooling,without.disability,not.working,with.insurance,asian
2018HU0257229,5,1,51115,3,10_19,f,not.in.labor.force,same.house,i.75000.99999,us.born,never,public,without.disability,not.working,with.insurance,white
2018HU1270800,5,1,55002,3,50_59,m,armed.forces,same.house,i.75000.99999,us.born,married,no.schooling,without.disability,federal,with.insurance,white
2018HU0668631,5,1,51044,3,70_79,m,civilian.employed,same.house,i.75000.99999,us.born,married,no.schooling,without.disability,private.profit,with.insurance,white
2018HU1345352,5,1,51020,3,60_69,f,civilian.employed,same.house,i.15000.24999,naturalization,married,no.schooling,without.disability,private.profit,with.insurance,asian
2018HU0480739,5,1,51040,3,40_49,f,not.in.labor.force,abroad.house,i.0.9999,not.citizen,married,no.schooling,without.disability,not.working,with.insurance,asian
2018HU0371322,5,1,51096,3,60_69,m,not.in.labor.force,same.house,i.0.9999,naturalization,married,no.schooling,without.disability,not.working,with.insurance,white
2018HU0462753,5,2,51105,3,10_19,m,not.in.labor.force,same.house,i.0.9999,us.born,never,public,without.disability,not.working,with.insurance,white
2018HU1006965,5,1,59307,3,30_39,f,civilian.employed,same.house,i.75000.99999,us.born,never,no.schooling,without.disability,federal,with.insurance,black
2018HU0015168,5,1,51090,3,0_9,m,not.in.labor.force,same.house,i.75000.99999,us.born,never,public,without.disability,not.working,with.insurance,white
2018HU1287090,5,1,51080,3,0_9,f,not.in.labor.force,same.house,i.75000.99999,us.born,never,private,without.disability,not.working,with.insurance,white
2018HU0857683,5,1,51045,3,30_39,m,civilian.employed,same.house,i.75000.99999,us.born,married,no.schooling,without.disability,private.profit,with.insurance,white
2018HU1372349,5,1,51215,3,20_29,m,civilian.employed,same.house,i.35000.49999,us.born,married,no.schooling,without.disability,private.profit,with.insurance,other
2018HU0264231,5,2,51215,3,20_29,m,civilian.employed,same.house,i.35000.49999,us.born,never,no.schooling,without.disability,private.profit,with.insurance,white
2018HU0238278,5,4,51105,3,30_39,f,civilian.employed,diff.us.house,i.35000.49999,us.born,never,no.schooling,without.disability,private.profit,with.insurance,white
2018HU0083911,5,2,4101,3,40_49,m,civilian.employed,same.house,i.75000.99999,us.born,married,no.schooling,without.disability,private.profit,with.insurance,white
2018HU0279608,5,2,51224,3,60_69,m,civilian.employed,same.house,i.75000.99999,us.born,married,no.schooling,without.disability,private.profit,with.insurance,white
2018HU0486299,5,2,51255,3,60_69,m,not.in.labor.force,same.house,i.0.9999,us.born,married,no.schooling,without.disability,private.profit,with.insurance,white
2018HU0973078,5,2,59309,3,20_29,f,civilian.employed,same.house,i.15000.24999,us.born,never,public,without.disability,private.profit,with.insurance,white
2018HU0021982,5,1,51145,3,30_39,m,civilian.employed,same.house,i.75000.99999,us.born,married,no.schooling,without.disability,private.profit,with.insurance,white
2018HU0636281,5,2,51225,3,60_69,f,not.in.labor.force,abroad.house,i.0.9999,not.citizen,married,no.schooling,without.disability,not.working,with.insurance,asian
2018HU0309567,5,3,59302,3,40_49,f,unemployed,same.house,i.0.9999,naturalization,married,no.schooling,without.disability,private.profit,with.insurance,asian
2018HU0023557,5,1,51105,3,10_19,f,not.in.labor.force,same.house,i.0.9999,us.born,never,public,without.disability,private.profit,with.insurance,white
2018HU0770276,5,1,51115,3,20_29,f,civilian.employed,same.house,i.15000.24999,us.born,never,no.schooling,without.disability,state,with.insurance,white
2018HU0837781,5,1,51045,3,10_19,m,not.in.labor.force,diff.us.house,i.75000.99999,abroad.born,never,private,without.disability,not.working,with.insurance,two.
2018HU0935560,5,4,10701,3,50_59,m,civilian.employed,same.house,i.35000.49999,us.born,married,no.schooling,without.disability,private.profit,with.insurance,white
2018HU1364747,5,1,51175,3,40_49,m,civilian.employed,same.house,i.25000.34999,naturalization,married,no.schooling,without.disability,private.profit,with.insurance,white
2018HU1138632,5,4,51090,3,50_59,f,not.in.labor.force,diff.us.house,i.0.9999,naturalization,married,no.schooling,without.disability,not.working,with.insurance,asian
2018HU1362974,5,1,51044,3,10_19,m,not.in.labor.force,same.house,i.75000.99999,us.born,never,public,without.disability,not.working,with.insurance,asian
2018HU0565199,5,1,4103,3,30_39,f,civilian.employed,same.house,i.75000.99999,us.born,married,no.schooling,without.disability,private.profit,with.insurance,asian
2018HU1038463,5,1,51097,3,0_9,f,not.in.labor.force,same.house,i.75000.99999,us.born,never,public,without.disability,not.working,with.insurance,asian
2018HU0700391,5,1,51235,3,70_79,m,not.in.labor.force,same.house,i.0.9999,us.born,married,no.schooling,with.disability,not.working,with.insurance,white
2018HU1076331,5,3,59302,3,80_89,f,not.in.labor.force,same.house,i.0.9999,naturalization,widowed,no.schooling,with.disability,not.working,with.insurance,white
2018HU0510107,5,3,51120,3,50_59,m,civilian.employed,same.house,i.75000.99999,us.born,married,no.schooling,without.disability,federal,with.insurance,white
2018HU0474729,5,1,51110,3,10_19,m,not.in.labor.force,same.house,i.0.9999,us.born,never,public,without.disability,not.working,with.insurance,white
2018HU0582258,5,1,51010,3,0_9,m,not.in.labor.force,diff.us.house,i.75000.99999,not.citizen,never,private,without.disability,not.working,with.insurance,two.
2018HU0205067,5,2,51235,3,40_49,m,civilian.employed,same.house,i.35000.49999,us.born,married,no.schooling,without.disability,private.profit,with.insurance,white
2018HU0738031,5,2,59304,3,50_59,f,civilian.employed,same.house,i.75000.99999,abroad.born,married,no.schooling,without.disability,federal,with.insurance,asian
2018HU1341911,5,1,51186,3,40_49,f,civilian.employed,same.house,i.75000.99999,us.born,widowed,no.schooling,without.disability,private.profit,with.insurance,white
2018HU0528394,5,1,51096,3,40_49,m,unemployed,same.house,i.25000.34999,not.citizen,married,no.schooling,without.disability,self.employed.corp,with.insurance,asian
2018HU0259574,5,1,51175,3,0_9,m,not.in.labor.force,same.house,i.75000.99999,us.born,never,no.schooling,without.disability,not.working,with.insurance,two.
2018HU0225797,5,3,51246,3,10_19,f,not.in.labor.force,same.house,i.0.9999,us.born,never,public,without.disability,private.profit,with.insurance,asian
2018HU0505822,5,1,51154,3,30_39,f,civilian.employed,same.house,i.15000.24999,not.citizen,never,no.schooling,without.disability,private.profit,without.insurance,other
2018HU0145487,5,1,51085,3,0_9,m,not.in.labor.force,same.house,i.75000.99999,us.born,never,public,without.disability,not.working,with.insurance,two.
2018HU0245203,5,1,51045,3,30_39,f,civilian.employed,diff.us.house,i.75000.99999,naturalization,married,no.schooling,without.disability,private.profit,with.insurance,asian
2018HU0037022,5,2,4103,3,50_59,f,civilian.employed,same.house,i.35000.49999,us.born,married,no.schooling,with.disability,private.profit,with.insurance,black
2018HU1184128,5,1,51115,3,50_59,f,civilian.employed,same.house,i.25000.34999,not.citizen,married,no.schooling,without.disability,private.no.profit,with.insurance,black
2018HU0673144,5,1,51135,3,30_39,f,civilian.employed,same.house,i.65000.74999,us.born,married,public,without.disability,private.no.profit,with.insurance,white
2018HU1184535,5,5,51165,3,40_49,f,civilian.employed,same.house,i.75000.99999,naturalization,married,no.schooling,without.disability,private.no.profit,with.insurance,asian
2018HU0180635,5,1,51020,3,50_59,m,not.in.labor.force,same.house,i.0.9999,us.born,married,no.schooling,with.disability,not.working,with.insurance,white
2018HU0302009,5,1,59303,3,30_39,f,unemployed,same.house,i.75000.99999,us.born,never,no.schooling,without.disability,private.profit,with.insurance,white
2018HU0200752,5,1,51155,3,10_19,m,not.in.labor.force,same.house,i.0.9999,us.born,never,public,without.disability,not.working,with.insurance,two.
2018HU0071277,5,4,10701,3,30_39,f,civilian.employed,same.house,i.75000.99999,us.born,never,no.schooling,without.disability,private.profit,with.insurance,other
2018HU1139878,5,1,51155,3,50_59,f,civilian.employed,same.house,i.0.9999,us.born,never,no.schooling,without.disability,self.employed.no.corp,with.insurance,white
2018HU0808404,5,1,1302,3,50_59,m,civilian.employed,same.house,i.25000.34999,us.born,married,no.schooling,without.disability,local,with.insurance,white
2018HU1019676,5,1,51105,3,40_49,m,civilian.employed,same.house,i.75000.99999,us.born,married,no.schooling,without.disability,private.profit,with.insurance,white
2018HU0964967,5,1,51245,3,30_39,m,civilian.employed,same.house,i.15000.24999,us.born,never,no.schooling,without.disability,private.profit,without.insurance,white
2018HU0920990,5,1,51110,3,60_69,f,civilian.employed,same.house,i.75000.99999,us.born,married,no.schooling,without.disability,private.profit,with.insurance,white
2018HU0817634,5,1,51010,3,10_19,f,civilian.employed,same.house,i.0.9999,us.born,never,public,without.disability,private.profit,with.insurance,white
2018HU0594191,5,1,51105,3,50_59,f,not.in.labor.force,same.house,i.0.9999,naturalization,married,no.schooling,without.disability,private.no.profit,with.insurance,asian
2018HU0474457,5,1,51080,3,30_39,m,civilian.employed,diff.us.house,i.50000.64999,us.born,married,no.schooling,without.disability,federal,with.insurance,black
2018HU1276836,5,1,51095,3,10_19,f,civilian.employed,diff.us.house,i.10000.14999,us.born,never,public,without.disability,private.profit,with.insurance,two.
2018HU0863977,5,1,51040,3,50_59,m,civilian.employed,diff.us.house,i.75000.99999,abroad.born,never,no.schooling,without.disability,federal,with.insurance,white
2018HU0645182,5,2,10701,3,30_39,m,civilian.employed,same.house,i.25000.34999,us.born,never,no.schooling,without.disability,private.profit,with.insurance,black
2018HU0572841,5,1,51110,3,40_49,m,civilian.employed,same.house,i.50000.64999,naturalization,married,no.schooling,without.disability,self.employed.corp,without.insurance,white
2018HU1128351,5,2,51010,3,30_39,m,civilian.employed,diff.us.house,i.75000.99999,naturalization,never,no.schooling,without.disability,private.profit,with.insurance,other
2018HU1143132,5,1,51125,3,60_69,f,not.in.labor.force,same.house,i.0.9999,us.born,never,no.schooling,without.disability,not.working,with.insurance,black
2018HU0359312,5,3,51215,3,10_19,m,not.in.labor.force,same.house,i.0.9999,us.born,never,public,without.disability,not.working,with.insurance,white
2018HU0672853,5,1,51040,3,70_79,f,not.in.labor.force,same.house,i.0.9999,us.born,married,no.schooling,with.disability,not.working,with.insurance,black
2018HU1245135,5,2,51235,3,10_19,f,not.in.labor.force,same.house,i.75000.99999,us.born,never,private,without.disability,not.working,with.insurance,white
2018HU0610492,5,1,1301,3,40_49,f,civilian.employed,same.house,i.75000.99999,us.born,married,no.schooling,without.disability,federal,with.insurance,white
2018HU0233552,5,1,1302,3,50_59,f,civilian.employed,same.house,i.35000.49999,us.born,married,no.schooling,without.disability,private.no.profit,with.insurance,white
2018HU0151702,5,1,51175,3,20_29,m,civilian.employed,same.house,i.0.9999,us.born,never,no.schooling,with.disability,private.no.profit,with.insurance,white
2018HU0369940,5,4,51096,3,30_39,m,civilian.employed,same.house,i.0.9999,us.born,never,no.schooling,with.disability,self.employed.no.corp,with.insurance,white
2018HU0944784,5,1,51084,3,40_49,f,not.in.labor.force,same.house,i.0.9999,us.born,married,no.schooling,without.disability,private.profit,with.insurance,white
2018HU0969854,5,1,51244,3,40_49,f,civilian.employed,same.house,i.0.9999,us.born,married,no.schooling,without.disability,self.employed.no.corp,with.insurance,white
2018HU0888175,5,1,51135,3,30_39,f,civilian.employed,same.house,i.75000.99999,us.born,married,no.schooling,without.disability,private.profit,with.insurance,white
2018HU0881301,5,4,51154,3,40_49,f,civilian.employed,same.house,i.75000.99999,us.born,married,no.schooling,without.disability,private.no.profit,with.insurance,white
2018HU1148101,5,3,51135,3,30_39,f,civilian.employed,same.house,i.0.9999,us.born,married,no.schooling,without.disability,private.profit,with.insurance,white
2018HU0972027,5,1,59303,3,20_29,f,civilian.employed,same.house,i.0.9999,us.born,never,private,without.disability,private.no.profit,with.insurance,asian
2018HU0328202,5,1,51155,3,50_59,f,civilian.employed,same.house,i.75000.99999,us.born,married,no.schooling,without.disability,federal,with.insurance,white
2018HU0654042,5,1,51084,3,70_79,m,not.in.labor.force,same.house,i.0.9999,us.born,married,no.schooling,with.disability,not.working,with.insurance,white
2018HU0972508,5,1,51215,3,20_29,m,civilian.employed,same.house,i.15000.24999,naturalization,never,public,without.disability,private.profit,with.insurance,white
2018HU0188601,5,2,51244,3,40_49,m,civilian.employed,same.house,i.75000.99999,us.born,married,no.schooling,without.disability,private.profit,with.insurance,white
2018HU0350924,5,1,59301,3,10_19,f,not.in.labor.force,same.house,i.0.9999,us.born,never,public,without.disability,not.working,with.insurance,white
2018HU0241359,5,1,51110,3,60_69,f,not.in.labor.force,same.house,i.0.9999,us.born,married,no.schooling,without.disability,not.working,with.insurance,white
2018HU0438166,5,3,51105,3,70_79,f,not.in.labor.force,same.house,i.0.9999,us.born,widowed,no.schooling,without.disability,not.working,with.insurance,white
2018HU0668408,5,2,51135,3,0_9,m,not.in.labor.force,same.house,i.75000.99999,us.born,never,no.schooling,without.disability,not.working,with.insurance,white
2018HU0305627,5,3,51125,3,20_29,f,unemployed,diff.us.house,i.10000.14999,us.born,never,public,without.disability,private.profit,with.insurance,black
2018HU0388194,5,2,51235,3,20_29,m,civilian.employed,same.house,i.50000.64999,us.born,never,no.schooling,without.disability,state,with.insurance,white
2018HU1023790,5,2,51040,3,50_59,f,civilian.employed,same.house,i.35000.49999,us.born,divorced,public,without.disability,private.profit,with.insurance,white
2018HU0388194,5,2,51235,3,20_29,m,civilian.employed,same.house,i.50000.64999,us.born,never,no.schooling,without.disability,state,with.insurance,white
2018HU0134662,5,1,51167,3,40_49,m,civilian.employed,same.house,i.75000.99999,us.born,married,no.schooling,without.disability,private.profit,with.insurance,asian
2018HU0969854,5,1,51244,3,40_49,f,civilian.employed,same.house,i.0.9999,us.born,married,no.schooling,without.disability,self.employed.no.corp,with.insurance,white
2018HU1257203,5,1,51145,3,40_49,f,civilian.employed,same.house,i.10000.14999,not.citizen,married,no.schooling,without.disability,private.profit,without.insurance,white
2018HU0265823,5,1,51080,3,60_69,f,civilian.employed,same.house,i.65000.74999,us.born,married,no.schooling,without.disability,private.profit,with.insurance,white
2018HU0931594,5,1,51084,3,0_9,m,not.in.labor.force,diff.us.house,i.75000.99999,us.born,never,public,without.disability,not.working,with.insurance,white
2018HU0913479,5,1,4102,3,50_59,f,not.in.labor.force,same.house,i.0.9999,us.born,married,no.schooling,without.disability,not.working,with.insurance,white
2018HU0994734,5,1,51155,3,10_19,f,not.in.labor.force,same.house,i.75000.99999,us.born,never,public,without.disability,not.working,with.insurance,white
2018HU0695411,5,1,51155,3,60_69,f,not.in.labor.force,same.house,i.0.9999,not.citizen,married,no.schooling,with.disability,not.working,with.insurance,white
2018HU0639485,5,1,51125,3,60_69,m,civilian.employed,same.house,i.0.9999,naturalization,married,no.schooling,without.disability,self.employed.no.corp,with.insurance,asian
2018HU1054568,5,1,51225,3,30_39,m,civilian.employed,diff.us.house,i.75000.99999,us.born,married,no.schooling,without.disability,private.profit,with.insurance,white
2018HU0253233,5,1,51020,3,60_69,m,not.in.labor.force,same.house,i.0.9999,naturalization,widowed,no.schooling,without.disability,private.profit,with.insurance,white
2018HU1301494,5,1,51096,3,50_59,f,civilian.employed,same.house,i.35000.49999,naturalization,married,no.schooling,without.disability,private.profit,with.insurance,white
2018HU0903408,5,1,51167,3,60_69,m,not.in.labor.force,same.house,i.0.9999,naturalization,married,no.schooling,without.disability,private.profit,with.insurance,asian
2018HU0529689,5,1,51225,3,10_19,m,not.in.labor.force,diff.us.house,i.0.9999,us.born,never,public,with.disability,not.working,with.insurance,white
2018HU0254229,5,1,51206,3,60_69,m,not.in.labor.force,same.house,i.0.9999,us.born,married,no.schooling,with.disability,not.working,with.insurance,white
2018HU1355470,5,1,51215,3,70_79,f,not.in.labor.force,same.house,i.0.9999,us.born,widowed,no.schooling,without.disability,not.working,with.insurance,white
2018HU1081937,5,2,4102,3,40_49,m,civilian.employed,same.house,i.75000.99999,us.born,married,no.schooling,without.disability,private.profit,with.insurance,white
2018HU0402099,5,2,51096,3,60_69,m,civilian.employed,same.house,i.75000.99999,us.born,married,no.schooling,without.disability,federal,with.insurance,white
2018HU0259713,5,1,51154,3,10_19,m,unemployed,same.house,i.0.9999,us.born,never,private,without.disability,private.profit,with.insurance,white
2018HU1366444,5,1,59303,3,40_49,f,civilian.employed,same.house,i.50000.64999,naturalization,divorced,no.schooling,without.disability,state,with.insurance,two.
2018HU0870039,5,1,51080,3,40_49,f,civilian.employed,same.house,i.10000.14999,naturalization,married,no.schooling,without.disability,private.profit,without.insurance,asian
2018HU0129498,5,2,51105,3,0_9,m,not.in.labor.force,same.house,i.75000.99999,us.born,never,public,without.disability,not.working,with.insurance,white
2018HU0498307,5,1,51040,3,40_49,f,not.in.labor.force,same.house,i.0.9999,us.born,married,no.schooling,without.disability,not.working,with.insurance,white
2018HU0215959,5,2,51145,3,70_79,m,not.in.labor.force,same.house,i.0.9999,naturalization,married,no.schooling,with.disability,not.working,with.insurance,white
2018HU0382004,5,1,59303,3,0_9,f,not.in.labor.force,same.house,i.75000.99999,us.born,never,no.schooling,without.disability,not.working,with.insurance,white
2018HU0550838,5,2,59308,3,80_89,f,not.in.labor.force,same.house,i.0.9999,not.citizen,married,no.schooling,with.disability,not.working,with.insurance,asian
2018HU0933980,5,1,51020,3,60_69,m,civilian.employed,same.house,i.50000.64999,us.born,married,no.schooling,without.disability,self.employed.corp,with.insurance,white
2018HU1221202,5,2,51084,3,10_19,f,not.in.labor.force,same.house,i.0.9999,us.born,never,public,without.disability,not.working,with.insurance,white
2018HU0480169,5,1,51110,3,70_79,f,not.in.labor.force,same.house,i.0.9999,not.citizen,widowed,no.schooling,with.disability,not.working,with.insurance,white
2018HU0134578,5,1,51155,3,40_49,m,civilian.employed,same.house,i.15000.24999,not.citizen,married,no.schooling,without.disability,private.no.profit,with.insurance,white
2018HU0922436,5,1,4103,3,10_19,m,not.in.labor.force,same.house,i.75000.99999,us.born,never,public,without.disability,not.working,with.insurance,other
2018HU0196882,5,1,51090,3,20_29,f,civilian.employed,diff.us.house,i.15000.24999,us.born,never,no.schooling,without.disability,private.no.profit,with.insurance,white
2018HU0702349,5,1,51087,3,40_49,f,civilian.employed,same.house,i.75000.99999,naturalization,married,no.schooling,without.disability,private.profit,with.insurance,other
2018HU0263150,5,1,51097,3,40_49,m,civilian.employed,same.house,i.0.9999,naturalization,married,no.schooling,without.disability,self.employed.no.corp,without.insurance,asian
2018HU0652813,5,1,51245,3,0_9,f,not.in.labor.force,same.house,i.75000.99999,us.born,never,no.schooling,without.disability,not.working,with.insurance,white
2018HU0376966,5,1,51010,3,50_59,f,civilian.employed,same.house,i.10000.14999,us.born,married,no.schooling,without.disability,local,with.insurance,white
2018HU0714908,5,3,51089,3,30_39,f,civilian.employed,same.house,i.35000.49999,us.born,married,no.schooling,without.disability,local,with.insurance,white
2018HU1270631,5,2,51120,3,70_79,m,civilian.employed,same.house,i.0.9999,us.born,married,no.schooling,without.disability,local,with.insurance,white
2018HU0988418,5,1,51206,3,60_69,f,civilian.employed,same.house,i.25000.34999,naturalization,married,no.schooling,without.disability,private.profit,with.insurance,white
2018HU0544366,5,6,51090,3,0_9,f,not.in.labor.force,same.house,i.75000.99999,us.born,never,public,without.disability,not.working,with.insurance,white
2018HU1369291,5,1,4102,3,60_69,m,civilian.employed,same.house,i.10000.14999,naturalization,married,no.schooling,without.disability,state,with.insurance,asian
2018HU0049341,5,1,55002,3,40_49,f,civilian.employed,same.house,i.50000.64999,not.citizen,married,no.schooling,without.disability,private.profit,with.insurance,white
2018HU0572864,5,1,51096,3,30_39,f,civilian.employed,same.house,i.0.9999,not.citizen,married,no.schooling,without.disability,self.employed.no.corp,without.insurance,white
2018HU0257288,5,1,1301,3,0_9,f,not.in.labor.force,same.house,i.75000.99999,us.born,never,private,without.disability,not.working,with.insurance,two.
2018HU1219197,5,2,51175,3,50_59,f,not.in.labor.force,same.house,i.0.9999,us.born,married,no.schooling,without.disability,local,with.insurance,white
2018HU1030966,5,1,51246,3,70_79,f,not.in.labor.force,same.house,i.0.9999,naturalization,divorced,no.schooling,without.disability,not.working,with.insurance,white
2018HU0731753,5,1,51125,3,20_29,f,civilian.employed,same.house,i.10000.14999,naturalization,married,no.schooling,without.disability,private.profit,with.insurance,white
2018HU0340143,5,1,51040,3,50_59,m,civilian.employed,same.house,i.25000.34999,not.citizen,married,no.schooling,without.disability,private.profit,with.insurance,asian
2018HU1102877,5,1,59301,3,70_79,f,not.in.labor.force,same.house,i.0.9999,us.born,married,no.schooling,without.disability,not.working,with.insurance,white
2018HU1289335,5,2,59308,3,50_59,m,civilian.employed,same.house,i.75000.99999,us.born,married,no.schooling,with.disability,self.employed.corp,with.insurance,white
2018HU0630007,5,1,51154,3,30_39,f,civilian.employed,diff.us.house,i.50000.64999,us.born,married,no.schooling,without.disability,local,with.insurance,white
2018HU0206622,5,1,51120,3,50_59,f,not.in.labor.force,same.house,i.0.9999,naturalization,divorced,no.schooling,without.disability,not.working,with.insurance,white
2018HU0429835,5,3,51125,3,50_59,f,civilian.employed,same.house,i.0.9999,us.born,married,no.schooling,without.disability,private.profit,with.insurance,white
2018HU0173664,5,2,51215,3,50_59,m,civilian.employed,same.house,i.75000.99999,us.born,married,private,without.disability,private.profit,with.insurance,white
2018HU0268020,5,2,59307,3,50_59,f,not.in.labor.force,same.house,i.0.9999,abroad.born,married,no.schooling,without.disability,private.no.profit,with.insurance,white
2018HU0953696,5,4,51105,3,0_9,m,not.in.labor.force,same.house,i.75000.99999,us.born,never,no.schooling,without.disability,not.working,with.insurance,white
2018HU1125504,5,1,51245,3,50_59,m,civilian.employed,same.house,i.75000.99999,us.born,married,no.schooling,without.disability,private.profit,with.insurance,white
2018HU0196882,5,1,51044,3,20_29,f,civilian.employed,diff.us.house,i.15000.24999,us.born,never,no.schooling,without.disability,private.no.profit,without.insurance,white
2018HU0593695,5,1,59306,3,10_19,f,not.in.labor.force,same.house,i.75000.99999,naturalization,never,public,without.disability,not.working,with.insurance,two.
2018HU0034014,5,3,59306,3,30_39,f,not.in.labor.force,diff.us.house,i.0.9999,us.born,married,no.schooling,without.disability,private.profit,with.insurance,white
2018HU0085867,5,1,59301,3,50_59,f,civilian.employed,same.house,i.0.9999,us.born,married,no.schooling,without.disability,self.employed.no.corp,with.insurance,white
2018HU0631984,5,4,51165,3,10_19,f,not.in.labor.force,abroad.house,i.0.9999,abroad.born,never,public,without.disability,not.working,with.insurance,white
2018HU0375371,5,2,51164,3,50_59,m,not.in.labor.force,same.house,i.0.9999,naturalization,married,no.schooling,with.disability,not.working,with.insurance,white
2018HU0989574,5,6,51224,3,40_49,f,civilian.employed,same.house,i.75000.99999,us.born,married,no.schooling,without.disability,self.employed.corp,with.insurance,white
2018HU0048720,5,1,51095,3,50_59,m,civilian.employed,same.house,i.65000.74999,us.born,never,no.schooling,without.disability,local,with.insurance,white
2018HU1231422,5,1,51080,3,10_19,f,not.in.labor.force,same.house,i.75000.99999,us.born,never,public,without.disability,not.working,with.insurance,black
2018HU0638268,5,3,51090,3,0_9,f,not.in.labor.force,same.house,i.75000.99999,us.born,never,public,without.disability,not.working,with.insurance,white
2018HU1127346,5,1,51175,3,30_39,m,civilian.employed,same.house,i.75000.99999,us.born,married,no.schooling,without.disability,private.profit,with.insurance,asian
2018HU1130725,5,1,51080,3,60_69,m,not.in.labor.force,same.house,i.0.9999,us.born,never,no.schooling,with.disability,not.working,with.insurance,white
2018HU0337275,5,2,51155,3,0_9,f,not.in.labor.force,same.house,i.75000.99999,us.born,never,no.schooling,without.disability,not.working,without.insurance,two.
2018HU0381783,5,1,51224,3,50_59,f,civilian.employed,same.house,i.75000.99999,us.born,married,no.schooling,without.disability,private.profit,with.insurance,white
2018HU0916710,5,1,51135,3,20_29,f,civilian.employed,same.house,i.50000.64999,us.born,never,no.schooling,without.disability,private.profit,with.insurance,white
2018HU0572841,5,1,51110,3,40_49,m,civilian.employed,same.house,i.50000.64999,naturalization,married,no.schooling,without.disability,self.employed.corp,without.insurance,white
2018HU0890756,5,1,51020,3,0_9,f,not.in.labor.force,same.house,i.75000.99999,abroad.born,never,private,without.disability,not.working,with.insurance,white
2018HU0229660,5,1,59301,3,60_69,f,civilian.employed,same.house,i.75000.99999,us.born,married,no.schooling,without.disability,federal,with.insurance,white
2018HU1231422,5,1,51080,3,10_19,f,not.in.labor.force,same.house,i.75000.99999,us.born,never,public,without.disability,not.working,with.insurance,black
2018HU1223992,5,1,51010,3,50_59,m,civilian.employed,same.house,i.35000.49999,naturalization,married,no.schooling,without.disability,local,with.insurance,other
2018HU1226260,5,2,51020,3,60_69,f,not.in.labor.force,same.house,i.0.9999,us.born,never,no.schooling,without.disability,private.no.profit,with.insurance,white
2018HU0043070,5,1,51096,3,70_79,f,civilian.employed,same.house,i.75000.99999,naturalization,married,no.schooling,without.disability,self.employed.corp,with.insurance,asian
2018HU0434485,5,2,51040,3,10_19,m,not.in.labor.force,same.house,i.75000.99999,us.born,never,public,without.disability,not.working,with.insurance,white
2018HU0896224,5,3,51089,3,60_69,m,civilian.employed,same.house,i.0.9999,naturalization,married,no.schooling,with.disability,self.employed.no.corp,with.insurance,asian
2018HU0184935,5,1,59302,3,40_49,f,not.in.labor.force,same.house,i.0.9999,us.born,married,no.schooling,without.disability,not.working,with.insurance,black
2018HU0518705,5,1,4102,3,60_69,m,civilian.employed,same.house,i.65000.74999,us.born,married,no.schooling,without.disability,federal,with.insurance,white
2018HU0602975,5,2,51080,3,10_19,m,civilian.employed,same.house,i.0.9999,us.born,never,public,without.disability,private.profit,with.insurance,white
2018HU0686563,5,6,51244,3,30_39,f,civilian.employed,same.house,i.75000.99999,us.born,married,no.schooling,without.disability,private.no.profit,with.insurance,white
2018HU1158356,5,2,59302,3,10_19,m,not.in.labor.force,same.house,i.75000.99999,us.born,never,public,without.disability,not.working,without.insurance,asian
2018HU0014666,5,2,51110,3,60_69,f,not.in.labor.force,same.house,i.0.9999,us.born,widowed,no.schooling,with.disability,not.working,with.insurance,white
2018HU0034787,5,1,51215,3,50_59,m,civilian.employed,same.house,i.75000.99999,us.born,married,no.schooling,without.disability,private.profit,with.insurance,white
2018HU0908726,5,1,51110,3,0_9,f,not.in.labor.force,diff.us.house,i.75000.99999,us.born,never,no.schooling,without.disability,not.working,with.insurance,white
2018HU0354367,5,1,51235,3,70_79,m,civilian.employed,same.house,i.50000.64999,us.born,married,no.schooling,without.disability,self.employed.corp,with.insurance,white
2018HU1147036,5,3,51097,3,40_49,f,civilian.employed,same.house,i.65000.74999,us.born,never,no.schooling,without.disability,private.profit,with.insurance,black
2018HU0420888,5,1,51096,3,0_9,m,not.in.labor.force,same.house,i.75000.99999,us.born,never,private,without.disability,not.working,with.insurance,white
2018HU1156134,5,3,51246,3,50_59,f,civilian.employed,same.house,i.25000.34999,us.born,never,no.schooling,without.disability,private.profit,with.insurance,white
2018HU0415693,5,1,51080,3,60_69,m,civilian.employed,same.house,i.25000.34999,naturalization,never,no.schooling,with.disability,private.profit,with.insurance,white
2018HU1355104,5,1,51235,3,30_39,f,civilian.employed,diff.us.house,i.0.9999,not.citizen,never,no.schooling,without.disability,self.employed.no.corp,without.insurance,other
2018HU1106292,5,1,51085,3,50_59,m,civilian.employed,same.house,i.75000.99999,us.born,married,no.schooling,without.disability,private.profit,with.insurance,white
2018HU0531764,5,2,51084,3,30_39,m,civilian.employed,same.house,i.75000.99999,us.born,married,no.schooling,without.disability,private.profit,with.insurance,white
2018HU0652531,5,5,51115,3,30_39,f,civilian.employed,same.house,i.75000.99999,us.born,married,no.schooling,without.disability,private.profit,with.insurance,asian
2018HU0215899,5,1,51145,3,0_9,m,not.in.labor.force,same.house,i.75000.99999,us.born,never,no.schooling,without.disability,not.working,with.insurance,white
2018HU0807537,5,1,51080,3,20_29,f,civilian.employed,same.house,i.15000.24999,naturalization,never,public,without.disability,state,with.insurance,white
2018HU1060415,5,1,51090,3,70_79,m,not.in.labor.force,same.house,i.0.9999,us.born,widowed,no.schooling,without.disability,local,with.insurance,white
2018HU1150853,5,2,51246,3,30_39,f,civilian.employed,same.house,i.15000.24999,us.born,never,public,without.disability,local,with.insurance,white
2018HU0783267,5,4,51087,3,70_79,m,not.in.labor.force,same.house,i.0.9999,naturalization,married,no.schooling,without.disability,self.employed.no.corp,with.insurance,asian
2018HU0416926,5,1,51186,3,50_59,f,civilian.employed,same.house,i.75000.99999,us.born,married,no.schooling,without.disability,private.no.profit,with.insurance,white
2018GQ0064970,5,1,51080,3,10_19,f,not.in.labor.force,same.house,i.0.9999,us.born,never,public,without.disability,private.profit,with.insurance,white
2018HU1171365,5,1,51206,3,60_69,m,civilian.employed,same.house,i.25000.34999,naturalization,married,no.schooling,without.disability,self.employed.corp,with.insurance,other
2018HU0300321,5,2,51167,3,20_29,m,civilian.employed,same.house,i.15000.24999,us.born,never,private,without.disability,private.profit,with.insurance,other
2018HU0840518,5,1,51154,3,80_89,f,not.in.labor.force,same.house,i.0.9999,us.born,married,no.schooling,without.disability,not.working,with.insurance,white
2018HU0538169,5,4,51095,3,10_19,f,not.in.labor.force,same.house,i.0.9999,us.born,never,public,without.disability,self.employed.no.corp,with.insurance,white
2018HU1089851,5,3,51145,3,70_79,m,civilian.employed,same.house,i.75000.99999,us.born,married,no.schooling,without.disability,private.no.profit,with.insurance,white
2018HU1132222,5,1,51175,3,40_49,m,civilian.employed,same.house,i.75000.99999,us.born,separated,no.schooling,without.disability,private.profit,with.insurance,white
2018HU0175859,5,5,10703,3,30_39,m,civilian.employed,same.house,i.10000.14999,us.born,never,no.schooling,without.disability,private.profit,with.insurance,white
2018HU0556610,5,1,51110,3,60_69,m,civilian.employed,same.house,i.75000.99999,us.born,married,no.schooling,without.disability,self.employed.no.corp,with.insurance,white
2018HU0995296,5,3,51120,3,10_19,f,not.in.labor.force,same.house,i.75000.99999,us.born,never,public,without.disability,not.working,with.insurance,white
2018HU0426956,5,1,51045,3,60_69,m,not.in.labor.force,same.house,i.0.9999,us.born,married,no.schooling,with.disability,not.working,with.insurance,white
2018HU0207057,5,2,51020,3,10_19,f,not.in.labor.force,same.house,i.0.9999,us.born,never,private,without.disability,not.working,with.insurance,white
2018HU1081173,5,1,51097,3,50_59,m,civilian.employed,same.house,i.75000.99999,us.born,never,no.schooling,without.disability,private.profit,with.insurance,white
2018HU0954719,5,1,51097,3,10_19,f,not.in.labor.force,same.house,i.75000.99999,us.born,never,public,without.disability,not.working,with.insurance,white
2018HU0270326,5,4,51245,3,0_9,m,not.in.labor.force,same.house,i.75000.99999,us.born,never,private,without.disability,not.working,with.insurance,white
2018HU0022902,5,1,51096,3,60_69,f,civilian.employed,same.house,i.75000.99999,us.born,married,no.schooling,without.disability,private.no.profit,with.insurance,white
2018HU0755781,5,1,51096,3,10_19,m,not.in.labor.force,same.house,i.0.9999,us.born,never,public,without.disability,not.working,with.insurance,asian
2018HU0690480,5,5,51246,3,20_29,f,not.in.labor.force,same.house,i.0.9999,naturalization,married,no.schooling,without.disability,not.working,with.insurance,white
2018HU0755241,5,1,51097,3,10_19,f,not.in.labor.force,diff.us.house,i.75000.99999,us.born,never,public,without.disability,not.working,with.insurance,white
2018HU1224102,5,1,51097,3,70_79,f,civilian.employed,same.house,i.15000.24999,us.born,widowed,no.schooling,without.disability,local,with.insurance,black
2018HU0940170,5,1,51135,3,40_49,m,civilian.employed,same.house,i.75000.99999,naturalization,married,no.schooling,without.disability,self.employed.corp,with.insurance,asian
2018HU0047948,5,1,51120,3,70_79,f,civilian.employed,same.house,i.0.9999,us.born,divorced,no.schooling,with.disability,self.employed.no.corp,with.insurance,white
2018HU0207877,5,3,51020,3,20_29,m,armed.forces,same.house,i.75000.99999,us.born,married,no.schooling,without.disability,federal,with.insurance,white
2018HU0283246,5,1,59308,3,40_49,f,not.in.labor.force,diff.us.house,i.0.9999,us.born,married,no.schooling,without.disability,not.working,with.insurance,white
2018HU1014625,5,2,51097,3,20_29,f,civilian.employed,same.house,i.15000.24999,us.born,never,public,without.disability,private.profit,with.insurance,white
2018HU0880389,5,1,51040,3,40_49,m,civilian.employed,same.house,i.75000.99999,naturalization,married,no.schooling,without.disability,federal,with.insurance,asian
2018HU1297853,5,1,51080,3,30_39,f,civilian.employed,same.house,i.75000.99999,us.born,married,no.schooling,without.disability,private.profit,with.insurance,asian
2018HU1275505,5,1,51155,3,10_19,f,not.in.labor.force,same.house,i.0.9999,us.born,never,private,without.disability,not.working,with.insurance,white
2018HU0430928,5,1,51040,3,60_69,m,civilian.employed,same.house,i.75000.99999,us.born,married,no.schooling,without.disability,private.profit,with.insurance,white
2018HU0191103,5,3,59307,3,10_19,f,not.in.labor.force,same.house,i.75000.99999,us.born,never,public,without.disability,not.working,with.insurance,white
2018HU1399658,5,2,10701,3,70_79,f,not.in.labor.force,same.house,i.0.9999,us.born,married,no.schooling,without.disability,not.working,with.insurance,white
2018HU0986081,5,2,59308,3,20_29,f,civilian.employed,same.house,i.35000.49999,naturalization,married,private,without.disability,private.profit,with.insurance,white
2018HU0499546,5,2,51164,3,70_79,m,not.in.labor.force,same.house,i.0.9999,not.citizen,married,no.schooling,without.disability,not.working,without.insurance,white
2018HU0360746,5,3,51246,3,80_89,m,not.in.labor.force,same.house,i.0.9999,us.born,married,no.schooling,with.disability,not.working,with.insurance,white
2018HU1317956,5,2,51225,3,40_49,f,civilian.employed,same.house,i.15000.24999,not.citizen,married,no.schooling,without.disability,private.profit,with.insurance,black
2018HU0357346,5,3,4103,3,20_29,f,not.in.labor.force,same.house,i.35000.49999,us.born,never,public,without.disability,private.profit,with.insurance,white
2018HU1338777,5,2,51154,3,0_9,m,not.in.labor.force,same.house,i.75000.99999,us.born,never,no.schooling,without.disability,not.working,with.insurance,white
2018HU0063393,5,2,51105,3,60_69,f,not.in.labor.force,same.house,i.0.9999,naturalization,married,no.schooling,without.disability,not.working,with.insurance,white
2018HU0849547,5,1,51080,3,40_49,f,civilian.employed,same.house,i.75000.99999,us.born,divorced,no.schooling,without.disability,private.profit,with.insurance,white
2018HU0196882,5,1,51090,3,20_29,f,civilian.employed,diff.us.house,i.15000.24999,us.born,never,no.schooling,without.disability,private.no.profit,with.insurance,white
2018HU0580539,5,2,51040,3,10_19,f,civilian.employed,same.house,i.0.9999,us.born,never,public,without.disability,private.profit,with.insurance,white
2018HU0621237,5,1,51206,3,60_69,m,civilian.employed,same.house,i.75000.99999,us.born,married,no.schooling,without.disability,private.profit,with.insurance,white
2018HU0775042,5,3,51087,3,20_29,f,not.in.labor.force,same.house,i.0.9999,us.born,never,public,without.disability,state,with.insurance,white
2018HU0132011,5,1,51154,3,30_39,m,civilian.employed,same.house,i.75000.99999,us.born,married,no.schooling,without.disability,private.profit,with.insurance,white
2018HU0896815,5,1,59303,3,0_9,f,not.in.labor.force,same.house,i.75000.99999,us.born,never,public,without.disability,not.working,with.insurance,other
2018HU0822918,5,1,51115,3,80_89,m,not.in.labor.force,same.house,i.0.9999,us.born,married,no.schooling,without.disability,not.working,with.insurance,white
2018HU0754577,5,1,55002,3,10_19,m,not.in.labor.force,same.house,i.75000.99999,us.born,never,public,without.disability,not.working,with.insurance,white
2018HU0163367,5,1,51155,3,0_9,f,not.in.labor.force,same.house,i.75000.99999,us.born,never,public,without.disability,not.working,with.insurance,white
2018HU1131865,5,1,59303,3,0_9,m,not.in.labor.force,same.house,i.75000.99999,us.born,never,public,without.disability,not.working,with.insurance,white
2018HU1120065,5,1,51085,3,0_9,f,not.in.labor.force,same.house,i.75000.99999,us.born,never,no.schooling,without.disability,not.working,with.insurance,white
2018HU0797732,5,4,51045,3,50_59,f,not.in.labor.force,same.house,i.0.9999,us.born,married,no.schooling,without.disability,not.working,with.insurance,white
2018HU0623942,5,2,51120,3,10_19,f,not.in.labor.force,same.house,i.75000.99999,us.born,never,private,without.disability,not.working,with.insurance,white
2018HU0638221,5,1,51145,3,40_49,m,civilian.employed,same.house,i.65000.74999,naturalization,never,public,without.disability,private.profit,with.insurance,black
2018HU1113191,5,1,51175,3,30_39,f,unemployed,same.house,i.0.9999,naturalization,never,private,without.disability,private.profit,with.insurance,asian
2018HU1287090,5,1,51045,3,40_49,f,civilian.employed,same.house,i.0.9999,us.born,married,no.schooling,without.disability,self.employed.no.corp,with.insurance,white
2018HU1232040,5,1,51224,3,30_39,m,civilian.employed,same.house,i.75000.99999,us.born,never,no.schooling,without.disability,federal,with.insurance,white
2018HU1002169,5,3,51010,3,10_19,m,not.in.labor.force,same.house,i.0.9999,us.born,never,public,without.disability,private.profit,with.insurance,asian
2018HU1252358,5,3,51010,3,30_39,f,civilian.employed,same.house,i.35000.49999,abroad.born,never,no.schooling,without.disability,private.no.profit,with.insurance,white
2018HU0168118,5,1,51155,3,50_59,m,civilian.employed,same.house,i.75000.99999,us.born,married,no.schooling,with.disability,private.no.profit,with.insurance,white
2018HU0320235,5,1,51125,3,80_89,m,not.in.labor.force,same.house,i.0.9999,us.born,widowed,no.schooling,with.disability,not.working,with.insurance,white
2018HU1046452,5,2,51044,3,50_59,m,civilian.employed,same.house,i.75000.99999,not.citizen,divorced,no.schooling,with.disability,private.profit,with.insurance,white
2018HU0696121,5,4,59301,3,20_29,f,civilian.employed,same.house,i.50000.64999,us.born,never,no.schooling,without.disability,private.profit,with.insurance,white
2018HU0078643,5,1,51135,3,0_9,m,not.in.labor.force,diff.us.house,i.75000.99999,us.born,never,private,without.disability,not.working,with.insurance,asian
2018HU0735123,5,1,51125,3,30_39,f,civilian.employed,same.house,i.25000.34999,us.born,divorced,no.schooling,without.disability,private.profit,without.insurance,white
2018HU0230287,5,1,51245,3,80_89,f,not.in.labor.force,same.house,i.0.9999,us.born,widowed,no.schooling,with.disability,not.working,with.insurance,white
2018HU1275505,5,1,4101,3,60_69,m,civilian.employed,same.house,i.75000.99999,us.born,married,no.schooling,without.disability,self.employed.corp,with.insurance,white
2018HU0561376,5,4,51154,3,60_69,f,civilian.employed,same.house,i.75000.99999,us.born,married,no.schooling,without.disability,private.profit,with.insurance,white
2018HU0906202,5,1,51095,3,0_9,m,not.in.labor.force,same.house,i.75000.99999,us.born,never,no.schooling,without.disability,not.working,with.insurance,white
2018HU0703570,5,3,51020,3,60_69,m,not.in.labor.force,same.house,i.0.9999,naturalization,separated,no.schooling,with.disability,self.employed.no.corp,with.insurance,black
2018HU0727415,5,1,59306,3,60_69,m,civilian.employed,same.house,i.75000.99999,us.born,never,no.schooling,without.disability,private.profit,with.insurance,white
2018HU0547091,5,2,55002,3,70_79,m,civilian.employed,same.house,i.65000.74999,us.born,married,no.schooling,with.disability,private.profit,with.insurance,white
2018HU0637830,5,1,51096,3,30_39,f,not.in.labor.force,same.house,i.0.9999,not.citizen,married,no.schooling,without.disability,private.no.profit,with.insurance,asian
2018HU0418908,5,2,51165,3,0_9,m,not.in.labor.force,same.house,i.75000.99999,us.born,never,no.schooling,without.disability,not.working,with.insurance,white
2018HU0860603,5,2,51080,3,30_39,m,civilian.employed,same.house,i.75000.99999,us.born,married,no.schooling,without.disability,federal,with.insurance,white
2018HU0827627,5,4,51175,3,70_79,m,not.in.labor.force,same.house,i.0.9999,us.born,never,no.schooling,without.disability,not.working,with.insurance,white
2018HU1378181,5,1,51255,3,70_79,f,not.in.labor.force,same.house,i.0.9999,us.born,married,no.schooling,without.disability,not.working,with.insurance,white
2018HU0183264,5,1,59308,3,60_69,m,civilian.employed,same.house,i.65000.74999,us.born,married,no.schooling,without.disability,federal,with.insurance,white
2018HU0817842,5,1,51040,3,70_79,m,not.in.labor.force,same.house,i.0.9999,us.born,married,no.schooling,with.disability,not.working,with.insurance,white
2018HU1246099,5,1,51120,3,10_19,m,not.in.labor.force,same.house,i.0.9999,us.born,never,private,without.disability,not.working,with.insurance,white
2018HU0863561,5,1,51097,3,80_89,m,not.in.labor.force,same.house,i.0.9999,us.born,married,no.schooling,with.disability,not.working,with.insurance,white
2018HU1031774,5,1,51044,3,10_19,m,not.in.labor.force,same.house,i.75000.99999,us.born,never,public,without.disability,not.working,with.insurance,white
2018HU0601837,5,3,51244,3,20_29,f,civilian.employed,diff.us.house,i.15000.24999,us.born,married,no.schooling,without.disability,private.profit,with.insurance,two.
2018HU1243291,5,2,51085,3,60_69,f,not.in.labor.force,same.house,i.0.9999,naturalization,widowed,no.schooling,without.disability,not.working,without.insurance,two.
2018HU0829561,5,3,51080,3,40_49,m,civilian.employed,same.house,i.10000.14999,not.citizen,married,no.schooling,without.disability,private.profit,with.insurance,white
2018HU0866740,5,1,51095,3,10_19,m,not.in.labor.force,same.house,i.75000.99999,us.born,never,public,with.disability,not.working,with.insurance,white
2018HU0340913,5,2,51105,3,60_69,m,not.in.labor.force,same.house,i.0.9999,us.born,never,no.schooling,without.disability,private.profit,with.insurance,white
2018HU0466650,5,2,51095,3,0_9,f,not.in.labor.force,same.house,i.75000.99999,us.born,never,public,without.disability,not.working,with.insurance,white
2018HU0498307,5,1,51040,3,40_49,f,not.in.labor.force,same.house,i.0.9999,us.born,married,no.schooling,without.disability,not.working,with.insurance,white
2018HU0622408,5,5,51224,3,40_49,f,civilian.employed,same.house,i.75000.99999,us.born,divorced,no.schooling,with.disability,local,with.insurance,white
2018HU0193753,5,1,51105,3,0_9,f,not.in.labor.force,same.house,i.75000.99999,us.born,never,public,without.disability,not.working,with.insurance,white
2018HU0014143,5,1,51045,3,0_9,m,not.in.labor.force,same.house,i.75000.99999,us.born,never,public,without.disability,not.working,with.insurance,black
2018HU0098850,5,1,51186,3,50_59,f,civilian.employed,same.house,i.65000.74999,naturalization,separated,no.schooling,without.disability,private.no.profit,with.insurance,asian
2018HU1012158,5,1,1301,3,0_9,m,not.in.labor.force,same.house,i.75000.99999,us.born,never,private,without.disability,not.working,with.insurance,white
2018HU0322783,5,1,51096,3,10_19,m,not.in.labor.force,same.house,i.0.9999,naturalization,never,public,without.disability,not.working,with.insurance,white
2018HU0332356,5,1,51045,3,70_79,m,not.in.labor.force,same.house,i.0.9999,us.born,married,no.schooling,with.disability,not.working,with.insurance,white
2018HU0504996,5,1,51154,3,30_39,m,civilian.employed,same.house,i.75000.99999,us.born,divorced,no.schooling,with.disability,private.profit,with.insurance,white
2018HU0150849,5,3,59302,3,40_49,m,civilian.employed,diff.us.house,i.75000.99999,naturalization,married,no.schooling,without.disability,private.profit,with.insurance,asian
2018HU0158668,5,1,59301,3,50_59,m,civilian.employed,same.house,i.75000.99999,us.born,married,no.schooling,without.disability,federal,with.insurance,white
2018HU0505638,5,1,55001,3,50_59,m,civilian.employed,same.house,i.75000.99999,naturalization,married,no.schooling,without.disability,self.employed.corp,with.insurance,asian
2018HU0317519,5,2,51097,3,20_29,m,civilian.employed,same.house,i.35000.49999,us.born,never,no.schooling,without.disability,private.profit,with.insurance,asian
2018HU0009741,5,2,51224,3,20_29,f,civilian.employed,same.house,i.75000.99999,us.born,never,no.schooling,without.disability,private.profit,with.insurance,white
2018HU1031774,5,3,59303,3,40_49,m,civilian.employed,same.house,i.75000.99999,us.born,married,no.schooling,without.disability,private.profit,with.insurance,white
2018HU1004277,5,1,51105,3,40_49,f,civilian.employed,same.house,i.75000.99999,us.born,married,no.schooling,without.disability,private.no.profit,with.insurance,white
2018HU0134946,5,1,51010,3,50_59,f,civilian.employed,same.house,i.75000.99999,us.born,never,no.schooling,without.disability,federal,with.insurance,white
2018HU1325165,5,1,59303,3,30_39,f,civilian.employed,same.house,i.0.9999,not.citizen,never,no.schooling,without.disability,private.profit,with.insurance,asian
2018HU0021205,5,1,51096,3,60_69,f,civilian.employed,same.house,i.0.9999,naturalization,divorced,no.schooling,without.disability,private.profit,with.insurance,asian
2018HU0038691,5,2,59305,3,30_39,f,civilian.employed,same.house,i.75000.99999,us.born,married,no.schooling,without.disability,private.profit,with.insurance,white
2018HU0253355,5,4,51010,3,70_79,f,not.in.labor.force,same.house,i.0.9999,naturalization,widowed,no.schooling,without.disability,private.profit,with.insurance,asian
2018HU0497165,5,1,4102,3,30_39,m,civilian.employed,diff.us.house,i.75000.99999,us.born,never,no.schooling,without.disability,private.profit,with.insurance,white
2018HU0481222,5,3,1301,3,60_69,f,civilian.employed,same.house,i.35000.49999,us.born,married,no.schooling,without.disability,private.profit,with.insurance,white
2018HU1046684,5,1,51090,3,60_69,m,civilian.employed,same.house,i.25000.34999,naturalization,married,no.schooling,without.disability,private.profit,with.insurance,asian
2018HU1291891,5,2,10701,3,40_49,f,civilian.employed,same.house,i.10000.14999,naturalization,divorced,no.schooling,without.disability,private.profit,without.insurance,white
2018HU0754577,5,1,51235,3,40_49,m,civilian.employed,same.house,i.75000.99999,naturalization,married,no.schooling,without.disability,federal,without.insurance,white
2018HU0249978,5,1,51235,3,10_19,m,not.in.labor.force,same.house,i.0.9999,not.citizen,never,public,without.disability,not.working,with.insurance,other
2018HU0645253,5,2,51097,3,50_59,m,civilian.employed,diff.us.house,i.35000.49999,us.born,never,no.schooling,without.disability,private.profit,without.insurance,white
2018HU0622408,5,1,51244,3,30_39,f,civilian.employed,same.house,i.75000.99999,us.born,never,no.schooling,without.disability,private.profit,with.insurance,white
2018HU0059144,5,2,51020,3,30_39,f,civilian.employed,same.house,i.50000.64999,us.born,married,no.schooling,without.disability,private.profit,with.insurance,white
2018HU0255297,5,1,59305,3,0_9,f,not.in.labor.force,same.house,i.75000.99999,us.born,never,no.schooling,without.disability,not.working,with.insurance,asian
2018HU1309210,5,2,59303,3,40_49,f,civilian.employed,same.house,i.25000.34999,not.citizen,married,no.schooling,without.disability,private.profit,with.insurance,other
2018HU0327636,5,1,51089,3,60_69,f,unemployed,same.house,i.0.9999,not.citizen,divorced,no.schooling,without.disability,private.profit,without.insurance,black
2018HU0937354,5,1,51215,3,50_59,f,civilian.employed,same.house,i.75000.99999,us.born,married,no.schooling,without.disability,private.profit,with.insurance,white
2018HU0331006,5,1,51090,3,10_19,f,not.in.labor.force,same.house,i.75000.99999,us.born,never,public,without.disability,not.working,with.insurance,white
2018HU0997738,5,1,51215,3,50_59,f,not.in.labor.force,same.house,i.0.9999,us.born,married,no.schooling,without.disability,not.working,with.insurance,white
2018HU0799104,5,1,51096,3,20_29,f,not.in.labor.force,same.house,i.0.9999,not.citizen,married,no.schooling,without.disability,not.working,without.insurance,other
2018HU0385886,5,2,51097,3,60_69,f,not.in.labor.force,same.house,i.0.9999,not.citizen,widowed,no.schooling,without.disability,private.profit,with.insurance,white
2018HU1177224,5,1,51165,3,30_39,f,civilian.employed,same.house,i.65000.74999,naturalization,married,no.schooling,without.disability,local,with.insurance,asian
2018HU1076448,5,1,51135,3,80_89,m,not.in.labor.force,same.house,i.0.9999,us.born,married,no.schooling,with.disability,not.working,with.insurance,white
2018HU0704766,5,1,51135,3,20_29,f,civilian.employed,same.house,i.75000.99999,us.born,married,no.schooling,without.disability,private.profit,with.insurance,white
2018HU0679183,5,2,51115,3,50_59,f,civilian.employed,same.house,i.50000.64999,us.born,married,no.schooling,without.disability,private.profit,with.insurance,black
2018HU0690637,5,3,59305,3,20_29,f,civilian.employed,same.house,i.0.9999,us.born,never,public,without.disability,private.profit,with.insurance,white
2018HU0812628,5,4,51110,3,50_59,f,not.in.labor.force,same.house,i.0.9999,naturalization,married,no.schooling,without.disability,not.working,with.insurance,asian
2018HU1110764,5,5,51167,3,0_9,m,not.in.labor.force,same.house,i.75000.99999,us.born,never,no.schooling,without.disability,not.working,with.insurance,two.
2018HU1050425,5,5,51154,3,50_59,f,civilian.employed,same.house,i.50000.64999,us.born,divorced,no.schooling,without.disability,private.no.profit,with.insurance,white
2018HU0348422,5,1,51080,3,10_19,m,not.in.labor.force,same.house,i.0.9999,us.born,never,public,without.disability,not.working,with.insurance,white
2018HU0354436,5,1,51097,3,20_29,m,civilian.employed,same.house,i.0.9999,us.born,never,public,without.disability,local,with.insurance,black
2018HU0591437,5,2,51105,3,30_39,m,civilian.employed,diff.us.house,i.75000.99999,us.born,married,no.schooling,without.disability,private.no.profit,without.insurance,white
2018HU1265150,5,2,51164,3,50_59,m,not.in.labor.force,abroad.house,i.0.9999,not.citizen,married,no.schooling,without.disability,private.profit,without.insurance,white
2018HU0163552,5,1,51154,3,70_79,f,civilian.employed,same.house,i.75000.99999,naturalization,never,no.schooling,without.disability,private.no.profit,with.insurance,black
2018HU0042057,5,2,51186,3,0_9,m,not.in.labor.force,same.house,i.75000.99999,us.born,never,public,without.disability,not.working,with.insurance,white
2018HU0530743,5,2,51084,3,10_19,f,not.in.labor.force,same.house,i.75000.99999,us.born,never,public,without.disability,not.working,without.insurance,white
2018HU1042418,5,2,51215,3,10_19,f,not.in.labor.force,same.house,i.75000.99999,abroad.born,never,public,without.disability,not.working,with.insurance,white
2018HU0020439,5,1,51096,3,30_39,f,civilian.employed,same.house,i.50000.64999,us.born,married,no.schooling,without.disability,private.profit,with.insurance,white
2018HU1276836,5,1,51095,3,10_19,f,civilian.employed,diff.us.house,i.10000.14999,us.born,never,public,without.disability,private.profit,with.insurance,two.
2018HU0359986,5,2,10701,3,60_69,m,civilian.employed,same.house,i.75000.99999,us.born,married,no.schooling,without.disability,private.profit,with.insurance,white
2018HU0854550,5,1,51206,3,20_29,m,unemployed,diff.us.house,i.0.9999,us.born,never,no.schooling,without.disability,private.no.profit,with.insurance,asian
2018HU1399905,5,4,10701,3,70_79,m,not.in.labor.force,same.house,i.0.9999,us.born,married,no.schooling,without.disability,not.working,with.insurance,white
2018HU1133578,5,2,51135,3,50_59,m,civilian.employed,same.house,i.75000.99999,us.born,married,no.schooling,without.disability,private.profit,with.insurance,white
2018HU0441878,5,1,51164,3,70_79,m,not.in.labor.force,same.house,i.0.9999,us.born,married,no.schooling,without.disability,not.working,with.insurance,white
2018HU1197970,5,2,51245,3,20_29,m,civilian.employed,same.house,i.0.9999,us.born,never,no.schooling,without.disability,private.profit,without.insurance,two.
2018HU0430931,5,3,4101,3,10_19,f,not.in.labor.force,same.house,i.75000.99999,us.born,never,public,without.disability,not.working,with.insurance,asian
2018HU1173098,5,2,51045,3,40_49,f,civilian.employed,same.house,i.75000.99999,us.born,married,no.schooling,with.disability,federal,with.insurance,asian
2018HU0685777,5,1,51087,3,40_49,m,civilian.employed,same.house,i.35000.49999,us.born,never,no.schooling,without.disability,private.profit,with.insurance,black
2018HU0859533,5,2,55001,3,20_29,m,civilian.employed,same.house,i.35000.49999,us.born,never,no.schooling,without.disability,private.profit,with.insurance,white
2018HU0071277,5,4,10701,3,30_39,f,civilian.employed,same.house,i.75000.99999,us.born,never,no.schooling,without.disability,private.profit,with.insurance,other
2018HU0258365,5,1,51105,3,50_59,f,civilian.employed,same.house,i.65000.74999,us.born,married,no.schooling,without.disability,private.no.profit,with.insurance,white
2018HU0382091,5,1,51105,3,60_69,f,civilian.employed,same.house,i.75000.99999,us.born,divorced,no.schooling,without.disability,private.profit,with.insurance,white
2018HU1398817,5,1,51097,3,20_29,f,civilian.employed,same.house,i.35000.49999,not.citizen,never,no.schooling,without.disability,state,with.insurance,asian
2018HU0439161,5,1,51045,3,60_69,m,civilian.employed,same.house,i.50000.64999,naturalization,married,no.schooling,without.disability,private.profit,with.insurance,white
2018HU0401299,5,1,51090,3,30_39,f,civilian.employed,diff.us.house,i.35000.49999,us.born,married,no.schooling,without.disability,private.no.profit,with.insurance,white
2018HU0961415,5,4,51087,3,60_69,m,not.in.labor.force,same.house,i.0.9999,us.born,married,no.schooling,without.disability,federal,with.insurance,white
2018HU1077347,5,1,51040,3,0_9,f,not.in.labor.force,same.house,i.75000.99999,us.born,never,private,without.disability,not.working,with.insurance,white
2018HU0256258,5,2,51145,3,40_49,f,civilian.employed,same.house,i.50000.64999,naturalization,never,no.schooling,without.disability,private.profit,with.insurance,asian
2018HU1183580,5,2,51135,3,40_49,m,civilian.employed,same.house,i.75000.99999,us.born,never,no.schooling,without.disability,private.profit,with.insurance,white
2018HU0703412,5,3,51085,3,50_59,m,civilian.employed,same.house,i.75000.99999,us.born,married,no.schooling,without.disability,private.profit,with.insurance,white
2018HU0975658,5,2,59301,3,50_59,m,civilian.employed,same.house,i.50000.64999,us.born,married,no.schooling,without.disability,self.employed.corp,with.insurance,white
2018HU0071151,5,1,51045,3,40_49,f,civilian.employed,same.house,i.75000.99999,not.citizen,married,no.schooling,without.disability,private.no.profit,with.insurance,white
2018HU0307865,5,3,51225,3,10_19,m,not.in.labor.force,same.house,i.0.9999,naturalization,never,public,without.disability,not.working,with.insurance,white
2018HU0385886,5,3,51167,3,20_29,m,civilian.employed,same.house,i.50000.64999,us.born,never,no.schooling,without.disability,private.profit,with.insurance,white
2018HU1047568,5,1,51235,3,60_69,f,civilian.employed,same.house,i.75000.99999,us.born,married,no.schooling,without.disability,federal,with.insurance,black
2018HU1148101,5,5,51135,3,0_9,m,not.in.labor.force,same.house,i.75000.99999,us.born,never,no.schooling,without.disability,not.working,with.insurance,white
2018HU1125547,5,1,51097,3,20_29,m,civilian.employed,same.house,i.10000.14999,us.born,never,no.schooling,without.disability,private.profit,with.insurance,white
2018HU1353517,5,1,10701,3,20_29,f,civilian.employed,same.house,i.35000.49999,us.born,never,no.schooling,without.disability,private.no.profit,with.insurance,black
2018HU0480850,5,1,51186,3,20_29,f,civilian.employed,diff.us.house,i.0.9999,not.citizen,never,no.schooling,without.disability,private.profit,without.insurance,asian
2018HU1047861,5,1,51225,3,30_39,m,civilian.employed,same.house,i.25000.34999,naturalization,married,no.schooling,without.disability,private.profit,with.insurance,asian
2018HU1264081,5,1,51080,3,40_49,m,civilian.employed,same.house,i.0.9999,naturalization,divorced,no.schooling,without.disability,self.employed.no.corp,without.insurance,white
2018HU0275657,5,1,51120,3,10_19,f,not.in.labor.force,same.house,i.0.9999,us.born,never,public,without.disability,not.working,with.insurance,white
2018HU0209992,5,1,51120,3,50_59,f,civilian.employed,same.house,i.15000.24999,us.born,never,no.schooling,without.disability,self.employed.no.corp,with.insurance,white
2018HU0310356,5,1,51040,3,60_69,f,civilian.employed,diff.us.house,i.0.9999,us.born,never,no.schooling,without.disability,self.employed.no.corp,with.insurance,white
2018HU0197863,5,1,51105,3,0_9,m,not.in.labor.force,same.house,i.75000.99999,us.born,never,no.schooling,without.disability,not.working,with.insurance,white
2018HU0647638,5,1,51105,3,60_69,m,civilian.employed,same.house,i.65000.74999,naturalization,married,no.schooling,without.disability,self.employed.corp,with.insurance,asian
2018HU0464592,5,1,51165,3,30_39,m,civilian.employed,diff.us.house,i.75000.99999,us.born,never,no.schooling,without.disability,private.profit,with.insurance,white
2018HU0112362,5,1,51020,3,60_69,m,not.in.labor.force,same.house,i.0.9999,us.born,married,no.schooling,without.disability,not.working,with.insurance,white
2018HU1341187,5,1,51125,3,50_59,f,civilian.employed,same.house,i.75000.99999,naturalization,married,no.schooling,without.disability,federal,with.insurance,white
2018HU0257288,5,2,55002,3,0_9,m,not.in.labor.force,same.house,i.75000.99999,us.born,never,public,without.disability,not.working,with.insurance,two.
2018HU1270631,5,3,51120,3,80_89,f,not.in.labor.force,same.house,i.0.9999,us.born,married,no.schooling,with.disability,not.working,with.insurance,white
2018HU0827829,5,2,4101,3,30_39,f,not.in.labor.force,abroad.house,i.0.9999,not.citizen,married,no.schooling,without.disability,federal,with.insurance,white
2018HU1209935,5,1,51089,3,70_79,f,not.in.labor.force,same.house,i.0.9999,us.born,married,no.schooling,with.disability,not.working,with.insurance,white
2018HU0728688,5,1,59308,3,10_19,f,not.in.labor.force,same.house,i.75000.99999,us.born,never,private,without.disability,not.working,with.insurance,white
2018HU0357574,5,1,51045,3,60_69,f,not.in.labor.force,same.house,i.0.9999,naturalization,married,no.schooling,without.disability,not.working,with.insurance,asian
2018GQ0145888,5,6,51097,3,20_29,m,civilian.employed,diff.us.house,i.0.9999,us.born,never,no.schooling,without.disability,private.profit,without.insurance,black
2018HU0003369,5,1,51087,3,60_69,f,civilian.employed,same.house,i.35000.49999,naturalization,married,no.schooling,without.disability,private.profit,with.insurance,asian
2018HU0255219,5,4,51135,3,0_9,f,not.in.labor.force,same.house,i.75000.99999,abroad.born,never,private,without.disability,not.working,with.insurance,asian
2018HU0050258,5,1,51175,3,50_59,m,civilian.employed,same.house,i.75000.99999,naturalization,married,no.schooling,without.disability,federal,with.insurance,asian
2018HU0131486,5,1,51165,3,30_39,m,civilian.employed,same.house,i.65000.74999,us.born,married,no.schooling,without.disability,private.profit,with.insurance,two.
2018HU1178369,5,2,51224,3,20_29,m,civilian.employed,same.house,i.25000.34999,not.citizen,never,no.schooling,without.disability,private.profit,without.insurance,white
2018HU1364092,5,1,55002,3,40_49,f,civilian.employed,same.house,i.75000.99999,us.born,married,no.schooling,without.disability,federal,with.insurance,asian
2018HU0207954,5,2,51105,3,50_59,m,civilian.employed,same.house,i.75000.99999,us.born,married,no.schooling,without.disability,federal,with.insurance,white
2018HU0236941,5,1,51090,3,40_49,f,civilian.employed,same.house,i.35000.49999,naturalization,married,no.schooling,without.disability,private.profit,with.insurance,asian
2018HU1366444,5,4,59308,3,0_9,f,not.in.labor.force,same.house,i.75000.99999,us.born,never,public,without.disability,not.working,with.insurance,two.
2018HU0842253,5,1,51080,3,50_59,f,civilian.employed,same.house,i.35000.49999,naturalization,never,no.schooling,without.disability,private.no.profit,with.insurance,asian
2018HU0808896,5,1,51215,3,0_9,m,not.in.labor.force,same.house,i.75000.99999,us.born,never,public,without.disability,not.working,with.insurance,black
2018HU0918779,5,1,59305,3,0_9,f,not.in.labor.force,same.house,i.75000.99999,us.born,never,public,without.disability,not.working,with.insurance,asian
2018HU0821191,5,2,51115,3,10_19,f,not.in.labor.force,same.house,i.0.9999,us.born,never,public,without.disability,not.working,with.insurance,asian
2018HU0035835,5,4,51175,3,10_19,f,civilian.employed,same.house,i.0.9999,us.born,never,public,without.disability,private.profit,with.insurance,white
2018HU0029891,5,1,51040,3,0_9,m,not.in.labor.force,same.house,i.75000.99999,us.born,never,no.schooling,without.disability,not.working,with.insurance,two.
2018HU1245135,5,2,51235,3,10_19,f,not.in.labor.force,same.house,i.75000.99999,us.born,never,private,without.disability,not.working,with.insurance,white
2018HU1038474,5,2,59303,3,80_89,f,not.in.labor.force,same.house,i.0.9999,us.born,married,no.schooling,with.disability,not.working,with.insurance,white
2018HU0198722,5,3,59305,3,40_49,f,civilian.employed,same.house,i.75000.99999,us.born,never,no.schooling,without.disability,private.profit,with.insurance,white
2018HU1261683,5,1,51206,3,80_89,f,not.in.labor.force,same.house,i.0.9999,us.born,married,no.schooling,without.disability,not.working,with.insurance,white
2018HU0188291,5,1,59303,3,0_9,m,not.in.labor.force,same.house,i.75000.99999,us.born,never,public,without.disability,not.working,with.insurance,white
2018HU0257288,5,3,55002,3,0_9,m,not.in.labor.force,same.house,i.75000.99999,us.born,never,public,without.disability,not.working,with.insurance,two.
2018HU1242247,5,1,51087,3,40_49,m,civilian.employed,same.house,i.0.9999,not.citizen,married,no.schooling,without.disability,self.employed.no.corp,with.insurance,black
2018HU0366685,5,1,51154,3,60_69,f,not.in.labor.force,same.house,i.0.9999,us.born,married,no.schooling,without.disability,not.working,with.insurance,white
2018HU0312449,5,1,51110,3,0_9,f,not.in.labor.force,same.house,i.75000.99999,us.born,never,public,without.disability,not.working,with.insurance,white
2018HU0295525,5,3,51215,3,40_49,m,civilian.employed,same.house,i.75000.99999,us.born,married,no.schooling,without.disability,federal,with.insurance,white
2018HU0935257,5,2,51206,3,10_19,f,not.in.labor.force,same.house,i.0.9999,us.born,never,public,without.disability,not.working,with.insurance,white
2018HU1077430,5,2,51105,3,50_59,f,civilian.employed,same.house,i.15000.24999,not.citizen,widowed,no.schooling,without.disability,private.profit,with.insurance,white
2018HU0632974,5,1,59307,3,30_39,f,civilian.employed,same.house,i.0.9999,us.born,married,no.schooling,without.disability,self.employed.no.corp,with.insurance,white
2018HU0330457,5,1,51010,3,40_49,m,unemployed,same.house,i.0.9999,us.born,married,no.schooling,without.disability,self.employed.no.corp,with.insurance,white
2018HU0837781,5,1,51175,3,40_49,f,civilian.employed,diff.us.house,i.35000.49999,us.born,married,no.schooling,without.disability,private.no.profit,with.insurance,white
2018HU0146688,5,1,4102,3,0_9,f,not.in.labor.force,same.house,i.75000.99999,not.citizen,never,public,without.disability,not.working,with.insurance,black
2018HU1145570,5,1,4103,3,0_9,m,not.in.labor.force,same.house,i.75000.99999,us.born,never,private,without.disability,not.working,with.insurance,white
2018HU0068426,5,1,51154,3,50_59,m,civilian.employed,diff.us.house,i.75000.99999,us.born,married,no.schooling,without.disability,private.profit,with.insurance,white
2018HU1118483,5,2,51164,3,70_79,f,not.in.labor.force,same.house,i.0.9999,naturalization,married,no.schooling,without.disability,not.working,with.insurance,asian
2018HU1263261,5,1,51115,3,70_79,f,civilian.employed,same.house,i.65000.74999,us.born,married,no.schooling,without.disability,self.employed.corp,with.insurance,white
2018HU0710553,5,1,51115,3,20_29,m,civilian.employed,same.house,i.15000.24999,us.born,never,no.schooling,without.disability,private.profit,with.insurance,white
2018HU0378558,5,1,51245,3,80_89,m,not.in.labor.force,same.house,i.0.9999,us.born,divorced,no.schooling,with.disability,not.working,with.insurance,white
2018HU1029488,5,1,59303,3,40_49,m,civilian.employed,diff.us.house,i.65000.74999,naturalization,married,no.schooling,without.disability,private.profit,with.insurance,asian
2018HU0176353,5,1,51167,3,20_29,f,civilian.employed,same.house,i.0.9999,us.born,never,no.schooling,without.disability,private.profit,with.insurance,white
2018HU0239992,5,2,59308,3,50_59,m,civilian.employed,same.house,i.75000.99999,us.born,married,no.schooling,without.disability,private.profit,with.insurance,white
2018HU0031354,5,1,51235,3,50_59,f,civilian.employed,same.house,i.25000.34999,us.born,widowed,no.schooling,without.disability,private.profit,with.insurance,white
2018HU0183807,5,1,59303,3,30_39,m,civilian.employed,same.house,i.75000.99999,not.citizen,married,no.schooling,without.disability,private.profit,with.insurance,asian
2018HU0737452,5,1,51097,3,60_69,m,civilian.employed,same.house,i.75000.99999,us.born,married,no.schooling,without.disability,private.no.profit,with.insurance,white
2018HU0929725,5,1,59307,3,10_19,m,not.in.labor.force,same.house,i.75000.99999,us.born,never,public,without.disability,not.working,with.insurance,two.
2018HU1257583,5,1,51154,3,30_39,m,civilian.employed,abroad.house,i.50000.64999,naturalization,never,no.schooling,without.disability,private.profit,with.insurance,asian
2018HU0791302,5,1,51096,3,20_29,f,civilian.employed,same.house,i.50000.64999,us.born,never,no.schooling,without.disability,private.profit,with.insurance,other
2018HU0062256,5,1,51125,3,80_89,m,not.in.labor.force,same.house,i.0.9999,naturalization,married,no.schooling,without.disability,not.working,with.insurance,asian
2018HU0176727,5,1,51206,3,50_59,f,civilian.employed,same.house,i.75000.99999,us.born,married,no.schooling,without.disability,private.profit,with.insurance,white
2018HU0039458,5,1,51090,3,60_69,f,not.in.labor.force,same.house,i.0.9999,us.born,married,no.schooling,without.disability,local,with.insurance,white
2018HU0867499,5,3,51154,3,0_9,m,not.in.labor.force,same.house,i.75000.99999,us.born,never,public,without.disability,not.working,with.insurance,white
2018HU0198068,5,2,59305,3,60_69,m,civilian.employed,same.house,i.50000.64999,us.born,divorced,no.schooling,without.disability,private.profit,with.insurance,white
2018HU0218052,5,3,51246,3,0_9,f,not.in.labor.force,same.house,i.75000.99999,us.born,never,no.schooling,without.disability,not.working,with.insurance,white
2018HU1139912,5,1,51096,3,60_69,m,not.in.labor.force,same.house,i.0.9999,us.born,married,no.schooling,without.disability,private.profit,with.insurance,white
2018HU0160891,5,2,51087,3,10_19,f,not.in.labor.force,same.house,i.75000.99999,us.born,never,private,without.disability,not.working,with.insurance,two.
2018HU0207954,5,2,51105,3,50_59,m,civilian.employed,same.house,i.75000.99999,us.born,married,no.schooling,without.disability,federal,with.insurance,white
2018HU0643917,5,1,51096,3,30_39,f,civilian.employed,same.house,i.25000.34999,us.born,married,no.schooling,without.disability,local,with.insurance,white
2018HU0441189,5,1,51010,3,60_69,f,not.in.labor.force,same.house,i.0.9999,us.born,married,no.schooling,without.disability,local,with.insurance,white
2018HU0768170,5,1,59302,3,60_69,f,not.in.labor.force,diff.us.house,i.0.9999,us.born,married,no.schooling,without.disability,local,with.insurance,white
2018HU0612776,5,2,51255,3,40_49,f,civilian.employed,same.house,i.0.9999,not.citizen,married,no.schooling,without.disability,self.employed.no.corp,with.insurance,white
2018HU0765486,5,1,51135,3,50_59,f,not.in.labor.force,same.house,i.0.9999,naturalization,never,public,without.disability,not.working,with.insurance,white
2018HU0092556,5,1,51145,3,30_39,m,civilian.employed,same.house,i.75000.99999,us.born,married,no.schooling,without.disability,private.profit,with.insurance,white
2018HU1233031,5,2,51235,3,60_69,m,civilian.employed,same.house,i.0.9999,us.born,married,no.schooling,without.disability,self.employed.no.corp,with.insurance,white
2018HU0916165,5,1,51145,3,70_79,f,not.in.labor.force,same.house,i.0.9999,us.born,married,no.schooling,without.disability,not.working,with.insurance,white
2018HU0570619,5,1,51186,3,40_49,m,civilian.employed,same.house,i.75000.99999,naturalization,married,no.schooling,without.disability,private.profit,with.insurance,white
2018HU0506630,5,1,51164,3,0_9,f,not.in.labor.force,same.house,i.75000.99999,not.citizen,never,public,without.disability,not.working,with.insurance,white
2018HU1364747,5,1,59306,3,30_39,f,civilian.employed,same.house,i.75000.99999,us.born,married,public,without.disability,private.profit,with.insurance,white
2018HU0049600,5,1,59305,3,60_69,f,civilian.employed,same.house,i.75000.99999,us.born,married,no.schooling,without.disability,private.profit,with.insurance,white
2018HU1067929,5,2,51010,3,60_69,m,civilian.employed,same.house,i.50000.64999,us.born,married,no.schooling,without.disability,state,with.insurance,white
2018HU0770437,5,1,51090,3,30_39,m,civilian.employed,same.house,i.65000.74999,naturalization,married,no.schooling,without.disability,private.profit,with.insurance,asian
2018HU0539048,5,1,51206,3,70_79,m,civilian.employed,same.house,i.75000.99999,us.born,married,no.schooling,without.disability,private.profit,with.insurance,black
2018HU1050141,5,1,51154,3,50_59,f,civilian.employed,same.house,i.75000.99999,us.born,widowed,no.schooling,without.disability,private.no.profit,with.insurance,white
2018HU1267929,5,1,51154,3,50_59,f,civilian.employed,same.house,i.50000.64999,us.born,married,no.schooling,without.disability,state,with.insurance,white
2018HU0553193,5,1,51154,3,30_39,f,civilian.employed,same.house,i.65000.74999,us.born,married,no.schooling,without.disability,private.no.profit,with.insurance,white
2018HU0597720,5,1,51235,3,40_49,m,civilian.employed,diff.us.house,i.75000.99999,naturalization,married,no.schooling,without.disability,private.profit,with.insurance,asian
2018HU1355104,5,2,51206,3,10_19,m,civilian.employed,diff.us.house,i.0.9999,not.citizen,never,public,without.disability,self.employed.no.corp,without.insurance,other
2018HU0994734,5,2,51155,3,10_19,m,not.in.labor.force,same.house,i.75000.99999,us.born,never,public,without.disability,not.working,with.insurance,white
2018HU0716962,5,1,51125,3,40_49,m,civilian.employed,same.house,i.75000.99999,us.born,married,no.schooling,without.disability,federal,with.insurance,white
2018HU0984264,5,1,51125,3,80_89,f,not.in.labor.force,same.house,i.0.9999,us.born,widowed,no.schooling,without.disability,not.working,with.insurance,white
2018HU1399688,5,2,51044,3,50_59,f,civilian.employed,same.house,i.65000.74999,us.born,never,no.schooling,without.disability,federal,with.insurance,white
2018HU0259200,5,1,51120,3,0_9,f,not.in.labor.force,diff.us.house,i.75000.99999,us.born,never,public,without.disability,not.working,with.insurance,black
2018HU0434485,5,1,51105,3,20_29,m,civilian.employed,same.house,i.10000.14999,not.citizen,never,no.schooling,without.disability,self.employed.corp,without.insurance,white
2018HU1270800,5,1,55002,3,50_59,m,armed.forces,same.house,i.75000.99999,us.born,married,no.schooling,without.disability,federal,with.insurance,white
2018HU0402700,5,1,51154,3,10_19,m,unemployed,same.house,i.0.9999,abroad.born,never,public,without.disability,not.working,with.insurance,white
2018GQ0008802,5,1,51115,3,20_29,f,civilian.employed,same.house,i.0.9999,us.born,never,public,without.disability,private.profit,with.insurance,white
2018HU0750435,5,1,51235,3,50_59,f,civilian.employed,same.house,i.50000.64999,abroad.born,separated,no.schooling,without.disability,local,with.insurance,white
2018HU1389644,5,1,51245,3,70_79,f,civilian.employed,same.house,i.35000.49999,us.born,divorced,no.schooling,without.disability,private.profit,with.insurance,white
2018HU0292562,5,1,51215,3,50_59,m,civilian.employed,same.house,i.75000.99999,us.born,married,no.schooling,without.disability,federal,with.insurance,black
2018HU0607368,5,2,51087,3,0_9,f,not.in.labor.force,same.house,i.75000.99999,us.born,never,private,without.disability,not.working,with.insurance,white
2018HU0092737,5,4,51090,3,60_69,f,civilian.employed,same.house,i.65000.74999,us.born,married,no.schooling,without.disability,private.profit,with.insurance,black
2018HU0828048,5,2,51206,3,70_79,m,not.in.labor.force,same.house,i.0.9999,us.born,married,no.schooling,without.disability,not.working,with.insurance,white
2018HU1051816,5,1,51165,3,50_59,m,civilian.employed,same.house,i.75000.99999,us.born,married,no.schooling,without.disability,private.profit,with.insurance,white
2018HU0922243,5,1,51010,3,40_49,m,civilian.employed,same.house,i.75000.99999,naturalization,married,no.schooling,without.disability,private.no.profit,with.insurance,asian
2018HU0908726,5,1,51096,3,30_39,m,civilian.employed,same.house,i.50000.64999,not.citizen,married,no.schooling,without.disability,private.profit,without.insurance,white
2018HU1341523,5,1,51246,3,30_39,f,civilian.employed,diff.us.house,i.0.9999,us.born,married,no.schooling,without.disability,self.employed.no.corp,with.insurance,asian
2018HU0413481,5,2,59306,3,10_19,m,not.in.labor.force,same.house,i.75000.99999,us.born,never,public,without.disability,not.working,with.insurance,other
2018HU0347248,5,1,51115,3,20_29,f,civilian.employed,diff.us.house,i.0.9999,us.born,never,no.schooling,without.disability,private.profit,with.insurance,white
2018HU0897004,5,3,4101,3,40_49,f,civilian.employed,same.house,i.75000.99999,naturalization,married,no.schooling,without.disability,private.profit,with.insurance,asian
2018HU0183091,5,1,51135,3,70_79,f,not.in.labor.force,same.house,i.0.9999,us.born,widowed,no.schooling,without.disability,not.working,with.insurance,black
2018HU1241718,5,3,51245,3,30_39,m,civilian.employed,same.house,i.75000.99999,us.born,married,no.schooling,without.disability,private.profit,with.insurance,white
2018HU0279321,5,1,51090,3,50_59,f,civilian.employed,same.house,i.75000.99999,naturalization,never,no.schooling,without.disability,federal,with.insurance,asian
2018HU1255168,5,2,51085,3,60_69,f,not.in.labor.force,same.house,i.0.9999,us.born,married,no.schooling,without.disability,private.no.profit,with.insurance,white
2018HU0639857,5,1,51097,3,40_49,m,civilian.employed,same.house,i.75000.99999,us.born,married,no.schooling,without.disability,federal,with.insurance,white
2018HU1186977,5,1,51089,3,10_19,m,not.in.labor.force,same.house,i.0.9999,us.born,never,public,without.disability,not.working,with.insurance,white
2018HU1243393,5,1,51224,3,30_39,f,civilian.employed,diff.us.house,i.0.9999,naturalization,married,no.schooling,without.disability,self.employed.no.corp,with.insurance,asian
2018HU1139287,5,1,55002,3,50_59,f,civilian.employed,same.house,i.50000.64999,us.born,divorced,no.schooling,without.disability,private.profit,with.insurance,white
2018GQ0059632,5,1,55002,3,80_89,f,not.in.labor.force,same.house,i.0.9999,us.born,widowed,no.schooling,with.disability,not.working,with.insurance,white
2018HU0274293,5,2,51095,3,50_59,f,civilian.employed,same.house,i.75000.99999,us.born,divorced,no.schooling,without.disability,private.profit,with.insurance,white
2018HU0156229,5,5,55001,3,50_59,f,civilian.employed,same.house,i.75000.99999,us.born,divorced,no.schooling,without.disability,federal,with.insurance,white
2018HU0705491,5,2,51090,3,40_49,f,unemployed,same.house,i.0.9999,naturalization,married,no.schooling,without.disability,private.no.profit,with.insurance,white
2018HU0820574,5,2,51125,3,70_79,m,not.in.labor.force,same.house,i.0.9999,us.born,married,no.schooling,with.disability,not.working,with.insurance,white
2018HU0638561,5,1,51175,3,10_19,m,not.in.labor.force,same.house,i.75000.99999,naturalization,never,public,with.disability,not.working,with.insurance,asian
2018HU0204789,5,1,51096,3,0_9,m,not.in.labor.force,same.house,i.75000.99999,us.born,never,public,without.disability,not.working,with.insurance,white
2018HU0424497,5,1,51215,3,30_39,m,civilian.employed,same.house,i.75000.99999,puerto.rico.born,married,no.schooling,without.disability,private.no.profit,with.insurance,white
2018HU0998273,5,2,51165,3,60_69,m,not.in.labor.force,same.house,i.0.9999,us.born,married,no.schooling,without.disability,not.working,with.insurance,white
2018HU0814919,5,2,59304,3,50_59,f,civilian.employed,same.house,i.75000.99999,us.born,married,no.schooling,without.disability,local,with.insurance,white
2018HU1275808,5,2,51045,3,70_79,f,not.in.labor.force,same.house,i.0.9999,us.born,married,no.schooling,without.disability,local,with.insurance,white
2018HU0379087,5,1,51154,3,40_49,f,not.in.labor.force,same.house,i.0.9999,us.born,married,no.schooling,without.disability,not.working,with.insurance,white
2018HU0130766,5,1,51010,3,40_49,m,civilian.employed,same.house,i.75000.99999,us.born,married,no.schooling,without.disability,local,with.insurance,white
2018HU0187154,5,1,51175,3,10_19,f,not.in.labor.force,same.house,i.75000.99999,us.born,never,private,without.disability,not.working,with.insurance,white
2018HU0579257,5,2,51255,3,50_59,m,civilian.employed,diff.us.house,i.75000.99999,us.born,married,no.schooling,without.disability,federal,with.insurance,white
2018HU0997905,5,1,59303,3,60_69,f,civilian.employed,same.house,i.75000.99999,naturalization,married,no.schooling,without.disability,federal,with.insurance,asian
2018HU1257012,5,1,51115,3,0_9,f,not.in.labor.force,same.house,i.75000.99999,us.born,never,no.schooling,without.disability,not.working,with.insurance,white
2018HU0956564,5,2,59303,3,70_79,m,civilian.employed,same.house,i.75000.99999,us.born,never,no.schooling,without.disability,private.profit,with.insurance,white
2018HU1371234,5,4,51044,3,0_9,f,not.in.labor.force,same.house,i.75000.99999,us.born,never,no.schooling,without.disability,not.working,with.insurance,white
2018HU1306740,5,2,51087,3,60_69,m,civilian.employed,same.house,i.75000.99999,naturalization,married,no.schooling,without.disability,private.profit,with.insurance,asian
2018HU0245860,5,1,59307,3,10_19,f,not.in.labor.force,same.house,i.75000.99999,us.born,never,public,without.disability,not.working,without.insurance,white
2018HU1270631,5,3,51120,3,80_89,f,not.in.labor.force,same.house,i.0.9999,us.born,married,no.schooling,with.disability,not.working,with.insurance,white
2018HU0268020,5,1,59307,3,50_59,m,civilian.employed,same.house,i.75000.99999,abroad.born,married,no.schooling,without.disability,private.profit,with.insurance,white
2018HU0784192,5,1,51155,3,60_69,f,civilian.employed,same.house,i.10000.14999,us.born,never,no.schooling,without.disability,local,with.insurance,black
2018HU1004277,5,1,51105,3,0_9,m,not.in.labor.force,same.house,i.75000.99999,us.born,never,public,without.disability,not.working,with.insurance,white
2018HU0169230,5,3,51105,3,60_69,m,civilian.employed,same.house,i.15000.24999,us.born,married,no.schooling,without.disability,private.profit,with.insurance,white
2018HU0268893,5,1,51154,3,60_69,m,not.in.labor.force,same.house,i.0.9999,us.born,married,no.schooling,without.disability,self.employed.no.corp,with.insurance,white
2018HU0987678,5,3,51224,3,10_19,m,not.in.labor.force,same.house,i.75000.99999,us.born,never,public,without.disability,not.working,with.insurance,white
2018HU0862032,5,1,51245,3,50_59,f,civilian.employed,diff.us.house,i.0.9999,us.born,married,no.schooling,without.disability,self.employed.no.corp,with.insurance,white
2018GQ0030899,5,2,51246,3,70_79,f,not.in.labor.force,same.house,i.0.9999,us.born,widowed,no.schooling,with.disability,not.working,with.insurance,white
2018HU0638221,5,1,51145,3,40_49,m,civilian.employed,same.house,i.65000.74999,naturalization,never,public,without.disability,private.profit,with.insurance,black
2018HU0944832,5,1,51154,3,10_19,f,not.in.labor.force,same.house,i.75000.99999,us.born,never,public,without.disability,not.working,with.insurance,white
2018HU1072649,5,1,51164,3,0_9,f,not.in.labor.force,same.house,i.75000.99999,us.born,never,no.schooling,without.disability,not.working,with.insurance,white
2018HU0409989,5,1,51090,3,40_49,f,not.in.labor.force,diff.us.house,i.0.9999,naturalization,married,no.schooling,without.disability,not.working,with.insurance,asian
2018HU0587268,5,3,51087,3,30_39,m,civilian.employed,diff.us.house,i.50000.64999,naturalization,never,no.schooling,without.disability,private.profit,with.insurance,asian
2018HU1181102,5,2,51097,3,30_39,f,civilian.employed,same.house,i.50000.64999,us.born,married,no.schooling,without.disability,private.profit,with.insurance,black
2018HU0917166,5,2,51096,3,0_9,m,not.in.labor.force,same.house,i.75000.99999,us.born,never,no.schooling,without.disability,not.working,with.insurance,white
2018HU0209418,5,1,51175,3,0_9,m,not.in.labor.force,same.house,i.75000.99999,us.born,never,public,without.disability,not.working,with.insurance,black
2018HU0487461,5,1,59307,3,20_29,m,civilian.employed,same.house,i.75000.99999,naturalization,never,no.schooling,without.disability,private.profit,with.insurance,asian
2018HU0502850,5,1,51084,3,0_9,m,not.in.labor.force,same.house,i.75000.99999,naturalization,never,public,without.disability,not.working,with.insurance,asian
2018HU0357346,5,3,4103,3,20_29,f,not.in.labor.force,same.house,i.35000.49999,us.born,never,public,without.disability,private.profit,with.insurance,white
2018HU0833558,5,1,51105,3,10_19,f,not.in.labor.force,diff.us.house,i.0.9999,us.born,never,public,without.disability,not.working,with.insurance,two.
2018HU1253014,5,3,4101,3,0_9,m,not.in.labor.force,same.house,i.75000.99999,us.born,never,public,without.disability,not.working,with.insurance,black
2018HU0622724,5,2,51120,3,0_9,f,not.in.labor.force,same.house,i.75000.99999,us.born,never,public,without.disability,not.working,with.insurance,two.
2018HU0270439,5,1,51010,3,10_19,m,not.in.labor.force,same.house,i.75000.99999,us.born,never,public,without.disability,not.working,with.insurance,white
2018HU1204822,5,1,51125,3,60_69,m,civilian.employed,same.house,i.75000.99999,us.born,married,no.schooling,with.disability,private.no.profit,with.insurance,white
2018HU0610816,5,1,51154,3,10_19,f,not.in.labor.force,diff.us.house,i.75000.99999,not.citizen,never,public,without.disability,not.working,with.insurance,white
2018HU1252353,5,1,51020,3,50_59,m,civilian.employed,same.house,i.75000.99999,naturalization,never,no.schooling,without.disability,local,with.insurance,asian
2018HU0632974,5,1,51044,3,50_59,m,civilian.employed,same.house,i.75000.99999,naturalization,married,no.schooling,without.disability,private.profit,with.insurance,white
2018HU0694288,5,2,51215,3,0_9,f,not.in.labor.force,same.house,i.75000.99999,not.citizen,never,public,without.disability,not.working,with.insurance,white
2018HU0624896,5,1,51090,3,40_49,m,civilian.employed,same.house,i.75000.99999,naturalization,married,no.schooling,without.disability,private.profit,with.insurance,asian
2018HU0367268,5,1,51125,3,70_79,m,not.in.labor.force,same.house,i.0.9999,us.born,married,no.schooling,with.disability,not.working,with.insurance,white
2018HU1235979,5,1,59303,3,40_49,m,civilian.employed,same.house,i.75000.99999,us.born,married,no.schooling,without.disability,private.profit,with.insurance,white
2018HU0719586,5,1,51155,3,50_59,f,not.in.labor.force,same.house,i.0.9999,us.born,married,no.schooling,without.disability,not.working,with.insurance,white
2018HU0476650,5,1,51165,3,70_79,m,civilian.employed,same.house,i.50000.64999,us.born,married,no.schooling,with.disability,self.employed.corp,with.insurance,white
2018HU0248387,5,1,51135,3,60_69,m,not.in.labor.force,same.house,i.0.9999,naturalization,married,no.schooling,without.disability,private.profit,with.insurance,asian
2018HU0376636,5,1,51154,3,50_59,m,civilian.employed,same.house,i.75000.99999,naturalization,married,no.schooling,without.disability,private.profit,with.insurance,white
2018HU1252853,5,8,51120,3,30_39,f,civilian.employed,same.house,i.75000.99999,us.born,married,private,without.disability,private.no.profit,with.insurance,white
2018HU1325165,5,1,51105,3,20_29,f,unemployed,same.house,i.10000.14999,naturalization,never,public,without.disability,private.profit,with.insurance,black
2018HU1062679,5,1,51044,3,20_29,m,not.in.labor.force,same.house,i.0.9999,us.born,never,public,with.disability,private.profit,with.insurance,white
2018HU0661424,5,1,51120,3,30_39,m,civilian.employed,diff.us.house,i.35000.49999,us.born,married,no.schooling,without.disability,private.profit,with.insurance,asian
2018HU1237567,5,1,55002,3,0_9,f,not.in.labor.force,diff.us.house,i.75000.99999,us.born,never,public,without.disability,not.working,with.insurance,asian
2018HU1332163,5,3,4103,3,50_59,f,civilian.employed,same.house,i.50000.64999,us.born,divorced,no.schooling,without.disability,local,with.insurance,white
2018HU1252853,5,8,51120,3,30_39,f,civilian.employed,same.house,i.75000.99999,us.born,married,private,without.disability,private.no.profit,with.insurance,white
2018HU0302435,5,1,51096,3,70_79,m,not.in.labor.force,same.house,i.0.9999,naturalization,married,no.schooling,without.disability,not.working,with.insurance,asian
2018HU1258846,5,1,51084,3,30_39,f,civilian.employed,same.house,i.50000.64999,us.born,married,no.schooling,without.disability,private.profit,with.insurance,two.
2018HU0347922,5,3,51045,3,30_39,f,unemployed,same.house,i.0.9999,not.citizen,married,no.schooling,without.disability,private.profit,with.insurance,asian
2018HU0604408,5,1,51080,3,30_39,m,civilian.employed,same.house,i.35000.49999,us.born,never,no.schooling,without.disability,private.profit,with.insurance,white
2018HU0221783,5,1,51206,3,60_69,f,not.in.labor.force,same.house,i.0.9999,naturalization,widowed,no.schooling,without.disability,not.working,without.insurance,asian
2018HU0039458,5,1,51135,3,70_79,m,civilian.employed,same.house,i.50000.64999,us.born,married,no.schooling,without.disability,private.profit,with.insurance,two.
2018HU0595457,5,5,51105,3,70_79,m,not.in.labor.force,same.house,i.0.9999,us.born,married,no.schooling,without.disability,not.working,with.insurance,white
2018HU1140131,5,2,55002,3,40_49,m,civilian.employed,diff.us.house,i.75000.99999,us.born,divorced,public,without.disability,private.profit,with.insurance,white
2018HU0236941,5,1,51090,3,0_9,f,not.in.labor.force,same.house,i.75000.99999,us.born,never,public,without.disability,not.working,with.insurance,asian
2018HU0705053,5,2,55001,3,10_19,m,not.in.labor.force,diff.us.house,i.75000.99999,us.born,never,public,without.disability,not.working,with.insurance,white
2018HU0709312,5,1,4101,3,0_9,m,not.in.labor.force,same.house,i.75000.99999,us.born,never,public,without.disability,not.working,with.insurance,white
2018HU0238364,5,1,51246,3,30_39,m,armed.forces,same.house,i.75000.99999,us.born,married,no.schooling,without.disability,federal,with.insurance,white
2018HU1047775,5,4,59309,3,30_39,f,civilian.employed,same.house,i.75000.99999,us.born,married,no.schooling,without.disability,self.employed.corp,with.insurance,white
2018HU0180794,5,1,51154,3,10_19,f,not.in.labor.force,same.house,i.0.9999,us.born,never,public,without.disability,not.working,with.insurance,white
2018HU0162006,5,1,51087,3,80_89,m,not.in.labor.force,same.house,i.0.9999,naturalization,married,no.schooling,without.disability,not.working,with.insurance,white
2018HU0679940,5,5,51244,3,30_39,f,civilian.employed,same.house,i.75000.99999,naturalization,married,no.schooling,without.disability,federal,with.insurance,asian
2018HU0483405,5,1,51090,3,50_59,f,civilian.employed,same.house,i.25000.34999,us.born,married,no.schooling,without.disability,self.employed.no.corp,with.insurance,white
2018HU0990800,5,4,10701,3,50_59,f,civilian.employed,same.house,i.15000.24999,naturalization,married,no.schooling,without.disability,self.employed.no.corp,with.insurance,asian
2018HU0218052,5,2,51096,3,30_39,m,civilian.employed,same.house,i.75000.99999,us.born,married,no.schooling,without.disability,local,with.insurance,white
2018HU1184128,5,1,51115,3,50_59,f,civilian.employed,same.house,i.25000.34999,not.citizen,married,no.schooling,without.disability,private.no.profit,with.insurance,black
2018HU1362562,5,1,51084,3,50_59,m,civilian.employed,same.house,i.75000.99999,naturalization,married,no.schooling,without.disability,private.profit,with.insurance,white
2018HU0735706,5,2,10701,3,20_29,f,civilian.employed,diff.us.house,i.25000.34999,us.born,never,no.schooling,without.disability,private.no.profit,with.insurance,white
2018HU1248445,5,3,51010,3,30_39,f,civilian.employed,diff.us.house,i.50000.64999,us.born,divorced,no.schooling,without.disability,local,with.insurance,black
2018HU0269806,5,1,10702,3,50_59,f,not.in.labor.force,same.house,i.0.9999,naturalization,married,no.schooling,without.disability,private.profit,with.insurance,white
2018HU1252853,5,1,59307,3,0_9,m,not.in.labor.force,same.house,i.75000.99999,us.born,never,no.schooling,without.disability,not.working,with.insurance,white
2018HU0638268,5,1,51090,3,40_49,m,not.in.labor.force,same.house,i.0.9999,us.born,married,no.schooling,without.disability,not.working,with.insurance,white
2018HU0430931,5,3,4101,3,10_19,f,not.in.labor.force,same.house,i.75000.99999,us.born,never,public,without.disability,not.working,with.insurance,asian
2018HU1261683,5,1,51206,3,80_89,f,not.in.labor.force,same.house,i.0.9999,us.born,married,no.schooling,without.disability,not.working,with.insurance,white
2018HU0644086,5,4,51120,3,50_59,f,civilian.employed,same.house,i.75000.99999,us.born,married,no.schooling,without.disability,federal,with.insurance,white
2018HU0340143,5,1,51080,3,50_59,f,not.in.labor.force,same.house,i.0.9999,not.citizen,married,no.schooling,without.disability,private.profit,with.insurance,asian
2018HU0597720,5,3,59305,3,0_9,m,not.in.labor.force,diff.us.house,i.75000.99999,us.born,never,private,without.disability,not.working,with.insurance,asian
2018HU0587354,5,1,51135,3,40_49,m,armed.forces,same.house,i.75000.99999,us.born,married,no.schooling,without.disability,federal,with.insurance,white
2018HU0333762,5,1,51044,3,40_49,f,civilian.employed,same.house,i.75000.99999,naturalization,divorced,no.schooling,without.disability,federal,with.insurance,asian
2018HU1312654,5,2,55002,3,20_29,f,civilian.employed,diff.us.house,i.35000.49999,us.born,never,no.schooling,without.disability,private.profit,with.insurance,white
2018HU0274323,5,1,51089,3,0_9,m,not.in.labor.force,same.house,i.75000.99999,not.citizen,never,no.schooling,without.disability,not.working,with.insurance,white
2018HU1001866,5,2,51246,3,50_59,m,civilian.employed,same.house,i.75000.99999,us.born,married,no.schooling,without.disability,federal,with.insurance,white
2018HU0896815,5,1,51154,3,30_39,m,civilian.employed,same.house,i.25000.34999,not.citizen,married,no.schooling,without.disability,private.profit,without.insurance,other
2018HU1181102,5,1,51097,3,30_39,m,civilian.employed,same.house,i.50000.64999,us.born,married,no.schooling,without.disability,private.profit,with.insurance,black
2018HU1163744,5,1,51040,3,0_9,f,not.in.labor.force,diff.us.house,i.75000.99999,us.born,never,private,without.disability,not.working,with.insurance,white
2018HU0043244,5,2,51120,3,20_29,f,not.in.labor.force,diff.us.house,i.0.9999,not.citizen,never,no.schooling,without.disability,not.working,without.insurance,other
2018HU0176353,5,2,51244,3,40_49,m,civilian.employed,same.house,i.25000.34999,not.citizen,divorced,no.schooling,without.disability,private.profit,with.insurance,other
2018HU0908745,5,1,51095,3,70_79,f,civilian.employed,same.house,i.15000.24999,naturalization,married,no.schooling,without.disability,private.no.profit,with.insurance,white
2018HU1151118,5,1,51096,3,0_9,f,not.in.labor.force,same.house,i.75000.99999,us.born,never,private,without.disability,not.working,with.insurance,black
2018HU1298915,5,2,51235,3,20_29,f,civilian.employed,same.house,i.0.9999,us.born,never,no.schooling,without.disability,private.profit,with.insurance,white
2018HU0659967,5,1,51206,3,50_59,m,civilian.employed,same.house,i.75000.99999,naturalization,married,no.schooling,without.disability,state,with.insurance,asian
2018HU0834562,5,1,51110,3,40_49,m,civilian.employed,same.house,i.75000.99999,us.born,married,no.schooling,without.disability,private.profit,with.insurance,white
2018HU0435319,5,1,51186,3,50_59,m,civilian.employed,same.house,i.0.9999,not.citizen,married,no.schooling,without.disability,private.no.profit,without.insurance,asian
2018HU0913917,5,1,55001,3,30_39,m,civilian.employed,same.house,i.75000.99999,us.born,married,no.schooling,without.disability,private.profit,with.insurance,white
2018HU0370447,5,1,51010,3,10_19,m,not.in.labor.force,same.house,i.75000.99999,us.born,never,public,without.disability,not.working,with.insurance,white
2018HU1187224,5,1,4103,3,60_69,f,civilian.employed,same.house,i.25000.34999,us.born,married,no.schooling,without.disability,self.employed.no.corp,with.insurance,white
2018HU0532166,5,3,51110,3,30_39,f,civilian.employed,diff.us.house,i.75000.99999,us.born,divorced,private,without.disability,private.no.profit,with.insurance,white
2018HU0669151,5,3,51235,3,20_29,f,civilian.employed,same.house,i.35000.49999,us.born,never,no.schooling,without.disability,private.no.profit,with.insurance,two.
2018HU0668408,5,2,51135,3,0_9,m,not.in.labor.force,same.house,i.75000.99999,us.born,never,no.schooling,without.disability,not.working,with.insurance,white
2018HU0159601,5,3,59302,3,0_9,f,not.in.labor.force,same.house,i.75000.99999,us.born,never,no.schooling,without.disability,not.working,with.insurance,two.
2018HU0349761,5,1,51175,3,60_69,m,not.in.labor.force,same.house,i.0.9999,naturalization,never,no.schooling,without.disability,not.working,with.insurance,two.
2018HU0595562,5,1,51105,3,10_19,f,not.in.labor.force,same.house,i.75000.99999,us.born,never,public,with.disability,not.working,with.insurance,white
2018HU1191101,5,1,51135,3,30_39,f,civilian.employed,same.house,i.75000.99999,us.born,married,no.schooling,without.disability,private.profit,with.insurance,white
2018HU1195147,5,1,51080,3,40_49,f,civilian.employed,same.house,i.75000.99999,us.born,married,no.schooling,without.disability,private.profit,with.insurance,white
2018HU0787217,5,1,59301,3,10_19,m,not.in.labor.force,same.house,i.75000.99999,us.born,never,public,without.disability,not.working,with.insurance,asian
2018HU1135677,5,2,51020,3,10_19,m,not.in.labor.force,same.house,i.75000.99999,us.born,never,public,without.disability,not.working,with.insurance,white
2018HU0194241,5,2,59304,3,40_49,m,civilian.employed,same.house,i.75000.99999,us.born,married,no.schooling,without.disability,private.profit,with.insurance,white
2018HU0446563,5,1,4101,3,40_49,f,civilian.employed,same.house,i.75000.99999,abroad.born,married,no.schooling,without.disability,private.profit,with.insurance,white
2018HU0674631,5,3,51087,3,70_79,f,not.in.labor.force,same.house,i.0.9999,us.born,married,no.schooling,without.disability,not.working,with.insurance,white
2018HU0739862,5,2,51044,3,0_9,m,not.in.labor.force,same.house,i.75000.99999,us.born,never,public,without.disability,not.working,with.insurance,two.
2018HU0829561,5,2,51080,3,10_19,f,not.in.labor.force,same.house,i.75000.99999,us.born,never,public,without.disability,not.working,with.insurance,two.
2018HU0719586,5,1,51155,3,10_19,m,not.in.labor.force,same.house,i.0.9999,us.born,never,public,without.disability,not.working,with.insurance,white
2018HU0332045,5,1,55002,3,20_29,m,not.in.labor.force,diff.us.house,i.0.9999,us.born,never,private,without.disability,private.profit,with.insurance,asian
2018HU0280607,5,2,51096,3,0_9,m,not.in.labor.force,diff.us.house,i.75000.99999,us.born,never,no.schooling,without.disability,not.working,with.insurance,white
2018HU1364196,5,1,51206,3,70_79,m,not.in.labor.force,same.house,i.0.9999,us.born,married,no.schooling,without.disability,private.profit,with.insurance,white
2018HU0589394,5,1,51090,3,0_9,m,not.in.labor.force,same.house,i.75000.99999,us.born,never,public,without.disability,not.working,with.insurance,white
2018HU1330618,5,1,51175,3,20_29,f,civilian.employed,diff.us.house,i.15000.24999,not.citizen,never,no.schooling,without.disability,private.profit,without.insurance,white
2018HU0641898,5,1,51020,3,20_29,f,not.in.labor.force,same.house,i.0.9999,naturalization,never,private,without.disability,not.working,with.insurance,asian
2018HU1167526,5,1,51040,3,20_29,f,not.in.labor.force,same.house,i.0.9999,not.citizen,never,no.schooling,without.disability,not.working,without.insurance,other
2018HU0972508,5,1,51120,3,60_69,m,civilian.employed,same.house,i.75000.99999,us.born,married,no.schooling,without.disability,private.no.profit,with.insurance,white
2018HU0265584,5,1,51105,3,50_59,f,not.in.labor.force,same.house,i.0.9999,us.born,married,no.schooling,without.disability,not.working,with.insurance,white
2018HU0702449,5,1,59303,3,70_79,m,civilian.employed,same.house,i.75000.99999,us.born,married,no.schooling,without.disability,federal,with.insurance,white
2018HU0593244,5,1,51040,3,10_19,m,not.in.labor.force,same.house,i.0.9999,us.born,never,public,without.disability,not.working,with.insurance,two.
2018HU0840441,5,5,4103,3,60_69,m,civilian.employed,same.house,i.75000.99999,naturalization,divorced,no.schooling,without.disability,private.profit,with.insurance,asian
2018HU0622724,5,1,4101,3,0_9,f,not.in.labor.force,diff.us.house,i.75000.99999,us.born,never,public,without.disability,not.working,with.insurance,white
2018HU0421893,5,1,51206,3,40_49,f,civilian.employed,same.house,i.0.9999,us.born,divorced,no.schooling,without.disability,self.employed.no.corp,with.insurance,white
2018HU0733692,5,1,51145,3,30_39,f,civilian.employed,abroad.house,i.35000.49999,us.born,never,no.schooling,without.disability,private.no.profit,with.insurance,white
2018HU0499647,5,1,59305,3,70_79,f,civilian.employed,same.house,i.0.9999,us.born,married,no.schooling,without.disability,local,with.insurance,white
2018HU1137565,5,2,51090,3,70_79,m,not.in.labor.force,same.house,i.0.9999,us.born,married,no.schooling,without.disability,not.working,with.insurance,white
2018HU0302088,5,2,51105,3,0_9,m,not.in.labor.force,same.house,i.75000.99999,us.born,never,no.schooling,without.disability,not.working,with.insurance,white
2018HU0671946,5,1,51167,3,0_9,m,not.in.labor.force,same.house,i.75000.99999,us.born,never,no.schooling,without.disability,not.working,with.insurance,black
2018HU1073388,5,1,51255,3,30_39,m,civilian.employed,diff.us.house,i.25000.34999,us.born,never,no.schooling,without.disability,private.profit,with.insurance,white
2018HU0703921,5,1,51175,3,60_69,m,civilian.employed,same.house,i.75000.99999,naturalization,married,no.schooling,without.disability,private.profit,with.insurance,white
2018HU0655745,5,2,51084,3,60_69,f,not.in.labor.force,same.house,i.0.9999,naturalization,married,no.schooling,without.disability,federal,with.insurance,asian
2018HU1077053,5,2,51165,3,0_9,f,not.in.labor.force,same.house,i.75000.99999,us.born,never,no.schooling,without.disability,not.working,with.insurance,asian
2018HU1058033,5,2,51165,3,50_59,m,civilian.employed,same.house,i.75000.99999,us.born,married,no.schooling,without.disability,federal,with.insurance,white
2018HU0800203,5,1,59307,3,30_39,f,civilian.employed,same.house,i.15000.24999,us.born,never,private,without.disability,private.profit,with.insurance,asian
2018HU0276506,5,2,51154,3,40_49,f,civilian.employed,same.house,i.50000.64999,naturalization,married,no.schooling,without.disability,private.profit,with.insurance,asian
2018HU1292549,5,2,51245,3,50_59,m,civilian.employed,same.house,i.75000.99999,us.born,married,no.schooling,without.disability,local,with.insurance,white
2018HU1105878,5,3,1302,3,70_79,m,not.in.labor.force,diff.us.house,i.0.9999,us.born,married,no.schooling,with.disability,not.working,with.insurance,white
2018HU0777920,5,1,51125,3,50_59,f,civilian.employed,same.house,i.75000.99999,not.citizen,married,no.schooling,without.disability,private.profit,with.insurance,asian
2018HU0924526,5,1,55002,3,10_19,f,not.in.labor.force,same.house,i.0.9999,us.born,never,public,without.disability,private.profit,with.insurance,white
2018HU0327242,5,1,51115,3,30_39,f,civilian.employed,diff.us.house,i.75000.99999,us.born,married,no.schooling,without.disability,federal,with.insurance,white
2018HU1326598,5,4,59306,3,40_49,f,not.in.labor.force,same.house,i.0.9999,us.born,married,no.schooling,without.disability,not.working,with.insurance,asian
2018HU1028739,5,1,59303,3,50_59,f,not.in.labor.force,same.house,i.0.9999,us.born,married,no.schooling,without.disability,private.no.profit,with.insurance,white
2018HU1183313,5,1,59303,3,10_19,m,not.in.labor.force,same.house,i.0.9999,us.born,never,public,without.disability,not.working,with.insurance,white
2018HU1314252,5,2,51020,3,60_69,f,not.in.labor.force,same.house,i.0.9999,us.born,divorced,no.schooling,without.disability,not.working,with.insurance,white
2018HU0767356,5,1,51154,3,0_9,m,not.in.labor.force,same.house,i.75000.99999,abroad.born,never,private,without.disability,not.working,with.insurance,white
2018HU0074532,5,1,51110,3,60_69,f,civilian.employed,same.house,i.0.9999,us.born,married,no.schooling,without.disability,state,with.insurance,white
2018HU1068243,5,4,59304,3,30_39,m,civilian.employed,diff.us.house,i.75000.99999,not.citizen,married,no.schooling,without.disability,private.profit,with.insurance,white
2018HU0373940,5,5,59308,3,0_9,f,not.in.labor.force,same.house,i.75000.99999,us.born,never,public,without.disability,not.working,with.insurance,asian
2018GQ0110025,5,1,51040,3,20_29,f,not.in.labor.force,same.house,i.0.9999,us.born,never,public,without.disability,private.profit,with.insurance,white
2018HU0622408,5,2,51164,3,0_9,f,not.in.labor.force,same.house,i.75000.99999,us.born,never,public,without.disability,not.working,with.insurance,white
2018HU0707325,5,1,51110,3,0_9,f,not.in.labor.force,same.house,i.75000.99999,us.born,never,public,without.disability,not.working,with.insurance,white
2018HU0638561,5,3,51145,3,10_19,m,not.in.labor.force,same.house,i.0.9999,naturalization,never,no.schooling,without.disability,not.working,with.insurance,asian
2018HU0373881,5,3,10701,3,20_29,m,civilian.employed,same.house,i.35000.49999,us.born,never,public,without.disability,private.profit,with.insurance,white
2018HU0444418,5,1,51225,3,0_9,m,not.in.labor.force,same.house,i.75000.99999,us.born,never,no.schooling,without.disability,not.working,with.insurance,white
2018HU0093968,5,1,51235,3,10_19,m,not.in.labor.force,same.house,i.0.9999,us.born,never,public,without.disability,not.working,with.insurance,white
2018HU0018063,5,1,51235,3,10_19,f,not.in.labor.force,same.house,i.75000.99999,us.born,never,public,without.disability,not.working,with.insurance,white
2018HU0820345,5,4,59304,3,40_49,f,civilian.employed,same.house,i.35000.49999,us.born,married,no.schooling,without.disability,local,with.insurance,white
2018HU1223992,5,1,51044,3,20_29,m,civilian.employed,same.house,i.15000.24999,us.born,never,no.schooling,without.disability,private.profit,with.insurance,other
2018HU0358915,5,4,51110,3,70_79,m,not.in.labor.force,diff.us.house,i.0.9999,us.born,married,no.schooling,with.disability,self.employed.corp,with.insurance,asian
2018HU0768170,5,1,51010,3,60_69,m,civilian.employed,diff.us.house,i.75000.99999,abroad.born,married,no.schooling,without.disability,private.profit,with.insurance,black
2018HU0192256,5,1,51245,3,0_9,f,not.in.labor.force,diff.us.house,i.75000.99999,us.born,never,no.schooling,without.disability,not.working,with.insurance,white
2018HU1119524,5,4,55001,3,60_69,f,civilian.employed,same.house,i.15000.24999,us.born,married,no.schooling,without.disability,private.profit,with.insurance,white
2018HU1254199,5,2,51087,3,10_19,m,not.in.labor.force,same.house,i.0.9999,us.born,never,public,without.disability,not.working,with.insurance,white
2018HU0402164,5,1,51105,3,10_19,f,not.in.labor.force,same.house,i.75000.99999,not.citizen,never,public,without.disability,not.working,without.insurance,white
2018HU1324684,5,1,4102,3,40_49,m,civilian.employed,same.house,i.75000.99999,us.born,never,no.schooling,with.disability,private.profit,with.insurance,white
2018HU1389644,5,1,51245,3,70_79,f,civilian.employed,same.house,i.35000.49999,us.born,divorced,no.schooling,without.disability,private.profit,with.insurance,white
2018HU0956067,5,1,51010,3,20_29,f,civilian.employed,same.house,i.15000.24999,us.born,never,no.schooling,without.disability,private.no.profit,with.insurance,white
2018HU0054740,5,1,51155,3,40_49,m,civilian.employed,diff.us.house,i.15000.24999,not.citizen,divorced,no.schooling,without.disability,private.profit,with.insurance,other
2018HU0821097,5,1,51175,3,30_39,f,civilian.employed,same.house,i.75000.99999,us.born,married,private,without.disability,private.profit,with.insurance,white
2018HU0703570,5,3,51020,3,60_69,m,not.in.labor.force,same.house,i.0.9999,naturalization,separated,no.schooling,with.disability,self.employed.no.corp,with.insurance,black
2018HU1048851,5,3,51154,3,50_59,f,civilian.employed,same.house,i.65000.74999,naturalization,married,no.schooling,without.disability,private.profit,with.insurance,white
2018HU0911567,5,1,4102,3,40_49,m,civilian.employed,same.house,i.75000.99999,us.born,married,no.schooling,without.disability,private.profit,with.insurance,white
2018HU0342563,5,1,55002,3,10_19,f,not.in.labor.force,same.house,i.0.9999,naturalization,never,public,without.disability,not.working,with.insurance,white
2018HU0501580,5,2,59305,3,50_59,m,civilian.employed,same.house,i.15000.24999,not.citizen,married,no.schooling,without.disability,private.profit,without.insurance,other
2018HU0175394,5,1,59303,3,60_69,m,not.in.labor.force,same.house,i.0.9999,us.born,never,no.schooling,without.disability,private.profit,with.insurance,white
2018HU0529307,5,2,1302,3,30_39,m,civilian.employed,same.house,i.35000.49999,naturalization,married,no.schooling,without.disability,private.no.profit,with.insurance,white
2018HU0156181,5,1,51087,3,20_29,m,civilian.employed,same.house,i.0.9999,us.born,never,no.schooling,without.disability,private.profit,with.insurance,white
2018HU1252133,5,6,51120,3,60_69,f,not.in.labor.force,same.house,i.0.9999,us.born,married,no.schooling,without.disability,not.working,with.insurance,white
2018HU0809899,5,1,59306,3,20_29,m,civilian.employed,diff.us.house,i.50000.64999,not.citizen,never,public,without.disability,private.profit,with.insurance,asian
2018HU1372382,5,1,55001,3,50_59,m,civilian.employed,same.house,i.75000.99999,us.born,married,no.schooling,without.disability,federal,with.insurance,white
2018HU0768322,5,1,51155,3,50_59,m,civilian.employed,same.house,i.75000.99999,us.born,married,no.schooling,without.disability,federal,with.insurance,white
2018HU0226853,5,1,51084,3,80_89,f,not.in.labor.force,same.house,i.0.9999,us.born,widowed,no.schooling,with.disability,not.working,with.insurance,white
2018HU0531566,5,5,51085,3,10_19,m,not.in.labor.force,same.house,i.0.9999,not.citizen,never,public,without.disability,not.working,without.insurance,asian
2018HU0303731,5,2,51135,3,40_49,m,civilian.employed,same.house,i.25000.34999,naturalization,married,no.schooling,without.disability,private.profit,with.insurance,asian
2018HU0980379,5,1,59307,3,10_19,m,not.in.labor.force,same.house,i.0.9999,us.born,never,public,without.disability,not.working,with.insurance,white
2018HU0184356,5,2,51084,3,50_59,f,civilian.employed,same.house,i.75000.99999,us.born,divorced,no.schooling,without.disability,private.profit,with.insurance,white
2018HU1029310,5,1,51096,3,70_79,m,not.in.labor.force,same.house,i.0.9999,not.citizen,married,no.schooling,without.disability,private.no.profit,with.insurance,asian
2018HU0737452,5,1,51097,3,60_69,m,civilian.employed,same.house,i.75000.99999,us.born,married,no.schooling,without.disability,private.no.profit,with.insurance,white
2018HU0290641,5,1,1302,3,0_9,f,not.in.labor.force,same.house,i.75000.99999,us.born,never,no.schooling,without.disability,not.working,with.insurance,other
2018HU0806194,5,1,51020,3,20_29,f,civilian.employed,same.house,i.25000.34999,us.born,never,no.schooling,without.disability,private.profit,without.insurance,white
2018HU0176429,5,1,51255,3,30_39,m,not.in.labor.force,same.house,i.0.9999,not.citizen,married,no.schooling,without.disability,not.working,without.insurance,white
2018HU1173955,5,1,4103,3,10_19,m,not.in.labor.force,same.house,i.0.9999,us.born,never,public,without.disability,not.working,with.insurance,asian
2018HU1248445,5,3,51010,3,30_39,f,civilian.employed,diff.us.house,i.50000.64999,us.born,divorced,no.schooling,without.disability,local,with.insurance,black
2018HU1133159,5,2,10702,3,80_89,f,not.in.labor.force,same.house,i.0.9999,us.born,widowed,no.schooling,without.disability,not.working,with.insurance,white
2018HU0385432,5,1,51255,3,80_89,f,not.in.labor.force,same.house,i.0.9999,us.born,widowed,no.schooling,without.disability,not.working,with.insurance,white
2018GQ0088192,5,1,51155,3,20_29,f,civilian.employed,same.house,i.0.9999,us.born,never,public,without.disability,state,with.insurance,white
2018HU0202728,5,1,51246,3,60_69,f,civilian.employed,same.house,i.75000.99999,us.born,married,no.schooling,without.disability,federal,with.insurance,white
2018HU0364016,5,1,51145,3,70_79,m,not.in.labor.force,same.house,i.0.9999,us.born,divorced,no.schooling,without.disability,self.employed.no.corp,with.insurance,white
2018HU0437180,5,1,51135,3,10_19,f,civilian.employed,abroad.house,i.0.9999,not.citizen,never,no.schooling,without.disability,private.profit,with.insurance,white
2018HU1117043,5,1,51045,3,40_49,f,not.in.labor.force,same.house,i.0.9999,naturalization,married,no.schooling,without.disability,not.working,with.insurance,white
2018HU0828105,5,5,51175,3,30_39,m,civilian.employed,same.house,i.75000.99999,us.born,never,no.schooling,without.disability,private.profit,with.insurance,white
2018HU0881301,5,1,51020,3,0_9,f,not.in.labor.force,same.house,i.75000.99999,us.born,never,public,without.disability,not.working,with.insurance,white
2018HU1373493,5,2,59305,3,50_59,f,civilian.employed,same.house,i.25000.34999,naturalization,married,no.schooling,without.disability,private.profit,with.insurance,asian
2018HU0653324,5,1,51105,3,60_69,m,not.in.labor.force,same.house,i.0.9999,us.born,married,no.schooling,without.disability,self.employed.no.corp,with.insurance,white
2018HU0995296,5,4,51120,3,10_19,m,not.in.labor.force,same.house,i.75000.99999,us.born,never,public,without.disability,not.working,with.insurance,white
2018HU0415312,5,1,51206,3,50_59,f,civilian.employed,same.house,i.75000.99999,us.born,married,no.schooling,without.disability,private.profit,with.insurance,white
2018HU0565199,5,1,51110,3,0_9,m,not.in.labor.force,same.house,i.75000.99999,us.born,never,no.schooling,without.disability,not.working,with.insurance,asian
2018HU0637052,5,1,51097,3,50_59,f,not.in.labor.force,same.house,i.0.9999,us.born,married,no.schooling,with.disability,private.profit,with.insurance,white
2018HU1364092,5,4,55002,3,10_19,f,not.in.labor.force,same.house,i.75000.99999,us.born,never,public,without.disability,not.working,with.insurance,white
2018HU0270439,5,1,51089,3,40_49,m,civilian.employed,same.house,i.75000.99999,us.born,married,no.schooling,without.disability,private.profit,with.insurance,white
2018HU0899622,5,1,51115,3,70_79,m,civilian.employed,same.house,i.50000.64999,naturalization,married,no.schooling,without.disability,self.employed.corp,with.insurance,asian
2018HU0854414,5,1,51135,3,30_39,f,civilian.employed,same.house,i.75000.99999,us.born,never,public,without.disability,private.no.profit,with.insurance,white
2018HU0743537,5,4,51154,3,10_19,f,not.in.labor.force,same.house,i.75000.99999,us.born,never,public,without.disability,not.working,with.insurance,white
2018HU1158574,5,5,51167,3,60_69,f,civilian.employed,abroad.house,i.0.9999,not.citizen,never,no.schooling,without.disability,private.profit,with.insurance,white
2018HU0244027,5,1,55001,3,70_79,m,civilian.employed,same.house,i.15000.24999,us.born,married,no.schooling,without.disability,private.profit,with.insurance,black
2018HU1208824,5,1,10701,3,0_9,f,not.in.labor.force,same.house,i.75000.99999,us.born,never,public,without.disability,not.working,with.insurance,white
2018HU0583837,5,1,51010,3,50_59,f,civilian.employed,same.house,i.0.9999,us.born,married,no.schooling,without.disability,self.employed.no.corp,with.insurance,white
2018HU0693368,5,1,51040,3,40_49,f,civilian.employed,same.house,i.75000.99999,us.born,married,no.schooling,without.disability,local,with.insurance,white
2018HU0981226,5,1,51090,3,10_19,f,not.in.labor.force,same.house,i.75000.99999,naturalization,never,public,with.disability,not.working,with.insurance,white
2018HU0102972,5,1,51135,3,20_29,f,civilian.employed,same.house,i.75000.99999,us.born,never,no.schooling,without.disability,private.profit,with.insurance,white
2018HU1110764,5,4,51167,3,0_9,f,not.in.labor.force,diff.us.house,i.75000.99999,us.born,never,private,without.disability,not.working,with.insurance,two.
2018HU1391537,5,2,51235,3,60_69,m,civilian.employed,same.house,i.50000.64999,us.born,married,no.schooling,without.disability,private.profit,with.insurance,white
2018HU0437180,5,1,51135,3,10_19,f,civilian.employed,abroad.house,i.0.9999,not.citizen,never,no.schooling,without.disability,private.profit,with.insurance,white
2018HU0786191,5,2,51215,3,30_39,f,civilian.employed,same.house,i.50000.64999,us.born,never,no.schooling,without.disability,private.no.profit,with.insurance,white
2018HU0195144,5,1,51010,3,60_69,f,not.in.labor.force,same.house,i.0.9999,us.born,divorced,no.schooling,without.disability,not.working,with.insurance,white
2018HU0867499,5,3,51154,3,0_9,m,not.in.labor.force,same.house,i.75000.99999,us.born,never,public,without.disability,not.working,with.insurance,white
2018GQ0105375,5,1,51045,3,70_79,f,not.in.labor.force,diff.us.house,i.0.9999,us.born,married,no.schooling,with.disability,not.working,with.insurance,white
2018HU0475440,5,2,51245,3,0_9,m,not.in.labor.force,same.house,i.75000.99999,us.born,never,private,without.disability,not.working,with.insurance,white
2018HU0983611,5,1,51090,3,70_79,f,civilian.employed,same.house,i.0.9999,us.born,married,no.schooling,without.disability,self.employed.no.corp,with.insurance,white
2018HU0062748,5,4,51105,3,0_9,m,not.in.labor.force,diff.us.house,i.75000.99999,us.born,never,public,without.disability,not.working,with.insurance,white
2018HU0623795,5,2,51045,3,20_29,m,not.in.labor.force,same.house,i.0.9999,not.citizen,never,public,without.disability,private.profit,without.insurance,asian
2018HU0841140,5,1,51235,3,80_89,f,not.in.labor.force,same.house,i.0.9999,us.born,married,no.schooling,without.disability,not.working,with.insurance,white
2018HU1047239,5,2,4103,3,70_79,m,not.in.labor.force,same.house,i.0.9999,us.born,divorced,public,without.disability,not.working,with.insurance,white
2018HU0259964,5,4,51154,3,20_29,m,civilian.employed,same.house,i.0.9999,naturalization,never,public,without.disability,private.profit,with.insurance,asian
2018HU0028620,5,1,55002,3,70_79,m,not.in.labor.force,same.house,i.0.9999,us.born,married,no.schooling,without.disability,self.employed.corp,with.insurance,white
2018HU0109798,5,2,51224,3,50_59,m,not.in.labor.force,same.house,i.50000.64999,us.born,married,no.schooling,without.disability,private.profit,with.insurance,white
2018HU0700176,5,1,51040,3,40_49,f,civilian.employed,diff.us.house,i.10000.14999,us.born,married,no.schooling,without.disability,private.profit,with.insurance,white
2018HU1359901,5,3,51044,3,40_49,f,civilian.employed,same.house,i.0.9999,naturalization,married,no.schooling,without.disability,private.profit,with.insurance,other
2018HU0092795,5,3,59301,3,70_79,f,civilian.employed,same.house,i.0.9999,us.born,married,no.schooling,without.disability,private.profit,with.insurance,white
2018HU0384191,5,1,51105,3,10_19,m,not.in.labor.force,same.house,i.75000.99999,us.born,never,private,without.disability,not.working,with.insurance,white
2018HU1112572,5,3,51020,3,40_49,m,civilian.employed,same.house,i.0.9999,naturalization,never,no.schooling,without.disability,self.employed.no.corp,with.insurance,asian
2018HU0678748,5,1,51084,3,50_59,f,civilian.employed,same.house,i.35000.49999,us.born,married,no.schooling,without.disability,not.working,with.insurance,white
2018HU0073824,5,1,59306,3,60_69,f,not.in.labor.force,same.house,i.0.9999,us.born,married,no.schooling,without.disability,not.working,with.insurance,white
2018GQ0073718,5,2,51145,3,80_89,m,not.in.labor.force,same.house,i.0.9999,us.born,widowed,no.schooling,with.disability,not.working,with.insurance,white
2018HU1216597,5,4,51244,3,40_49,f,civilian.employed,same.house,i.75000.99999,us.born,married,no.schooling,without.disability,private.profit,with.insurance,white
2018HU0351523,5,1,51206,3,60_69,m,not.in.labor.force,same.house,i.0.9999,us.born,divorced,no.schooling,without.disability,state,with.insurance,white
2018HU0134206,5,1,10703,3,0_9,f,not.in.labor.force,same.house,i.75000.99999,us.born,never,public,without.disability,not.working,with.insurance,white
2018HU0795926,5,1,4103,3,10_19,m,not.in.labor.force,same.house,i.75000.99999,us.born,never,public,without.disability,not.working,with.insurance,white
2018HU0594191,5,1,51105,3,50_59,f,not.in.labor.force,same.house,i.0.9999,naturalization,married,no.schooling,without.disability,private.no.profit,with.insurance,asian
2018HU0145042,5,3,10701,3,60_69,f,not.in.labor.force,same.house,i.0.9999,naturalization,married,no.schooling,without.disability,not.working,with.insurance,asian
2018HU1072460,5,4,51090,3,0_9,m,not.in.labor.force,same.house,i.75000.99999,us.born,never,no.schooling,without.disability,not.working,with.insurance,white
2018HU0365330,5,1,51020,3,30_39,m,civilian.employed,same.house,i.0.9999,us.born,married,no.schooling,without.disability,self.employed.no.corp,with.insurance,two.
2018HU0906428,5,2,51084,3,50_59,m,civilian.employed,same.house,i.0.9999,us.born,never,no.schooling,with.disability,private.no.profit,with.insurance,white
2018HU1076032,5,4,59301,3,40_49,f,not.in.labor.force,same.house,i.0.9999,us.born,married,no.schooling,without.disability,private.profit,with.insurance,white
2018HU0702338,5,4,10703,3,30_39,m,civilian.employed,same.house,i.75000.99999,naturalization,married,no.schooling,without.disability,private.profit,with.insurance,asian
2018HU0428902,5,1,51085,3,0_9,m,not.in.labor.force,same.house,i.75000.99999,us.born,never,public,without.disability,not.working,with.insurance,asian
2018HU1150859,5,4,4103,3,10_19,f,civilian.employed,diff.us.house,i.0.9999,not.citizen,never,public,without.disability,private.profit,without.insurance,asian
2018HU1391960,5,2,51175,3,30_39,m,civilian.employed,same.house,i.65000.74999,us.born,never,no.schooling,without.disability,private.no.profit,with.insurance,black
2018HU0098850,5,1,51215,3,20_29,m,not.in.labor.force,same.house,i.0.9999,naturalization,never,no.schooling,without.disability,private.profit,with.insurance,asian
2018HU0949747,5,2,51245,3,10_19,m,not.in.labor.force,same.house,i.75000.99999,us.born,never,public,without.disability,not.working,with.insurance,two.
2018HU0129086,5,2,51255,3,60_69,m,not.in.labor.force,same.house,i.0.9999,naturalization,married,no.schooling,with.disability,private.profit,with.insurance,asian
2018HU0480605,5,1,59303,3,50_59,f,civilian.employed,same.house,i.0.9999,naturalization,married,no.schooling,without.disability,private.profit,without.insurance,white
2018HU0371615,5,2,51165,3,20_29,f,civilian.employed,same.house,i.15000.24999,us.born,never,no.schooling,without.disability,private.profit,with.insurance,white
2018HU0159601,5,2,59302,3,0_9,f,not.in.labor.force,same.house,i.75000.99999,us.born,never,no.schooling,without.disability,not.working,with.insurance,two.
2018HU0897004,5,1,51154,3,80_89,m,not.in.labor.force,same.house,i.0.9999,not.citizen,married,no.schooling,without.disability,not.working,with.insurance,asian
2018HU1141097,5,3,51165,3,50_59,m,civilian.employed,same.house,i.75000.99999,puerto.rico.born,married,no.schooling,without.disability,private.no.profit,with.insurance,white
2018HU0125778,5,1,51090,3,20_29,m,civilian.employed,same.house,i.10000.14999,abroad.born,never,no.schooling,without.disability,private.no.profit,with.insurance,white
2018HU0153919,5,4,51145,3,10_19,f,civilian.employed,same.house,i.0.9999,naturalization,never,public,without.disability,private.profit,with.insurance,black
2018HU0850617,5,5,51120,3,60_69,f,not.in.labor.force,same.house,i.0.9999,us.born,married,no.schooling,without.disability,private.profit,with.insurance,white
2018HU0848762,5,1,51096,3,50_59,m,civilian.employed,same.house,i.75000.99999,us.born,never,no.schooling,without.disability,federal,with.insurance,white
2018HU0050258,5,1,51097,3,0_9,m,not.in.labor.force,same.house,i.75000.99999,us.born,never,public,without.disability,not.working,with.insurance,asian
2018HU1303004,5,2,51225,3,80_89,m,not.in.labor.force,same.house,i.0.9999,us.born,married,no.schooling,without.disability,not.working,with.insurance,white
2018HU0512410,5,3,10702,3,30_39,m,civilian.employed,diff.us.house,i.75000.99999,not.citizen,married,no.schooling,without.disability,private.no.profit,with.insurance,asian
2018HU1319987,5,1,59306,3,30_39,f,civilian.employed,same.house,i.75000.99999,us.born,married,no.schooling,without.disability,private.profit,with.insurance,black
2018HU0722084,5,3,51085,3,50_59,m,civilian.employed,same.house,i.75000.99999,us.born,married,no.schooling,without.disability,private.profit,with.insurance,white
2018HU0913109,5,1,59302,3,50_59,m,civilian.employed,same.house,i.75000.99999,naturalization,married,no.schooling,without.disability,private.profit,with.insurance,other
2018HU0578504,5,1,51110,3,30_39,m,civilian.employed,same.house,i.15000.24999,naturalization,never,no.schooling,without.disability,private.profit,with.insurance,white
2018HU1309053,5,1,51090,3,10_19,f,not.in.labor.force,same.house,i.75000.99999,us.born,never,public,without.disability,not.working,with.insurance,black
2018HU0913109,5,1,51215,3,50_59,f,civilian.employed,same.house,i.10000.14999,naturalization,married,no.schooling,without.disability,private.profit,with.insurance,other
2018HU0167249,5,1,51235,3,40_49,f,civilian.employed,same.house,i.65000.74999,us.born,never,no.schooling,without.disability,private.profit,with.insurance,asian
2018HU0868396,5,1,51096,3,70_79,m,not.in.labor.force,same.house,i.0.9999,us.born,married,no.schooling,without.disability,not.working,with.insurance,white
2018HU0274836,5,2,55001,3,10_19,m,not.in.labor.force,same.house,i.0.9999,us.born,never,public,without.disability,not.working,with.insurance,white
2018HU1257133,5,2,51010,3,40_49,m,armed.forces,diff.us.house,i.75000.99999,us.born,married,no.schooling,without.disability,federal,with.insurance,white
2018HU0249978,5,1,51235,3,10_19,m,not.in.labor.force,same.house,i.0.9999,not.citizen,never,public,without.disability,not.working,with.insurance,other
2018HU0014558,5,4,51224,3,60_69,f,civilian.employed,same.house,i.75000.99999,us.born,married,no.schooling,without.disability,private.profit,with.insurance,white
2018HU0096047,5,2,51010,3,30_39,f,civilian.employed,same.house,i.35000.49999,us.born,married,no.schooling,with.disability,private.no.profit,with.insurance,white
2018HU0787217,5,2,59301,3,10_19,m,not.in.labor.force,same.house,i.75000.99999,us.born,never,public,without.disability,not.working,with.insurance,asian
2018GQ0110025,5,1,51040,3,20_29,f,not.in.labor.force,same.house,i.0.9999,us.born,never,public,without.disability,private.profit,with.insurance,white
2018HU0767133,5,7,51246,3,80_89,f,not.in.labor.force,same.house,i.0.9999,us.born,never,no.schooling,without.disability,not.working,with.insurance,white
2018HU0747197,5,1,51020,3,70_79,m,not.in.labor.force,same.house,i.0.9999,naturalization,married,no.schooling,with.disability,not.working,with.insurance,asian
2018HU1362974,5,2,51044,3,0_9,f,not.in.labor.force,same.house,i.75000.99999,us.born,never,public,without.disability,not.working,with.insurance,asian
2018HU1079884,5,1,51246,3,60_69,f,civilian.employed,same.house,i.25000.34999,not.citizen,married,no.schooling,without.disability,private.profit,with.insurance,white
2018HU1070123,5,4,51145,3,70_79,f,not.in.labor.force,same.house,i.0.9999,us.born,divorced,no.schooling,with.disability,not.working,with.insurance,white
2018HU1373367,5,1,51080,3,40_49,m,civilian.employed,same.house,i.35000.49999,us.born,married,no.schooling,without.disability,private.no.profit,with.insurance,white
2018HU0722084,5,2,51085,3,40_49,f,not.in.labor.force,same.house,i.0.9999,us.born,married,no.schooling,without.disability,not.working,with.insurance,white
2018HU0307463,5,1,51097,3,50_59,m,civilian.employed,same.house,i.75000.99999,us.born,married,no.schooling,without.disability,federal,with.insurance,white
2018HU0618517,5,4,51245,3,60_69,f,civilian.employed,same.house,i.75000.99999,naturalization,married,no.schooling,without.disability,federal,with.insurance,two.
2018HU0566933,5,1,51167,3,20_29,f,civilian.employed,same.house,i.10000.14999,us.born,never,no.schooling,with.disability,private.profit,without.insurance,two.
2018HU0573792,5,2,51155,3,10_19,m,not.in.labor.force,same.house,i.0.9999,us.born,never,public,without.disability,not.working,with.insurance,white
2018HU0724028,5,1,51206,3,60_69,f,civilian.employed,same.house,i.35000.49999,naturalization,married,no.schooling,without.disability,private.profit,with.insurance,asian
2018HU0477709,5,2,51080,3,20_29,f,civilian.employed,diff.us.house,i.25000.34999,not.citizen,married,no.schooling,without.disability,private.profit,with.insurance,white
2018HU0763543,5,2,10702,3,20_29,f,civilian.employed,diff.us.house,i.25000.34999,us.born,never,no.schooling,without.disability,private.profit,with.insurance,white
2018HU0128307,5,1,51164,3,60_69,m,not.in.labor.force,same.house,i.0.9999,us.born,married,no.schooling,without.disability,not.working,with.insurance,white
2018HU0666659,5,1,51044,3,50_59,f,civilian.employed,same.house,i.75000.99999,naturalization,divorced,no.schooling,without.disability,federal,with.insurance,asian
2018HU0544846,5,1,51105,3,10_19,f,not.in.labor.force,same.house,i.0.9999,us.born,never,public,without.disability,not.working,with.insurance,white
2018HU0362972,5,2,59301,3,40_49,m,civilian.employed,same.house,i.75000.99999,us.born,married,no.schooling,without.disability,self.employed.corp,with.insurance,white
2018HU0897004,5,1,51154,3,80_89,m,not.in.labor.force,same.house,i.0.9999,not.citizen,married,no.schooling,without.disability,not.working,with.insurance,asian
2018HU1374276,5,3,51120,3,60_69,m,civilian.employed,same.house,i.75000.99999,us.born,married,no.schooling,without.disability,federal,with.insurance,white
2018HU0415987,5,1,51175,3,70_79,f,not.in.labor.force,same.house,i.0.9999,us.born,married,no.schooling,without.disability,not.working,with.insurance,white
2018HU0853947,5,1,4101,3,80_89,m,civilian.employed,same.house,i.0.9999,us.born,married,no.schooling,without.disability,local,with.insurance,white
2018HU1231240,5,3,51045,3,40_49,f,unemployed,same.house,i.0.9999,not.citizen,married,no.schooling,without.disability,not.working,with.insurance,white
2018HU0311237,5,2,51097,3,50_59,f,not.in.labor.force,same.house,i.0.9999,us.born,married,no.schooling,without.disability,private.profit,with.insurance,asian
2018HU1098550,5,1,51154,3,50_59,f,civilian.employed,same.house,i.35000.49999,us.born,married,no.schooling,with.disability,private.no.profit,with.insurance,white
2018HU0587354,5,1,51040,3,10_19,f,not.in.labor.force,same.house,i.75000.99999,us.born,never,public,without.disability,not.working,with.insurance,white
2018HU1330618,5,1,59303,3,0_9,m,not.in.labor.force,diff.us.house,i.75000.99999,us.born,never,public,without.disability,not.working,with.insurance,white
2018HU1179260,5,5,51115,3,50_59,f,civilian.employed,same.house,i.75000.99999,us.born,married,no.schooling,without.disability,private.no.profit,with.insurance,white
2018HU0419667,5,1,51175,3,40_49,m,civilian.employed,same.house,i.75000.99999,us.born,married,no.schooling,without.disability,private.profit,with.insurance,white
2018HU1063375,5,1,51125,3,40_49,m,civilian.employed,same.house,i.75000.99999,us.born,married,no.schooling,without.disability,private.profit,with.insurance,white
2018HU0406160,5,1,55001,3,20_29,f,civilian.employed,same.house,i.10000.14999,us.born,never,public,without.disability,private.profit,with.insurance,white
2018HU0065762,5,1,51135,3,0_9,m,not.in.labor.force,same.house,i.75000.99999,abroad.born,never,private,without.disability,not.working,with.insurance,white
2018HU0776778,5,2,51164,3,30_39,m,civilian.employed,same.house,i.75000.99999,naturalization,married,no.schooling,without.disability,private.profit,with.insurance,asian
2018HU0359312,5,1,51215,3,40_49,m,civilian.employed,same.house,i.15000.24999,naturalization,married,no.schooling,without.disability,private.profit,with.insurance,white
2018HU1216347,5,1,51175,3,70_79,f,not.in.labor.force,same.house,i.0.9999,us.born,married,no.schooling,with.disability,not.working,with.insurance,white
2018HU1332426,5,1,51225,3,80_89,m,not.in.labor.force,same.house,i.0.9999,us.born,widowed,no.schooling,with.disability,not.working,with.insurance,white
2018HU0446563,5,1,59305,3,10_19,f,not.in.labor.force,same.house,i.75000.99999,us.born,never,private,without.disability,not.working,with.insurance,white
2018HU0750872,5,2,51167,3,10_19,f,not.in.labor.force,abroad.house,i.75000.99999,us.born,never,public,without.disability,not.working,with.insurance,white
2018HU0471162,5,1,51235,3,40_49,f,civilian.employed,same.house,i.75000.99999,us.born,married,no.schooling,without.disability,federal,with.insurance,white
2018HU1294894,5,2,59303,3,0_9,f,not.in.labor.force,same.house,i.75000.99999,us.born,never,no.schooling,without.disability,not.working,with.insurance,white
2018HU0250496,5,1,51010,3,70_79,f,not.in.labor.force,same.house,i.0.9999,us.born,married,no.schooling,without.disability,not.working,with.insurance,white
2018HU1036596,5,3,51165,3,80_89,f,not.in.labor.force,same.house,i.0.9999,not.citizen,widowed,no.schooling,with.disability,not.working,without.insurance,asian
2018HU1292549,5,2,51245,3,50_59,m,civilian.employed,same.house,i.75000.99999,us.born,married,no.schooling,without.disability,local,with.insurance,white
2018HU1240378,5,2,59308,3,0_9,f,not.in.labor.force,same.house,i.75000.99999,us.born,never,public,without.disability,not.working,with.insurance,white
2018HU0526982,5,1,51080,3,10_19,f,not.in.labor.force,diff.us.house,i.75000.99999,us.born,never,public,without.disability,not.working,with.insurance,two.
2018HU0173955,5,5,51097,3,70_79,f,not.in.labor.force,same.house,i.0.9999,us.born,widowed,no.schooling,without.disability,self.employed.no.corp,with.insurance,white
2018HU0709298,5,1,51044,3,60_69,f,civilian.employed,same.house,i.75000.99999,us.born,married,no.schooling,without.disability,private.no.profit,with.insurance,white
2018HU0872375,5,1,51097,3,50_59,f,civilian.employed,diff.us.house,i.10000.14999,not.citizen,married,no.schooling,without.disability,private.profit,with.insurance,white
2018HU0270326,5,2,51245,3,30_39,f,not.in.labor.force,same.house,i.0.9999,us.born,married,no.schooling,without.disability,private.profit,with.insurance,white
2018HU0730892,5,1,51097,3,40_49,f,not.in.labor.force,same.house,i.0.9999,naturalization,married,no.schooling,without.disability,not.working,with.insurance,asian
2018HU0329517,5,1,51095,3,50_59,f,civilian.employed,same.house,i.25000.34999,us.born,married,no.schooling,without.disability,local,with.insurance,white
2018HU0822361,5,1,51096,3,50_59,m,civilian.employed,same.house,i.75000.99999,us.born,married,no.schooling,without.disability,private.profit,with.insurance,white
2018HU0249978,5,1,51045,3,0_9,f,not.in.labor.force,same.house,i.75000.99999,us.born,never,public,without.disability,not.working,with.insurance,two.
2018HU0672805,5,1,51244,3,10_19,m,not.in.labor.force,same.house,i.0.9999,us.born,never,public,without.disability,private.no.profit,with.insurance,white
2018HU0109798,5,3,51224,3,10_19,m,not.in.labor.force,same.house,i.0.9999,us.born,never,public,without.disability,not.working,with.insurance,white
2018HU0820272,5,3,59304,3,0_9,f,not.in.labor.force,same.house,i.75000.99999,us.born,never,no.schooling,without.disability,not.working,with.insurance,white
2018HU1302269,5,2,4102,3,60_69,f,not.in.labor.force,same.house,i.0.9999,us.born,married,no.schooling,without.disability,not.working,with.insurance,white
2018HU0863136,5,1,51115,3,50_59,f,civilian.employed,same.house,i.50000.64999,not.citizen,married,no.schooling,without.disability,private.no.profit,with.insurance,white
2018HU0052072,5,1,51145,3,10_19,f,not.in.labor.force,same.house,i.75000.99999,us.born,never,public,with.disability,not.working,with.insurance,black
2018HU1160697,5,1,51084,3,80_89,f,not.in.labor.force,same.house,i.0.9999,us.born,divorced,no.schooling,without.disability,not.working,with.insurance,white
2018HU0082438,5,1,51125,3,10_19,f,not.in.labor.force,diff.us.house,i.75000.99999,naturalization,never,public,without.disability,not.working,with.insurance,asian
2018HU0434485,5,4,51040,3,30_39,m,civilian.employed,same.house,i.15000.24999,not.citizen,divorced,no.schooling,without.disability,self.employed.corp,without.insurance,white
2018HU0669386,5,3,51120,3,70_79,f,not.in.labor.force,same.house,i.0.9999,us.born,widowed,no.schooling,without.disability,federal,with.insurance,white
2018HU0640918,5,2,51245,3,60_69,f,not.in.labor.force,same.house,i.0.9999,us.born,never,no.schooling,without.disability,not.working,with.insurance,two.
2018HU1112853,5,1,1301,3,40_49,f,civilian.employed,same.house,i.0.9999,us.born,married,no.schooling,without.disability,private.no.profit,with.insurance,white
2018HU0650297,5,3,59302,3,30_39,m,civilian.employed,diff.us.house,i.35000.49999,us.born,married,no.schooling,without.disability,federal,with.insurance,white
2018HU1107595,5,1,51105,3,0_9,f,not.in.labor.force,diff.us.house,i.75000.99999,us.born,never,public,without.disability,not.working,with.insurance,black
2018HU1141446,5,5,51080,3,10_19,m,not.in.labor.force,same.house,i.0.9999,abroad.born,never,public,without.disability,not.working,with.insurance,white
2018HU1071019,5,1,51105,3,0_9,m,not.in.labor.force,same.house,i.75000.99999,us.born,never,public,without.disability,not.working,with.insurance,white
2018HU0810725,5,2,59301,3,40_49,m,civilian.employed,same.house,i.10000.14999,us.born,divorced,no.schooling,without.disability,private.profit,with.insurance,white
2018HU0438166,5,1,51125,3,20_29,m,civilian.employed,same.house,i.15000.24999,us.born,married,no.schooling,without.disability,private.profit,with.insurance,white
2018HU1070279,5,1,51135,3,40_49,f,civilian.employed,same.house,i.75000.99999,us.born,never,no.schooling,without.disability,private.no.profit,with.insurance,white
2018HU1332676,5,2,51175,3,60_69,f,civilian.employed,same.house,i.15000.24999,us.born,married,no.schooling,without.disability,self.employed.corp,with.insurance,white
2018HU0770905,5,1,51164,3,20_29,f,civilian.employed,same.house,i.15000.24999,us.born,never,no.schooling,without.disability,private.profit,with.insurance,white
2018HU0724300,5,2,55001,3,0_9,m,not.in.labor.force,diff.us.house,i.75000.99999,us.born,never,no.schooling,without.disability,not.working,with.insurance,white
2018HU0639857,5,1,10703,3,0_9,f,not.in.labor.force,same.house,i.75000.99999,us.born,never,public,without.disability,not.working,with.insurance,white
2018HU0750818,5,2,51225,3,60_69,f,civilian.employed,same.house,i.75000.99999,us.born,divorced,no.schooling,without.disability,private.no.profit,with.insurance,white
2018HU1054568,5,1,51206,3,0_9,f,not.in.labor.force,diff.us.house,i.75000.99999,us.born,never,public,without.disability,not.working,with.insurance,white
2018HU1067319,5,1,51010,3,60_69,m,civilian.employed,same.house,i.75000.99999,us.born,married,no.schooling,without.disability,federal,with.insurance,white
2018HU1359242,5,2,4103,3,70_79,m,civilian.employed,same.house,i.10000.14999,not.citizen,married,no.schooling,without.disability,private.profit,without.insurance,asian
2018HU0856976,5,1,51105,3,30_39,f,civilian.employed,same.house,i.50000.64999,us.born,married,no.schooling,without.disability,local,with.insurance,white
2018HU0817565,5,1,51155,3,30_39,m,civilian.employed,same.house,i.75000.99999,puerto.rico.born,married,no.schooling,without.disability,federal,with.insurance,white
2018HU0945015,5,3,59307,3,50_59,m,unemployed,same.house,i.0.9999,us.born,never,no.schooling,without.disability,private.profit,with.insurance,black
2018HU0109111,5,2,51215,3,40_49,f,civilian.employed,same.house,i.35000.49999,naturalization,divorced,no.schooling,without.disability,state,with.insurance,black
2018HU0944832,5,1,51154,3,10_19,f,not.in.labor.force,same.house,i.75000.99999,us.born,never,public,without.disability,not.working,with.insurance,white
2018HU0672646,5,2,51167,3,10_19,m,not.in.labor.force,same.house,i.75000.99999,abroad.born,never,public,without.disability,not.working,with.insurance,white
2018HU0407647,5,1,51164,3,20_29,m,civilian.employed,diff.us.house,i.25000.34999,us.born,never,no.schooling,with.disability,private.profit,with.insurance,white
2018HU0578243,5,1,4101,3,10_19,m,not.in.labor.force,same.house,i.0.9999,not.citizen,never,public,without.disability,not.working,with.insurance,white
2018GQ0116511,5,1,51235,3,20_29,f,not.in.labor.force,same.house,i.0.9999,us.born,never,public,without.disability,private.profit,without.insurance,white
2018HU1240378,5,1,59308,3,0_9,f,not.in.labor.force,same.house,i.75000.99999,us.born,never,public,without.disability,not.working,with.insurance,white
2018HU0887383,5,1,51105,3,40_49,m,civilian.employed,same.house,i.65000.74999,naturalization,divorced,no.schooling,without.disability,private.no.profit,with.insurance,black
2018HU0154650,5,1,51090,3,40_49,m,civilian.employed,same.house,i.75000.99999,us.born,married,no.schooling,without.disability,state,with.insurance,black
2018HU0524222,5,1,51095,3,30_39,f,not.in.labor.force,same.house,i.0.9999,us.born,never,no.schooling,without.disability,self.employed.no.corp,with.insurance,white
2018HU1291361,5,1,51085,3,10_19,f,not.in.labor.force,same.house,i.75000.99999,us.born,never,public,with.disability,not.working,with.insurance,white
2018HU0757851,5,1,51105,3,10_19,f,not.in.labor.force,same.house,i.0.9999,us.born,never,public,without.disability,not.working,with.insurance,asian
2018GQ0051978,5,1,1302,3,10_19,f,civilian.employed,same.house,i.0.9999,us.born,never,public,without.disability,private.profit,with.insurance,white
2018HU0341369,5,3,51090,3,70_79,m,not.in.labor.force,same.house,i.0.9999,us.born,married,no.schooling,without.disability,not.working,with.insurance,white
2018HU0188940,5,3,55002,3,50_59,f,civilian.employed,same.house,i.75000.99999,us.born,married,no.schooling,without.disability,private.no.profit,with.insurance,white
2018HU0753086,5,2,51120,3,30_39,f,civilian.employed,same.house,i.0.9999,us.born,never,public,without.disability,private.no.profit,with.insurance,white
2018HU0246473,5,4,59308,3,20_29,f,civilian.employed,diff.us.house,i.75000.99999,us.born,never,no.schooling,without.disability,state,with.insurance,white
2018HU0531566,5,5,51085,3,10_19,m,not.in.labor.force,same.house,i.0.9999,not.citizen,never,public,without.disability,not.working,without.insurance,asian
2018HU1109481,5,2,51097,3,50_59,f,civilian.employed,same.house,i.50000.64999,naturalization,divorced,no.schooling,without.disability,local,with.insurance,white
2018HU0529689,5,1,51089,3,10_19,f,not.in.labor.force,diff.us.house,i.75000.99999,us.born,never,public,with.disability,not.working,with.insurance,white
2018HU0501566,5,1,59308,3,40_49,f,civilian.employed,diff.us.house,i.35000.49999,naturalization,never,no.schooling,without.disability,private.profit,with.insurance,asian
2018HU1038463,5,1,55002,3,40_49,m,civilian.employed,same.house,i.0.9999,naturalization,married,no.schooling,without.disability,self.employed.no.corp,with.insurance,asian
2018HU1157592,5,1,51105,3,50_59,m,civilian.employed,same.house,i.25000.34999,us.born,married,no.schooling,without.disability,private.profit,with.insurance,white
2018HU1077347,5,4,51115,3,10_19,m,not.in.labor.force,same.house,i.75000.99999,us.born,never,private,without.disability,not.working,with.insurance,white
2018HU1336114,5,1,51167,3,10_19,m,not.in.labor.force,same.house,i.75000.99999,us.born,never,public,without.disability,not.working,with.insurance,white
2018HU0359312,5,4,51215,3,10_19,f,not.in.labor.force,same.house,i.0.9999,us.born,never,public,without.disability,not.working,with.insurance,white
2018HU0940170,5,2,51135,3,40_49,f,civilian.employed,same.house,i.50000.64999,naturalization,married,private,without.disability,local,with.insurance,asian
2018HU0581267,5,4,51010,3,20_29,f,civilian.employed,diff.us.house,i.75000.99999,not.citizen,married,no.schooling,without.disability,private.profit,with.insurance,asian
2018HU0352943,5,3,51215,3,0_9,f,not.in.labor.force,same.house,i.75000.99999,us.born,never,public,without.disability,not.working,with.insurance,white
2018HU0175859,5,5,10703,3,30_39,m,civilian.employed,same.house,i.10000.14999,us.born,never,no.schooling,without.disability,private.profit,with.insurance,white
2018HU1354588,5,1,51045,3,40_49,f,civilian.employed,same.house,i.35000.49999,naturalization,separated,no.schooling,without.disability,local,with.insurance,black
2018HU1283782,5,2,51020,3,70_79,m,civilian.employed,same.house,i.10000.14999,us.born,married,no.schooling,without.disability,private.no.profit,with.insurance,white
2018HU0748287,5,1,51105,3,50_59,f,not.in.labor.force,same.house,i.0.9999,us.born,married,no.schooling,without.disability,not.working,with.insurance,white
2018HU0371983,5,1,51097,3,70_79,m,civilian.employed,same.house,i.75000.99999,us.born,married,no.schooling,with.disability,private.profit,with.insurance,white
2018HU0280805,5,2,55002,3,20_29,m,civilian.employed,same.house,i.65000.74999,us.born,never,no.schooling,without.disability,private.profit,with.insurance,white
2018HU0991759,5,2,59301,3,0_9,f,not.in.labor.force,abroad.house,i.75000.99999,abroad.born,never,public,without.disability,not.working,with.insurance,white
2018HU0009445,5,3,51115,3,0_9,m,not.in.labor.force,same.house,i.75000.99999,us.born,never,no.schooling,without.disability,not.working,with.insurance,white
2018HU1075547,5,1,51040,3,0_9,m,not.in.labor.force,same.house,i.75000.99999,us.born,never,public,without.disability,not.working,with.insurance,white
2018HU1280846,5,1,51155,3,40_49,f,civilian.employed,same.house,i.75000.99999,us.born,never,no.schooling,without.disability,private.profit,with.insurance,black
2018HU0359179,5,1,51135,3,20_29,f,civilian.employed,same.house,i.10000.14999,us.born,never,no.schooling,without.disability,private.profit,with.insurance,white
2018HU0929282,5,3,51225,3,40_49,f,civilian.employed,same.house,i.50000.64999,us.born,married,no.schooling,without.disability,federal,with.insurance,white
2018HU0589394,5,1,51084,3,40_49,m,civilian.employed,same.house,i.75000.99999,us.born,married,no.schooling,without.disability,private.profit,with.insurance,white
2018GQ0023189,5,1,51135,3,10_19,m,not.in.labor.force,same.house,i.0.9999,us.born,never,public,without.disability,not.working,without.insurance,white
2018HU0883708,5,2,10703,3,50_59,f,civilian.employed,same.house,i.10000.14999,naturalization,never,no.schooling,without.disability,private.profit,with.insurance,asian
2018HU0812867,5,1,51154,3,30_39,f,civilian.employed,diff.us.house,i.15000.24999,us.born,married,no.schooling,without.disability,self.employed.corp,without.insurance,white
2018HU0639485,5,1,51125,3,60_69,m,civilian.employed,same.house,i.0.9999,naturalization,married,no.schooling,without.disability,self.employed.no.corp,with.insurance,asian
2018GQ0034792,5,1,51154,3,10_19,f,not.in.labor.force,diff.us.house,i.0.9999,us.born,never,public,with.disability,private.profit,with.insurance,white
2018HU0246251,5,1,51224,3,60_69,f,civilian.employed,same.house,i.75000.99999,us.born,divorced,no.schooling,without.disability,private.profit,with.insurance,white
2018HU1333111,5,2,51010,3,40_49,m,civilian.employed,same.house,i.75000.99999,naturalization,married,no.schooling,without.disability,private.profit,with.insurance,asian
2018HU0236941,5,1,51164,3,0_9,m,not.in.labor.force,same.house,i.75000.99999,us.born,never,public,without.disability,not.working,with.insurance,asian
2018HU1047775,5,4,59309,3,30_39,f,civilian.employed,same.house,i.75000.99999,us.born,married,no.schooling,without.disability,self.employed.corp,with.insurance,white
2018HU1244305,5,1,59303,3,0_9,m,not.in.labor.force,same.house,i.75000.99999,us.born,never,public,without.disability,not.working,with.insurance,black
2018HU0516020,5,1,51175,3,30_39,f,civilian.employed,same.house,i.75000.99999,us.born,never,no.schooling,without.disability,private.profit,with.insurance,white
2018HU1234835,5,1,51206,3,70_79,f,not.in.labor.force,same.house,i.0.9999,naturalization,married,no.schooling,without.disability,not.working,with.insurance,white
2018HU1307483,5,4,51097,3,10_19,m,not.in.labor.force,same.house,i.75000.99999,us.born,never,public,without.disability,not.working,with.insurance,black
2018HU0400741,5,1,59308,3,30_39,f,civilian.employed,same.house,i.75000.99999,naturalization,married,no.schooling,without.disability,federal,with.insurance,two.
2018HU0216945,5,1,51115,3,0_9,m,not.in.labor.force,same.house,i.75000.99999,us.born,never,no.schooling,without.disability,not.working,with.insurance,white
2018HU1022402,5,1,51135,3,50_59,f,not.in.labor.force,same.house,i.0.9999,us.born,married,no.schooling,without.disability,not.working,with.insurance,white
2018HU0863977,5,1,51040,3,50_59,m,civilian.employed,diff.us.house,i.75000.99999,abroad.born,never,no.schooling,without.disability,federal,with.insurance,white
2018HU1280659,5,1,51225,3,40_49,m,civilian.employed,same.house,i.75000.99999,us.born,married,no.schooling,without.disability,private.profit,with.insurance,white
2018HU0273193,5,3,51167,3,10_19,f,civilian.employed,diff.us.house,i.0.9999,us.born,never,public,without.disability,private.profit,with.insurance,white
2018HU0420198,5,3,51165,3,30_39,f,civilian.employed,diff.us.house,i.75000.99999,naturalization,divorced,no.schooling,without.disability,private.profit,with.insurance,white
2018HU0359312,5,2,51215,3,30_39,f,not.in.labor.force,same.house,i.0.9999,naturalization,married,no.schooling,without.disability,private.profit,with.insurance,white
2018HU1237124,5,1,51090,3,60_69,f,civilian.employed,same.house,i.75000.99999,us.born,never,no.schooling,without.disability,private.profit,with.insurance,black
2018HU0949436,5,2,51120,3,20_29,f,not.in.labor.force,same.house,i.0.9999,us.born,never,no.schooling,without.disability,private.no.profit,with.insurance,two.
2018HU0937872,5,4,51115,3,40_49,m,armed.forces,diff.us.house,i.75000.99999,us.born,married,public,without.disability,federal,with.insurance,white
2018HU0811818,5,1,51135,3,30_39,m,civilian.employed,diff.us.house,i.75000.99999,not.citizen,never,no.schooling,without.disability,private.profit,with.insurance,asian
2018HU0191103,5,1,51255,3,50_59,m,civilian.employed,same.house,i.0.9999,us.born,married,no.schooling,without.disability,self.employed.no.corp,with.insurance,white
2018HU0013722,5,1,51155,3,50_59,f,civilian.employed,same.house,i.25000.34999,naturalization,married,no.schooling,without.disability,private.profit,with.insurance,black
2018HU0200758,5,1,51175,3,60_69,f,not.in.labor.force,same.house,i.0.9999,us.born,married,no.schooling,without.disability,not.working,with.insurance,white
2018HU0373332,5,2,55002,3,40_49,m,civilian.employed,same.house,i.75000.99999,not.citizen,married,no.schooling,without.disability,private.profit,with.insurance,asian
2018HU0227748,5,1,51215,3,0_9,f,not.in.labor.force,same.house,i.75000.99999,us.born,never,no.schooling,without.disability,not.working,with.insurance,white
2018HU1097592,5,2,4102,3,0_9,m,not.in.labor.force,same.house,i.75000.99999,us.born,never,public,without.disability,not.working,with.insurance,white
2018HU0465177,5,2,51165,3,20_29,m,civilian.employed,diff.us.house,i.25000.34999,us.born,never,no.schooling,without.disability,private.profit,with.insurance,black
2018HU0412313,5,2,51235,3,40_49,m,civilian.employed,same.house,i.50000.64999,us.born,married,no.schooling,without.disability,private.profit,with.insurance,white
2018HU0553147,5,2,51120,3,10_19,m,not.in.labor.force,same.house,i.0.9999,us.born,never,public,without.disability,not.working,with.insurance,white
2018HU0056087,5,5,51235,3,70_79,f,civilian.employed,same.house,i.10000.14999,us.born,divorced,no.schooling,without.disability,private.profit,with.insurance,white
2018HU0785566,5,1,51095,3,10_19,f,not.in.labor.force,same.house,i.75000.99999,us.born,never,public,without.disability,not.working,with.insurance,white
2018HU0387887,5,1,59308,3,0_9,f,not.in.labor.force,same.house,i.75000.99999,us.born,never,public,without.disability,not.working,with.insurance,asian
2018HU0688279,5,5,51080,3,20_29,f,not.in.labor.force,same.house,i.0.9999,us.born,never,public,without.disability,local,with.insurance,two.
2018HU1241049,5,2,51135,3,70_79,m,not.in.labor.force,same.house,i.0.9999,us.born,married,no.schooling,without.disability,not.working,with.insurance,white
2018HU1223131,5,1,51045,3,50_59,f,civilian.employed,diff.us.house,i.35000.49999,naturalization,married,no.schooling,without.disability,self.employed.corp,with.insurance,asian
2018HU0430928,5,1,51040,3,60_69,m,civilian.employed,same.house,i.75000.99999,us.born,married,no.schooling,without.disability,private.profit,with.insurance,white
2018HU0973353,5,1,51096,3,10_19,f,not.in.labor.force,same.house,i.75000.99999,naturalization,never,public,without.disability,not.working,with.insurance,other
2018HU0591437,5,1,51105,3,30_39,f,civilian.employed,diff.us.house,i.75000.99999,us.born,married,no.schooling,without.disability,private.no.profit,with.insurance,white
2018HU0566367,5,1,51154,3,70_79,f,not.in.labor.force,same.house,i.0.9999,us.born,divorced,no.schooling,without.disability,private.no.profit,with.insurance,white
2018HU0607368,5,3,51010,3,30_39,m,civilian.employed,same.house,i.75000.99999,us.born,married,no.schooling,without.disability,private.profit,with.insurance,white
2018HU1200601,5,2,59301,3,50_59,m,not.in.labor.force,same.house,i.0.9999,us.born,never,no.schooling,without.disability,not.working,with.insurance,white
2018HU0122597,5,1,51105,3,60_69,f,not.in.labor.force,same.house,i.0.9999,us.born,married,no.schooling,without.disability,not.working,with.insurance,white
2018HU0935560,5,1,10701,3,30_39,m,civilian.employed,same.house,i.65000.74999,us.born,married,no.schooling,without.disability,private.profit,with.insurance,white
2018HU1395260,5,1,4101,3,20_29,m,civilian.employed,same.house,i.10000.14999,us.born,never,no.schooling,without.disability,private.profit,without.insurance,black
2018HU0498307,5,1,51135,3,40_49,m,civilian.employed,same.house,i.75000.99999,us.born,married,no.schooling,without.disability,private.profit,with.insurance,white
2018HU0281612,5,1,1302,3,60_69,f,civilian.employed,same.house,i.75000.99999,naturalization,married,no.schooling,without.disability,private.no.profit,with.insurance,asian
2018HU1120065,5,1,51085,3,0_9,f,not.in.labor.force,same.house,i.75000.99999,us.born,never,no.schooling,without.disability,not.working,with.insurance,white
2018HU0024696,5,2,51125,3,0_9,f,not.in.labor.force,diff.us.house,i.75000.99999,us.born,never,private,without.disability,not.working,with.insurance,two.
2018HU1257012,5,1,59308,3,30_39,m,civilian.employed,same.house,i.75000.99999,us.born,married,no.schooling,without.disability,private.no.profit,with.insurance,white
2018HU1345383,5,3,51084,3,40_49,f,civilian.employed,same.house,i.65000.74999,us.born,never,no.schooling,with.disability,self.employed.corp,with.insurance,white
2018HU1210973,5,3,51105,3,20_29,m,civilian.employed,diff.us.house,i.75000.99999,us.born,married,no.schooling,without.disability,private.no.profit,with.insurance,white
2018HU0704314,5,1,51010,3,0_9,f,not.in.labor.force,diff.us.house,i.75000.99999,us.born,never,public,without.disability,not.working,with.insurance,white
2018HU1252353,5,1,51080,3,40_49,f,civilian.employed,same.house,i.10000.14999,naturalization,married,no.schooling,without.disability,private.profit,with.insurance,asian
2018HU0954990,5,1,51244,3,40_49,f,civilian.employed,same.house,i.75000.99999,us.born,married,no.schooling,without.disability,private.no.profit,with.insurance,white
2018HU0399200,5,2,51215,3,50_59,m,civilian.employed,same.house,i.75000.99999,us.born,married,no.schooling,without.disability,private.no.profit,with.insurance,white
2018HU0097273,5,2,51235,3,50_59,m,civilian.employed,same.house,i.75000.99999,naturalization,married,no.schooling,without.disability,private.profit,with.insurance,white
2018HU0152285,5,3,59305,3,60_69,f,civilian.employed,same.house,i.75000.99999,us.born,widowed,no.schooling,with.disability,self.employed.corp,with.insurance,two.
2018HU1244305,5,1,51090,3,50_59,f,civilian.employed,same.house,i.10000.14999,naturalization,married,no.schooling,without.disability,private.profit,with.insurance,black
2018HU1085049,5,1,51040,3,20_29,f,civilian.employed,diff.us.house,i.0.9999,not.citizen,married,public,without.disability,private.profit,with.insurance,white
2018HU0677914,5,1,51154,3,60_69,f,not.in.labor.force,same.house,i.0.9999,naturalization,married,no.schooling,without.disability,private.profit,with.insurance,white
2018HU1399857,5,4,51097,3,10_19,m,not.in.labor.force,same.house,i.75000.99999,us.born,never,no.schooling,with.disability,not.working,with.insurance,asian
2018HU0270439,5,1,51215,3,40_49,f,civilian.employed,same.house,i.0.9999,us.born,married,no.schooling,without.disability,local,with.insurance,white
2018HU0611863,5,3,51096,3,50_59,m,civilian.employed,same.house,i.75000.99999,naturalization,married,no.schooling,without.disability,self.employed.corp,with.insurance,asian
2018HU0109565,5,1,51165,3,30_39,m,civilian.employed,diff.us.house,i.0.9999,naturalization,married,no.schooling,without.disability,private.profit,with.insurance,black
2018HU0432370,5,1,51110,3,50_59,m,civilian.employed,same.house,i.25000.34999,not.citizen,divorced,no.schooling,without.disability,private.profit,with.insurance,white
2018HU0369634,5,2,51090,3,60_69,f,civilian.employed,same.house,i.75000.99999,us.born,never,no.schooling,without.disability,self.employed.corp,with.insurance,white
2018HU0550201,5,3,59303,3,50_59,f,civilian.employed,same.house,i.75000.99999,us.born,married,no.schooling,without.disability,self.employed.corp,with.insurance,white
2018HU0169230,5,3,51105,3,60_69,m,civilian.employed,same.house,i.15000.24999,us.born,married,no.schooling,without.disability,private.profit,with.insurance,white
2018HU0397301,5,1,51206,3,20_29,m,civilian.employed,diff.us.house,i.35000.49999,us.born,never,no.schooling,without.disability,private.no.profit,with.insurance,white
2018HU1371537,5,2,4102,3,20_29,m,civilian.employed,same.house,i.50000.64999,abroad.born,never,no.schooling,without.disability,private.profit,without.insurance,two.
2018HU0954828,5,3,51087,3,20_29,f,civilian.employed,same.house,i.75000.99999,us.born,never,no.schooling,without.disability,private.no.profit,with.insurance,white
2018HU0304642,5,4,59304,3,50_59,m,civilian.employed,diff.us.house,i.75000.99999,us.born,divorced,no.schooling,without.disability,federal,with.insurance,white
2018HU0678150,5,3,51244,3,80_89,m,not.in.labor.force,same.house,i.0.9999,naturalization,widowed,no.schooling,without.disability,not.working,with.insurance,white
2018HU0804467,5,2,51045,3,40_49,f,civilian.employed,same.house,i.10000.14999,naturalization,married,no.schooling,without.disability,private.no.profit,with.insurance,asian
2018HU1265150,5,3,51164,3,10_19,f,not.in.labor.force,same.house,i.0.9999,us.born,never,public,without.disability,not.working,with.insurance,white
2018HU0844238,5,3,51120,3,50_59,f,civilian.employed,same.house,i.75000.99999,us.born,married,no.schooling,without.disability,private.no.profit,with.insurance,white
2018HU1371452,5,1,51154,3,0_9,m,not.in.labor.force,same.house,i.75000.99999,us.born,never,public,without.disability,not.working,with.insurance,two.
2018HU1036781,5,4,55002,3,40_49,m,not.in.labor.force,abroad.house,i.75000.99999,not.citizen,married,no.schooling,without.disability,federal,with.insurance,asian
2018HU1399330,5,2,10701,3,0_9,f,not.in.labor.force,same.house,i.75000.99999,us.born,never,private,without.disability,not.working,with.insurance,white
2018HU0269806,5,3,10702,3,20_29,m,civilian.employed,same.house,i.25000.34999,naturalization,married,no.schooling,without.disability,private.profit,with.insurance,white
2018HU0698069,5,1,51206,3,30_39,f,civilian.employed,same.house,i.75000.99999,abroad.born,married,no.schooling,without.disability,private.profit,with.insurance,white
2018HU0726713,5,1,51135,3,60_69,f,not.in.labor.force,same.house,i.15000.24999,naturalization,married,no.schooling,without.disability,federal,with.insurance,asian
2018HU0696798,5,1,51215,3,50_59,m,civilian.employed,same.house,i.0.9999,us.born,married,no.schooling,without.disability,self.employed.no.corp,with.insurance,white
2018HU0144293,5,1,51125,3,30_39,f,not.in.labor.force,same.house,i.0.9999,not.citizen,never,no.schooling,without.disability,private.profit,without.insurance,other
2018HU1031294,5,2,51096,3,80_89,f,not.in.labor.force,same.house,i.0.9999,us.born,widowed,no.schooling,with.disability,not.working,with.insurance,white
2018HU0140421,5,2,51115,3,30_39,m,civilian.employed,diff.us.house,i.75000.99999,us.born,married,no.schooling,without.disability,private.profit,with.insurance,white
2018HU1116869,5,1,51145,3,60_69,f,not.in.labor.force,same.house,i.0.9999,naturalization,married,no.schooling,without.disability,not.working,with.insurance,asian
2018HU1398817,5,3,51224,3,20_29,m,civilian.employed,same.house,i.35000.49999,not.citizen,never,no.schooling,without.disability,private.profit,with.insurance,asian
2018HU0245203,5,1,51045,3,30_39,f,civilian.employed,diff.us.house,i.75000.99999,naturalization,married,no.schooling,without.disability,private.profit,with.insurance,asian
2018HU0230836,5,1,51175,3,60_69,m,civilian.employed,diff.us.house,i.0.9999,naturalization,married,no.schooling,without.disability,self.employed.no.corp,without.insurance,black
2018HU1053130,5,3,10701,3,0_9,m,not.in.labor.force,same.house,i.75000.99999,us.born,never,public,without.disability,not.working,with.insurance,white
2018HU0313527,5,1,51010,3,40_49,f,civilian.employed,same.house,i.65000.74999,us.born,never,no.schooling,without.disability,local,with.insurance,white
2018HU0754484,5,1,51040,3,60_69,m,civilian.employed,same.house,i.75000.99999,us.born,married,no.schooling,without.disability,private.profit,with.insurance,white
2018HU0910742,5,1,59304,3,80_89,m,not.in.labor.force,same.house,i.0.9999,us.born,never,no.schooling,without.disability,not.working,with.insurance,white
2018HU1266378,5,3,51115,3,50_59,f,not.in.labor.force,same.house,i.0.9999,us.born,divorced,no.schooling,without.disability,not.working,with.insurance,white
2018HU0830563,5,1,4101,3,20_29,m,civilian.employed,same.house,i.15000.24999,not.citizen,never,no.schooling,without.disability,private.profit,with.insurance,asian
2018HU0671604,5,1,51246,3,40_49,m,civilian.employed,same.house,i.75000.99999,not.citizen,married,no.schooling,without.disability,private.profit,with.insurance,asian
2018GQ0101922,5,1,10701,3,20_29,m,not.in.labor.force,same.house,i.0.9999,us.born,never,public,without.disability,private.profit,with.insurance,white
2018HU0546511,5,2,51145,3,10_19,f,not.in.labor.force,same.house,i.75000.99999,us.born,never,public,without.disability,not.working,with.insurance,white
2018HU0947855,5,2,51110,3,0_9,f,not.in.labor.force,same.house,i.75000.99999,us.born,never,private,without.disability,not.working,with.insurance,two.
2018HU0942663,5,1,51040,3,60_69,m,civilian.employed,same.house,i.65000.74999,us.born,married,no.schooling,without.disability,private.profit,with.insurance,white
2018HU0865417,5,1,51135,3,60_69,f,civilian.employed,same.house,i.75000.99999,us.born,divorced,no.schooling,without.disability,federal,with.insurance,white
2018HU1272111,5,1,51089,3,80_89,f,not.in.labor.force,same.house,i.0.9999,us.born,widowed,no.schooling,with.disability,not.working,with.insurance,white
2018HU1172595,5,4,51215,3,30_39,m,civilian.employed,diff.us.house,i.75000.99999,naturalization,married,no.schooling,without.disability,federal,with.insurance,asian
2018HU0455028,5,1,51206,3,60_69,f,civilian.employed,same.house,i.35000.49999,us.born,married,no.schooling,without.disability,state,with.insurance,white
2018HU1045825,5,1,51097,3,0_9,m,not.in.labor.force,same.house,i.75000.99999,us.born,never,private,without.disability,not.working,with.insurance,white
2018HU0107363,5,1,51135,3,50_59,m,civilian.employed,diff.us.house,i.35000.49999,not.citizen,never,no.schooling,without.disability,private.profit,without.insurance,black
2018HU0146688,5,1,51115,3,30_39,f,not.in.labor.force,same.house,i.0.9999,not.citizen,married,no.schooling,without.disability,not.working,without.insurance,black
2018HU0638652,5,2,1301,3,40_49,m,civilian.employed,same.house,i.0.9999,us.born,married,no.schooling,without.disability,self.employed.no.corp,with.insurance,white
2018HU0518179,5,2,59306,3,0_9,f,not.in.labor.force,same.house,i.75000.99999,us.born,never,public,without.disability,not.working,with.insurance,white
2018HU0986081,5,1,51010,3,30_39,m,civilian.employed,same.house,i.50000.64999,naturalization,married,no.schooling,without.disability,private.profit,with.insurance,white
2018HU1055663,5,1,51206,3,60_69,f,civilian.employed,same.house,i.75000.99999,naturalization,widowed,no.schooling,without.disability,private.no.profit,with.insurance,asian
2018HU1166597,5,5,59306,3,0_9,m,not.in.labor.force,same.house,i.75000.99999,us.born,never,no.schooling,without.disability,not.working,with.insurance,two.
2018HU0838198,5,1,51096,3,40_49,m,unemployed,same.house,i.0.9999,us.born,married,no.schooling,without.disability,private.profit,with.insurance,white
2018HU0483261,5,4,1301,3,30_39,f,civilian.employed,same.house,i.75000.99999,us.born,married,no.schooling,without.disability,private.no.profit,with.insurance,white
2018HU0770917,5,3,51087,3,50_59,f,not.in.labor.force,same.house,i.0.9999,us.born,married,no.schooling,without.disability,not.working,with.insurance,white
2018HU0109798,5,3,51224,3,10_19,m,not.in.labor.force,same.house,i.0.9999,us.born,never,public,without.disability,not.working,with.insurance,white
2018HU0806194,5,2,51020,3,50_59,m,civilian.employed,same.house,i.75000.99999,us.born,divorced,no.schooling,without.disability,local,with.insurance,white
2018HU0702349,5,1,51087,3,40_49,f,civilian.employed,same.house,i.75000.99999,naturalization,married,no.schooling,without.disability,private.profit,with.insurance,other
2018HU0527045,5,1,51155,3,10_19,m,not.in.labor.force,same.house,i.0.9999,us.born,never,public,with.disability,not.working,with.insurance,white
2018HU1359901,5,1,51089,3,10_19,f,not.in.labor.force,same.house,i.75000.99999,us.born,never,private,without.disability,not.working,with.insurance,white
2018HU0180794,5,1,51110,3,10_19,f,not.in.labor.force,same.house,i.75000.99999,us.born,never,public,without.disability,not.working,with.insurance,white
2018HU0538795,5,2,51246,3,40_49,m,civilian.employed,same.house,i.25000.34999,us.born,never,no.schooling,without.disability,private.profit,with.insurance,black
2018HU0595457,5,6,51105,3,70_79,f,not.in.labor.force,same.house,i.0.9999,us.born,married,no.schooling,without.disability,not.working,with.insurance,white
2018HU0162006,5,1,51045,3,80_89,f,not.in.labor.force,same.house,i.0.9999,naturalization,married,no.schooling,without.disability,not.working,with.insurance,white
2018HU1303004,5,2,51225,3,80_89,m,not.in.labor.force,same.house,i.0.9999,us.born,married,no.schooling,without.disability,not.working,with.insurance,white
2018HU1055745,5,1,59308,3,20_29,m,civilian.employed,diff.us.house,i.35000.49999,us.born,married,no.schooling,without.disability,federal,with.insurance,white
2018HU1274464,5,4,51235,3,20_29,f,civilian.employed,same.house,i.50000.64999,us.born,never,no.schooling,without.disability,private.profit,with.insurance,white
2018HU0505822,5,1,51115,3,10_19,f,not.in.labor.force,same.house,i.75000.99999,us.born,never,public,without.disability,not.working,with.insurance,other
2018HU0441189,5,1,51010,3,60_69,f,not.in.labor.force,same.house,i.0.9999,us.born,married,no.schooling,without.disability,local,with.insurance,white
2018HU0259855,5,1,51040,3,70_79,m,not.in.labor.force,same.house,i.0.9999,us.born,married,no.schooling,without.disability,not.working,with.insurance,white
2018HU0429835,5,1,59302,3,50_59,m,civilian.employed,same.house,i.75000.99999,us.born,married,no.schooling,without.disability,private.profit,with.insurance,white
2018HU1393699,5,1,51154,3,60_69,m,civilian.employed,same.house,i.75000.99999,us.born,married,no.schooling,without.disability,federal,with.insurance,white
2018HU1287090,5,1,51186,3,0_9,f,not.in.labor.force,same.house,i.75000.99999,us.born,never,private,without.disability,not.working,with.insurance,white
2018HU0668408,5,2,51120,3,50_59,f,civilian.employed,same.house,i.35000.49999,naturalization,married,no.schooling,without.disability,private.profit,with.insurance,white
2018HU0497365,5,1,51246,3,70_79,f,not.in.labor.force,same.house,i.0.9999,us.born,divorced,no.schooling,without.disability,not.working,with.insurance,white
2018HU0682772,5,2,51090,3,40_49,f,not.in.labor.force,same.house,i.0.9999,naturalization,married,no.schooling,without.disability,not.working,with.insurance,white
2018HU0950772,5,1,51087,3,60_69,f,civilian.employed,same.house,i.25000.34999,naturalization,married,no.schooling,without.disability,private.profit,with.insurance,asian
2018HU1006712,5,1,51096,3,40_49,m,civilian.employed,same.house,i.75000.99999,us.born,never,no.schooling,without.disability,federal,with.insurance,white
2018HU1355104,5,1,51206,3,0_9,m,not.in.labor.force,diff.us.house,i.75000.99999,us.born,never,no.schooling,without.disability,not.working,with.insurance,other
2018HU0960156,5,1,4102,3,0_9,f,not.in.labor.force,same.house,i.75000.99999,us.born,never,private,without.disability,not.working,with.insurance,black
2018HU1151118,5,1,51096,3,0_9,f,not.in.labor.force,same.house,i.75000.99999,us.born,never,private,without.disability,not.working,with.insurance,black
2018HU0205286,5,4,59302,3,0_9,f,not.in.labor.force,same.house,i.75000.99999,abroad.born,never,public,without.disability,not.working,with.insurance,white
2018HU1343440,5,1,51096,3,70_79,f,not.in.labor.force,same.house,i.0.9999,us.born,married,no.schooling,without.disability,not.working,with.insurance,white
2018HU1024081,5,1,1302,3,20_29,f,not.in.labor.force,diff.us.house,i.0.9999,not.citizen,married,no.schooling,without.disability,not.working,with.insurance,white
2018HU0366866,5,1,51206,3,30_39,f,not.in.labor.force,diff.us.house,i.0.9999,naturalization,married,no.schooling,without.disability,private.profit,with.insurance,asian
2018HU0280607,5,3,51224,3,30_39,m,armed.forces,diff.us.house,i.75000.99999,us.born,married,no.schooling,without.disability,federal,with.insurance,white
2018HU1233369,5,1,51096,3,20_29,f,civilian.employed,same.house,i.15000.24999,us.born,never,no.schooling,without.disability,private.profit,with.insurance,white
2018HU0211132,5,1,51175,3,10_19,f,not.in.labor.force,diff.us.house,i.75000.99999,us.born,never,private,without.disability,not.working,without.insurance,white
2018HU0469614,5,1,51135,3,50_59,f,civilian.employed,same.house,i.50000.64999,us.born,married,no.schooling,without.disability,private.profit,without.insurance,white
2018HU0945760,5,2,51040,3,60_69,m,civilian.employed,same.house,i.75000.99999,us.born,married,no.schooling,without.disability,private.profit,with.insurance,white
2018HU0053086,5,1,55002,3,40_49,m,civilian.employed,same.house,i.75000.99999,us.born,married,no.schooling,without.disability,private.profit,with.insurance,white
2018HU1372349,5,1,51110,3,20_29,f,civilian.employed,same.house,i.0.9999,naturalization,married,no.schooling,without.disability,self.employed.corp,with.insurance,white
2018HU0215921,5,1,51125,3,0_9,m,not.in.labor.force,same.house,i.75000.99999,us.born,never,no.schooling,without.disability,not.working,with.insurance,white
2018HU1027772,5,1,51165,3,60_69,f,civilian.employed,diff.us.house,i.15000.24999,us.born,married,no.schooling,without.disability,private.profit,with.insurance,white
2018HU0420198,5,3,51165,3,30_39,f,civilian.employed,diff.us.house,i.75000.99999,naturalization,divorced,no.schooling,without.disability,private.profit,with.insurance,white
2018HU1141446,5,2,51080,3,60_69,m,civilian.employed,same.house,i.75000.99999,us.born,married,no.schooling,without.disability,private.profit,with.insurance,white
2018HU0939327,5,2,59302,3,30_39,m,civilian.employed,same.house,i.50000.64999,naturalization,married,no.schooling,without.disability,private.profit,with.insurance,black
2018HU0768021,5,1,51154,3,30_39,m,civilian.employed,same.house,i.35000.49999,not.citizen,married,no.schooling,without.disability,private.profit,with.insurance,white
2018HU1049010,5,1,51135,3,40_49,f,civilian.employed,diff.us.house,i.75000.99999,us.born,married,no.schooling,without.disability,federal,with.insurance,other
2018HU0647510,5,1,59302,3,70_79,m,civilian.employed,same.house,i.15000.24999,us.born,married,no.schooling,without.disability,private.profit,with.insurance,white
2018HU0047097,5,1,51245,3,20_29,f,civilian.employed,same.house,i.75000.99999,us.born,never,no.schooling,without.disability,private.profit,with.insurance,asian
2018HU0210165,5,2,59307,3,10_19,m,not.in.labor.force,same.house,i.0.9999,us.born,never,public,without.disability,not.working,with.insurance,white
2018HU1252358,5,3,51010,3,30_39,f,civilian.employed,same.house,i.35000.49999,abroad.born,never,no.schooling,without.disability,private.no.profit,with.insurance,white
2018HU0224239,5,1,51090,3,50_59,f,civilian.employed,same.house,i.50000.64999,us.born,never,no.schooling,without.disability,federal,with.insurance,black
2018HU1257203,5,3,51145,3,10_19,m,not.in.labor.force,same.house,i.75000.99999,not.citizen,never,public,without.disability,not.working,without.insurance,white
2018HU1098701,5,5,51154,3,70_79,m,not.in.labor.force,same.house,i.0.9999,us.born,married,no.schooling,with.disability,not.working,with.insurance,white
2018HU1015162,5,2,51165,3,30_39,m,civilian.employed,same.house,i.50000.64999,us.born,never,no.schooling,without.disability,local,with.insurance,white
2018HU1050141,5,1,51089,3,60_69,m,civilian.employed,same.house,i.65000.74999,us.born,widowed,no.schooling,without.disability,self.employed.corp,with.insurance,white
2018HU0518418,5,1,10702,3,60_69,f,civilian.employed,same.house,i.50000.64999,us.born,divorced,no.schooling,without.disability,private.profit,with.insurance,black
2018HU0382185,5,1,51115,3,60_69,m,not.in.labor.force,same.house,i.0.9999,us.born,never,no.schooling,without.disability,not.working,with.insurance,white
2018HU1170132,5,1,51154,3,0_9,f,not.in.labor.force,same.house,i.75000.99999,us.born,never,public,without.disability,not.working,with.insurance,white
2018GQ0125223,5,1,51110,3,10_19,m,not.in.labor.force,same.house,i.0.9999,us.born,never,public,without.disability,not.working,with.insurance,white
2018HU1097352,5,1,51154,3,50_59,m,civilian.employed,same.house,i.75000.99999,us.born,divorced,no.schooling,without.disability,federal,with.insurance,white
2018HU0707325,5,1,51167,3,30_39,f,civilian.employed,same.house,i.0.9999,us.born,married,no.schooling,without.disability,private.profit,with.insurance,white
2018HU1241149,5,3,55002,3,40_49,m,civilian.employed,same.house,i.75000.99999,not.citizen,married,no.schooling,without.disability,private.profit,with.insurance,white
2018HU1005275,5,3,51085,3,20_29,m,civilian.employed,same.house,i.50000.64999,us.born,married,no.schooling,without.disability,private.profit,with.insurance,black
2018HU0988295,5,1,51090,3,30_39,f,civilian.employed,same.house,i.75000.99999,us.born,married,no.schooling,without.disability,private.profit,with.insurance,two.
2018HU1205576,5,1,51045,3,70_79,f,not.in.labor.force,diff.us.house,i.0.9999,naturalization,married,no.schooling,without.disability,self.employed.corp,with.insurance,white
2018HU0411835,5,1,51206,3,30_39,f,not.in.labor.force,same.house,i.0.9999,not.citizen,married,no.schooling,without.disability,private.no.profit,with.insurance,white
2018HU0882865,5,1,59301,3,60_69,m,civilian.employed,same.house,i.25000.34999,naturalization,never,no.schooling,without.disability,private.profit,with.insurance,asian
2018HU0460548,5,1,51155,3,30_39,f,civilian.employed,same.house,i.50000.64999,us.born,married,no.schooling,without.disability,local,with.insurance,white
2018HU0929282,5,2,51095,3,10_19,m,not.in.labor.force,same.house,i.0.9999,us.born,never,public,without.disability,not.working,with.insurance,white
2018HU1121393,5,1,51154,3,20_29,m,civilian.employed,same.house,i.15000.24999,us.born,never,no.schooling,without.disability,private.profit,with.insurance,two.
2018HU0347656,5,1,51225,3,10_19,m,not.in.labor.force,same.house,i.75000.99999,us.born,never,public,without.disability,not.working,with.insurance,white
2018HU0877034,5,1,51080,3,80_89,m,not.in.labor.force,same.house,i.0.9999,naturalization,married,no.schooling,without.disability,not.working,with.insurance,white
2018HU0456785,5,1,51010,3,10_19,m,not.in.labor.force,same.house,i.75000.99999,us.born,never,public,without.disability,not.working,with.insurance,other
2018HU0954881,5,1,51154,3,10_19,f,not.in.labor.force,same.house,i.75000.99999,us.born,never,public,without.disability,not.working,with.insurance,two.
2018HU0824486,5,1,51115,3,10_19,f,not.in.labor.force,same.house,i.0.9999,us.born,never,public,without.disability,not.working,with.insurance,asian
2018HU1199969,5,1,51154,3,0_9,m,not.in.labor.force,diff.us.house,i.75000.99999,us.born,never,no.schooling,without.disability,not.working,with.insurance,white
2018HU1337972,5,1,51020,3,30_39,m,civilian.employed,same.house,i.35000.49999,us.born,never,no.schooling,without.disability,private.profit,with.insurance,white
2018HU0989304,5,3,51085,3,10_19,m,not.in.labor.force,same.house,i.75000.99999,us.born,never,public,without.disability,not.working,with.insurance,white
2018HU0599341,5,1,51105,3,60_69,f,not.in.labor.force,same.house,i.0.9999,naturalization,widowed,no.schooling,without.disability,private.profit,with.insurance,asian
2018HU1173868,5,2,51245,3,40_49,m,civilian.employed,same.house,i.75000.99999,naturalization,married,no.schooling,without.disability,private.profit,with.insurance,asian
2018HU0091289,5,1,1302,3,40_49,f,civilian.employed,same.house,i.75000.99999,us.born,married,no.schooling,without.disability,private.profit,with.insurance,white
2018HU1389555,5,3,51089,3,30_39,m,armed.forces,same.house,i.75000.99999,us.born,married,no.schooling,without.disability,federal,with.insurance,white
2018HU1178048,5,2,59303,3,30_39,m,civilian.employed,same.house,i.75000.99999,us.born,married,no.schooling,without.disability,local,with.insurance,white
2018HU0505477,5,1,51105,3,50_59,f,civilian.employed,same.house,i.0.9999,us.born,married,no.schooling,without.disability,self.employed.no.corp,with.insurance,white
2018HU0721057,5,1,51090,3,70_79,m,not.in.labor.force,same.house,i.0.9999,abroad.born,widowed,no.schooling,without.disability,state,with.insurance,asian
2018HU0954599,5,1,51084,3,70_79,m,civilian.employed,same.house,i.65000.74999,us.born,married,no.schooling,without.disability,private.profit,with.insurance,white
2018HU0580539,5,2,51040,3,10_19,f,civilian.employed,same.house,i.0.9999,us.born,never,public,without.disability,private.profit,with.insurance,white
2018HU1071948,5,1,51164,3,10_19,f,not.in.labor.force,same.house,i.0.9999,us.born,never,public,without.disability,private.profit,with.insurance,white
2018HU1241718,5,1,51085,3,0_9,f,not.in.labor.force,same.house,i.75000.99999,us.born,never,no.schooling,without.disability,not.working,with.insurance,white
2018HU1065161,5,1,59304,3,30_39,m,civilian.employed,same.house,i.75000.99999,us.born,never,no.schooling,without.disability,private.profit,with.insurance,white
2018HU0050017,5,1,59301,3,60_69,m,civilian.employed,same.house,i.75000.99999,us.born,married,no.schooling,without.disability,private.no.profit,with.insurance,white
2018HU0265847,5,1,51040,3,30_39,m,civilian.employed,same.house,i.75000.99999,us.born,never,no.schooling,without.disability,federal,with.insurance,white
2018GQ0130519,5,5,51080,3,80_89,f,not.in.labor.force,same.house,i.0.9999,us.born,never,no.schooling,with.disability,not.working,with.insurance,white
2018HU1399658,5,1,10701,3,60_69,m,not.in.labor.force,same.house,i.0.9999,us.born,married,no.schooling,with.disability,not.working,with.insurance,white
2018HU0648882,5,1,51080,3,40_49,m,civilian.employed,diff.us.house,i.75000.99999,us.born,never,no.schooling,without.disability,private.profit,with.insurance,white
2018HU0882865,5,1,59301,3,60_69,m,civilian.employed,same.house,i.25000.34999,naturalization,never,no.schooling,without.disability,private.profit,with.insurance,asian
2018HU1026205,5,1,51090,3,0_9,f,not.in.labor.force,same.house,i.75000.99999,us.born,never,no.schooling,without.disability,not.working,with.insurance,white
2018HU0441878,5,1,51206,3,80_89,f,not.in.labor.force,same.house,i.0.9999,naturalization,married,no.schooling,with.disability,not.working,with.insurance,asian
2018HU1378035,5,1,55001,3,70_79,f,not.in.labor.force,same.house,i.0.9999,us.born,married,no.schooling,without.disability,not.working,with.insurance,white
2018HU0290641,5,2,51096,3,30_39,m,civilian.employed,same.house,i.0.9999,not.citizen,married,no.schooling,without.disability,self.employed.no.corp,without.insurance,other
2018HU0224459,5,1,51154,3,70_79,m,civilian.employed,same.house,i.10000.14999,not.citizen,married,no.schooling,without.disability,private.profit,with.insurance,asian
2018HU0474729,5,1,51110,3,10_19,m,not.in.labor.force,same.house,i.0.9999,us.born,never,public,without.disability,not.working,with.insurance,white
2018HU0066454,5,1,51040,3,30_39,f,not.in.labor.force,same.house,i.0.9999,not.citizen,married,no.schooling,without.disability,not.working,without.insurance,white
2018HU0990948,5,8,10701,3,20_29,f,civilian.employed,same.house,i.0.9999,us.born,never,public,without.disability,state,with.insurance,white
2018HU0277546,5,1,51044,3,10_19,f,not.in.labor.force,same.house,i.75000.99999,us.born,never,public,without.disability,not.working,with.insurance,white
2018HU0954719,5,1,51097,3,40_49,f,civilian.employed,same.house,i.75000.99999,us.born,married,no.schooling,without.disability,private.profit,with.insurance,white
2018HU0356185,5,3,10703,3,20_29,m,civilian.employed,same.house,i.15000.24999,us.born,never,no.schooling,without.disability,self.employed.corp,with.insurance,asian
2018HU0077694,5,2,59305,3,70_79,m,not.in.labor.force,same.house,i.0.9999,us.born,married,no.schooling,with.disability,not.working,with.insurance,white
2018HU1262214,5,2,51206,3,50_59,m,not.in.labor.force,same.house,i.0.9999,us.born,married,no.schooling,without.disability,not.working,with.insurance,white
2018HU1192888,5,2,51255,3,50_59,m,civilian.employed,same.house,i.75000.99999,us.born,married,no.schooling,without.disability,self.employed.corp,with.insurance,white
2018HU0516328,5,3,1301,3,60_69,m,civilian.employed,same.house,i.75000.99999,us.born,married,no.schooling,without.disability,private.profit,with.insurance,white
2018HU0351523,5,1,51206,3,60_69,m,not.in.labor.force,same.house,i.0.9999,us.born,divorced,no.schooling,without.disability,state,with.insurance,white
2018HU0669386,5,3,51120,3,70_79,f,not.in.labor.force,same.house,i.0.9999,us.born,widowed,no.schooling,without.disability,federal,with.insurance,white
2018HU1091831,5,2,55002,3,50_59,m,civilian.employed,same.house,i.75000.99999,us.born,married,no.schooling,without.disability,federal,with.insurance,white
2018HU1223131,5,1,51045,3,50_59,f,civilian.employed,diff.us.house,i.35000.49999,naturalization,married,no.schooling,without.disability,self.employed.corp,with.insurance,asian
2018HU1032622,5,1,51155,3,60_69,f,not.in.labor.force,same.house,i.0.9999,us.born,never,no.schooling,without.disability,not.working,with.insurance,white
2018HU1027375,5,1,51105,3,50_59,m,civilian.employed,same.house,i.50000.64999,naturalization,married,no.schooling,without.disability,private.profit,with.insurance,white
2018HU0191103,5,1,51090,3,10_19,f,not.in.labor.force,same.house,i.75000.99999,us.born,never,public,without.disability,not.working,with.insurance,white
2018HU1089972,5,1,51044,3,50_59,f,civilian.employed,same.house,i.25000.34999,naturalization,divorced,no.schooling,without.disability,self.employed.corp,with.insurance,white
2018HU1138495,5,3,4102,3,70_79,f,not.in.labor.force,same.house,i.0.9999,us.born,never,no.schooling,without.disability,not.working,with.insurance,white
2018HU1215805,5,3,59307,3,10_19,m,civilian.employed,same.house,i.15000.24999,not.citizen,never,public,without.disability,private.profit,without.insurance,other
2018HU0505822,5,1,51040,3,0_9,f,not.in.labor.force,same.house,i.75000.99999,us.born,never,public,without.disability,not.working,with.insurance,other
2018HU0589394,5,1,51090,3,0_9,m,not.in.labor.force,same.house,i.75000.99999,us.born,never,public,without.disability,not.working,with.insurance,white
2018HU1317677,5,6,51145,3,70_79,m,not.in.labor.force,diff.us.house,i.0.9999,us.born,divorced,no.schooling,without.disability,not.working,with.insurance,white
2018HU0644086,5,2,51175,3,10_19,f,not.in.labor.force,same.house,i.0.9999,us.born,never,private,without.disability,not.working,with.insurance,white
2018HU0339152,5,1,51215,3,80_89,m,not.in.labor.force,diff.us.house,i.0.9999,us.born,widowed,no.schooling,with.disability,not.working,with.insurance,white
2018HU0484682,5,3,59307,3,30_39,m,not.in.labor.force,same.house,i.0.9999,us.born,never,public,without.disability,private.profit,without.insurance,white
2018HU0269794,5,1,51097,3,50_59,f,civilian.employed,same.house,i.75000.99999,us.born,married,no.schooling,without.disability,private.profit,with.insurance,white
2018HU0666706,5,2,51164,3,30_39,f,civilian.employed,same.house,i.75000.99999,us.born,married,no.schooling,without.disability,private.profit,with.insurance,white
2018HU1112003,5,2,59304,3,40_49,m,civilian.employed,same.house,i.75000.99999,us.born,married,no.schooling,without.disability,private.no.profit,with.insurance,white
2018HU1223992,5,1,51010,3,50_59,m,civilian.employed,same.house,i.35000.49999,naturalization,married,no.schooling,without.disability,local,with.insurance,other
2018HU0954719,5,1,51255,3,40_49,m,civilian.employed,same.house,i.75000.99999,us.born,married,no.schooling,without.disability,private.profit,with.insurance,white
2018HU0045954,5,1,51110,3,10_19,f,not.in.labor.force,same.house,i.0.9999,us.born,never,no.schooling,without.disability,not.working,with.insurance,white
2018HU0980379,5,3,51244,3,40_49,f,civilian.employed,same.house,i.75000.99999,us.born,divorced,no.schooling,without.disability,private.profit,with.insurance,white
2018HU0674612,5,1,51215,3,0_9,m,not.in.labor.force,same.house,i.75000.99999,us.born,never,no.schooling,without.disability,not.working,with.insurance,white
2018HU0459773,5,1,51125,3,50_59,f,unemployed,same.house,i.0.9999,naturalization,married,no.schooling,without.disability,private.profit,with.insurance,asian
2018HU0201372,5,1,51105,3,0_9,f,not.in.labor.force,diff.us.house,i.75000.99999,us.born,never,public,without.disability,not.working,with.insurance,white
2018HU1127346,5,1,51097,3,30_39,f,civilian.employed,same.house,i.50000.64999,us.born,married,no.schooling,without.disability,local,with.insurance,asian
2018HU0037350,5,5,51125,3,0_9,f,not.in.labor.force,same.house,i.75000.99999,us.born,never,no.schooling,without.disability,not.working,with.insurance,white
2018HU0513840,5,1,51245,3,20_29,f,civilian.employed,diff.us.house,i.65000.74999,us.born,married,no.schooling,without.disability,private.profit,with.insurance,white
2018HU0700176,5,1,51040,3,40_49,f,civilian.employed,diff.us.house,i.10000.14999,us.born,married,no.schooling,without.disability,private.profit,with.insurance,white
2018HU0354389,5,4,51085,3,10_19,f,not.in.labor.force,same.house,i.75000.99999,us.born,never,public,without.disability,not.working,with.insurance,black
2018HU0331006,5,2,51045,3,10_19,m,not.in.labor.force,same.house,i.75000.99999,us.born,never,public,without.disability,not.working,with.insurance,white
2018HU0528197,5,3,51010,3,30_39,f,civilian.employed,same.house,i.75000.99999,us.born,married,no.schooling,without.disability,private.profit,with.insurance,black
2018HU0566933,5,1,51175,3,20_29,f,civilian.employed,same.house,i.0.9999,us.born,never,no.schooling,with.disability,private.profit,with.insurance,white
2018HU0858853,5,1,51175,3,20_29,m,civilian.employed,same.house,i.75000.99999,us.born,never,no.schooling,without.disability,private.no.profit,with.insurance,two.
2018HU0829163,5,2,51120,3,10_19,f,not.in.labor.force,same.house,i.0.9999,us.born,never,private,without.disability,not.working,with.insurance,white
2018HU1131865,5,1,51105,3,40_49,f,civilian.employed,same.house,i.75000.99999,us.born,married,no.schooling,without.disability,local,with.insurance,white
2018HU0212097,5,1,51135,3,50_59,m,civilian.employed,same.house,i.75000.99999,naturalization,married,no.schooling,without.disability,federal,with.insurance,asian
2018HU0760941,5,4,51020,3,70_79,m,not.in.labor.force,same.house,i.0.9999,us.born,widowed,no.schooling,without.disability,not.working,with.insurance,white
2018HU0376636,5,1,10701,3,0_9,m,not.in.labor.force,same.house,i.75000.99999,us.born,never,no.schooling,without.disability,not.working,with.insurance,white
2018HU0829163,5,1,51120,3,50_59,f,not.in.labor.force,same.house,i.0.9999,us.born,married,no.schooling,without.disability,not.working,with.insurance,white
2018HU1027375,5,1,51105,3,50_59,m,civilian.employed,same.house,i.50000.64999,naturalization,married,no.schooling,without.disability,private.profit,with.insurance,white
2018HU0324026,5,1,51096,3,0_9,f,not.in.labor.force,same.house,i.75000.99999,us.born,never,private,without.disability,not.working,with.insurance,white
2018HU0161551,5,2,59305,3,10_19,m,civilian.employed,same.house,i.0.9999,naturalization,never,public,without.disability,private.profit,with.insurance,white
2018HU0642973,5,1,59306,3,0_9,f,not.in.labor.force,same.house,i.75000.99999,us.born,never,public,without.disability,not.working,with.insurance,asian
2018HU0748540,5,1,51040,3,10_19,m,not.in.labor.force,same.house,i.75000.99999,us.born,never,public,without.disability,not.working,with.insurance,white
2018HU0009993,5,1,51235,3,30_39,m,civilian.employed,same.house,i.25000.34999,us.born,never,no.schooling,without.disability,private.profit,with.insurance,white
2018HU0554483,5,3,51110,3,10_19,m,not.in.labor.force,same.house,i.0.9999,us.born,never,public,without.disability,not.working,with.insurance,asian
2018HU0546916,5,1,55002,3,50_59,f,civilian.employed,same.house,i.75000.99999,us.born,married,no.schooling,without.disability,self.employed.corp,with.insurance,two.
2018HU0369634,5,2,51090,3,60_69,f,civilian.employed,same.house,i.75000.99999,us.born,never,no.schooling,without.disability,self.employed.corp,with.insurance,white
2018HU1165005,5,1,51246,3,50_59,f,civilian.employed,same.house,i.75000.99999,us.born,married,no.schooling,without.disability,federal,with.insurance,white
2018GQ0013753,5,1,51020,3,20_29,m,civilian.employed,diff.us.house,i.0.9999,us.born,never,public,with.disability,private.profit,with.insurance,white
2018HU1140572,5,1,51010,3,60_69,m,civilian.employed,same.house,i.75000.99999,us.born,married,no.schooling,with.disability,local,with.insurance,asian
2018HU0983887,5,1,51167,3,30_39,f,unemployed,same.house,i.0.9999,naturalization,never,no.schooling,without.disability,private.profit,with.insurance,black
2018HU0749588,5,1,51095,3,40_49,m,civilian.employed,same.house,i.75000.99999,us.born,married,no.schooling,without.disability,private.profit,with.insurance,white
2018HU0982554,5,1,51235,3,50_59,f,civilian.employed,same.house,i.75000.99999,us.born,married,no.schooling,without.disability,federal,with.insurance,white
2018HU1049776,5,3,1302,3,50_59,f,not.in.labor.force,same.house,i.0.9999,us.born,married,no.schooling,without.disability,local,with.insurance,white
2018HU0763072,5,2,51105,3,10_19,f,civilian.employed,same.house,i.10000.14999,us.born,never,public,without.disability,private.profit,with.insurance,asian
2018HU0724300,5,2,55001,3,0_9,m,not.in.labor.force,diff.us.house,i.75000.99999,us.born,never,no.schooling,without.disability,not.working,with.insurance,white
2018HU0711203,5,3,59302,3,70_79,m,not.in.labor.force,same.house,i.0.9999,us.born,married,no.schooling,without.disability,not.working,with.insurance,white
2018HU0622724,5,3,51120,3,30_39,m,civilian.employed,diff.us.house,i.75000.99999,us.born,divorced,no.schooling,without.disability,private.profit,with.insurance,white
2018HU0086643,5,1,51090,3,60_69,f,not.in.labor.force,same.house,i.0.9999,naturalization,married,no.schooling,without.disability,not.working,without.insurance,white
2018HU0279705,5,1,55002,3,60_69,f,not.in.labor.force,same.house,i.0.9999,us.born,divorced,no.schooling,without.disability,local,with.insurance,white
2018HU0546511,5,2,51167,3,40_49,f,civilian.employed,same.house,i.65000.74999,us.born,married,no.schooling,without.disability,local,with.insurance,white
2018HU0647638,5,1,51154,3,10_19,f,civilian.employed,same.house,i.0.9999,us.born,never,public,without.disability,private.profit,with.insurance,two.
2018HU0539665,5,1,4103,3,40_49,m,unemployed,same.house,i.35000.49999,naturalization,married,no.schooling,without.disability,private.profit,with.insurance,white
2018HU0819855,5,1,51010,3,50_59,f,civilian.employed,same.house,i.50000.64999,us.born,married,no.schooling,without.disability,private.profit,with.insurance,white
2018HU1071949,5,2,51167,3,0_9,m,not.in.labor.force,diff.us.house,i.75000.99999,us.born,never,public,without.disability,not.working,with.insurance,asian
2018HU0132829,5,1,51115,3,0_9,m,not.in.labor.force,same.house,i.75000.99999,us.born,never,private,without.disability,not.working,with.insurance,white
2018HU0153291,5,1,51246,3,30_39,f,civilian.employed,diff.us.house,i.35000.49999,us.born,married,no.schooling,without.disability,private.profit,with.insurance,white
2018HU0780072,5,2,51045,3,70_79,f,not.in.labor.force,diff.us.house,i.0.9999,us.born,married,no.schooling,without.disability,private.no.profit,with.insurance,white
2018HU0478856,5,1,51186,3,60_69,m,civilian.employed,same.house,i.15000.24999,us.born,married,no.schooling,without.disability,local,with.insurance,white
2018HU0899622,5,2,51115,3,70_79,f,civilian.employed,same.house,i.35000.49999,naturalization,married,no.schooling,without.disability,self.employed.corp,with.insurance,asian
2018HU0924866,5,2,10702,3,30_39,m,civilian.employed,same.house,i.50000.64999,abroad.born,married,no.schooling,without.disability,private.profit,with.insurance,white
2018HU0163814,5,2,4103,3,40_49,f,civilian.employed,same.house,i.0.9999,us.born,married,no.schooling,without.disability,private.profit,with.insurance,white
2018HU0780774,5,1,51206,3,20_29,m,civilian.employed,same.house,i.75000.99999,us.born,never,no.schooling,without.disability,private.profit,with.insurance,white
2018HU1228028,5,1,51186,3,40_49,f,unemployed,same.house,i.50000.64999,us.born,married,no.schooling,without.disability,private.no.profit,with.insurance,black
2018HU0384344,5,1,51155,3,50_59,m,civilian.employed,same.house,i.75000.99999,naturalization,married,no.schooling,without.disability,private.profit,with.insurance,asian
2018HU0902417,5,1,51120,3,40_49,m,civilian.employed,same.house,i.15000.24999,us.born,married,no.schooling,without.disability,private.profit,with.insurance,white
2018HU0867634,5,1,55001,3,10_19,m,unemployed,same.house,i.0.9999,us.born,never,public,without.disability,not.working,with.insurance,white
2018HU0180839,5,4,51206,3,10_19,f,not.in.labor.force,same.house,i.0.9999,us.born,never,public,without.disability,not.working,with.insurance,white
2018HU0947855,5,6,51040,3,40_49,f,civilian.employed,same.house,i.35000.49999,us.born,married,private,without.disability,private.profit,with.insurance,white
2018HU0694288,5,2,51215,3,0_9,f,not.in.labor.force,same.house,i.75000.99999,not.citizen,never,public,without.disability,not.working,with.insurance,white
2018HU1392957,5,1,51167,3,30_39,f,civilian.employed,same.house,i.75000.99999,us.born,married,no.schooling,without.disability,private.profit,with.insurance,black
2018HU0228489,5,1,51095,3,20_29,f,civilian.employed,same.house,i.35000.49999,us.born,never,no.schooling,without.disability,private.profit,with.insurance,white
2018HU1223992,5,1,51010,3,50_59,m,civilian.employed,same.house,i.35000.49999,naturalization,married,no.schooling,without.disability,local,with.insurance,other
2018HU0273043,5,1,51045,3,70_79,m,not.in.labor.force,same.house,i.0.9999,us.born,married,no.schooling,with.disability,federal,with.insurance,white
2018HU0477635,5,2,51245,3,30_39,m,civilian.employed,same.house,i.75000.99999,us.born,married,no.schooling,without.disability,federal,with.insurance,white
2018HU0024653,5,3,4101,3,30_39,f,civilian.employed,abroad.house,i.50000.64999,us.born,never,no.schooling,without.disability,private.profit,with.insurance,two.
2018HU0260902,5,1,51206,3,10_19,m,not.in.labor.force,same.house,i.0.9999,us.born,never,public,without.disability,private.no.profit,with.insurance,white
2018HU1157500,5,6,59303,3,0_9,m,not.in.labor.force,abroad.house,i.75000.99999,us.born,never,public,without.disability,not.working,with.insurance,two.
2018HU0411438,5,3,51167,3,40_49,m,civilian.employed,same.house,i.75000.99999,us.born,married,no.schooling,without.disability,private.profit,with.insurance,white
2018HU0483261,5,2,4103,3,0_9,m,not.in.labor.force,same.house,i.75000.99999,us.born,never,private,without.disability,not.working,with.insurance,white
2018HU0142867,5,1,51206,3,60_69,m,civilian.employed,same.house,i.75000.99999,naturalization,married,no.schooling,without.disability,self.employed.corp,with.insurance,white
2018HU0686563,5,3,51186,3,0_9,m,not.in.labor.force,same.house,i.75000.99999,us.born,never,no.schooling,without.disability,not.working,with.insurance,two.
2018HU0172970,5,1,51110,3,0_9,m,not.in.labor.force,same.house,i.75000.99999,us.born,never,public,without.disability,not.working,with.insurance,white
2018HU1217969,5,1,51164,3,40_49,f,civilian.employed,same.house,i.75000.99999,us.born,married,no.schooling,without.disability,private.profit,with.insurance,white
2018HU0407570,5,1,51175,3,70_79,m,not.in.labor.force,diff.us.house,i.0.9999,us.born,married,no.schooling,with.disability,not.working,with.insurance,white
2018HU0698256,5,2,51255,3,60_69,f,not.in.labor.force,same.house,i.0.9999,not.citizen,never,no.schooling,without.disability,not.working,with.insurance,asian
2018HU0633218,5,2,10702,3,10_19,m,not.in.labor.force,same.house,i.75000.99999,us.born,never,public,without.disability,not.working,with.insurance,two.
2018HU0742588,5,1,51135,3,0_9,m,not.in.labor.force,same.house,i.75000.99999,us.born,never,no.schooling,without.disability,not.working,with.insurance,white
2018HU0037990,5,1,51110,3,40_49,f,civilian.employed,same.house,i.50000.64999,us.born,separated,no.schooling,without.disability,local,with.insurance,white
2018HU0293011,5,1,51020,3,50_59,m,civilian.employed,same.house,i.0.9999,us.born,married,no.schooling,without.disability,self.employed.no.corp,with.insurance,white
2018HU0484505,5,1,51154,3,40_49,f,civilian.employed,same.house,i.75000.99999,naturalization,married,no.schooling,without.disability,private.profit,with.insurance,white
2018HU1354588,5,1,51045,3,40_49,f,civilian.employed,same.house,i.35000.49999,naturalization,separated,no.schooling,without.disability,local,with.insurance,black
2018HU0225199,5,2,51135,3,70_79,f,not.in.labor.force,same.house,i.0.9999,us.born,divorced,no.schooling,without.disability,not.working,with.insurance,white
2018HU1049776,5,2,1302,3,60_69,m,civilian.employed,same.house,i.65000.74999,us.born,married,no.schooling,with.disability,private.profit,with.insurance,white
2018HU0212097,5,2,51135,3,40_49,f,civilian.employed,same.house,i.0.9999,not.citizen,married,no.schooling,without.disability,private.no.profit,with.insurance,asian
2018HU1262214,5,2,10702,3,10_19,f,not.in.labor.force,same.house,i.0.9999,us.born,never,public,without.disability,self.employed.no.corp,with.insurance,two.
2018HU0537109,5,2,51224,3,70_79,f,civilian.employed,same.house,i.35000.49999,naturalization,married,no.schooling,without.disability,private.no.profit,with.insurance,other
2018HU0718394,5,1,51045,3,40_49,m,civilian.employed,same.house,i.50000.64999,naturalization,married,no.schooling,without.disability,self.employed.corp,with.insurance,white
2018HU0112855,5,1,51206,3,40_49,f,civilian.employed,same.house,i.75000.99999,naturalization,married,no.schooling,without.disability,federal,with.insurance,asian
2018HU0220383,5,1,51164,3,60_69,f,unemployed,same.house,i.25000.34999,us.born,married,no.schooling,without.disability,private.profit,with.insurance,white
2018HU0160040,5,1,51120,3,10_19,f,not.in.labor.force,same.house,i.75000.99999,us.born,never,public,without.disability,not.working,with.insurance,white
2018HU0842253,5,1,51080,3,50_59,f,civilian.employed,same.house,i.35000.49999,naturalization,never,no.schooling,without.disability,private.no.profit,with.insurance,asian
2018HU0714102,5,1,51045,3,50_59,f,civilian.employed,same.house,i.75000.99999,not.citizen,married,no.schooling,without.disability,local,with.insurance,white
2018HU0247375,5,4,59302,3,40_49,m,civilian.employed,same.house,i.50000.64999,us.born,married,no.schooling,without.disability,private.profit,with.insurance,white
2018HU1290093,5,1,4103,3,30_39,m,civilian.employed,same.house,i.75000.99999,not.citizen,married,no.schooling,without.disability,private.no.profit,with.insurance,white
2018HU0387887,5,3,51110,3,40_49,f,not.in.labor.force,same.house,i.0.9999,not.citizen,married,no.schooling,without.disability,self.employed.no.corp,with.insurance,asian
2018HU0972664,5,1,59303,3,20_29,m,armed.forces,same.house,i.50000.64999,us.born,divorced,public,without.disability,federal,with.insurance,asian
2018HU0344415,5,5,51206,3,60_69,f,not.in.labor.force,same.house,i.0.9999,naturalization,married,no.schooling,without.disability,not.working,with.insurance,asian
2018HU1389600,5,2,59308,3,60_69,m,civilian.employed,same.house,i.75000.99999,us.born,married,no.schooling,without.disability,self.employed.corp,with.insurance,white
2018HU0968314,5,1,51045,3,20_29,m,civilian.employed,diff.us.house,i.35000.49999,us.born,never,no.schooling,without.disability,private.no.profit,with.insurance,white
2018HU1287430,5,1,10702,3,50_59,m,civilian.employed,same.house,i.75000.99999,us.born,married,no.schooling,without.disability,federal,with.insurance,white
2018HU0499250,5,4,59307,3,50_59,f,not.in.labor.force,same.house,i.0.9999,us.born,married,no.schooling,without.disability,not.working,with.insurance,white
2018HU0508928,5,2,51186,3,50_59,f,civilian.employed,diff.us.house,i.0.9999,us.born,married,no.schooling,without.disability,self.employed.no.corp,with.insurance,white
2018HU0787176,5,3,51145,3,10_19,m,not.in.labor.force,same.house,i.0.9999,us.born,never,public,without.disability,not.working,with.insurance,white
2018HU0194039,5,1,51087,3,30_39,f,civilian.employed,diff.us.house,i.15000.24999,us.born,married,no.schooling,without.disability,private.profit,with.insurance,white
2018HU1144496,5,4,51155,3,0_9,m,not.in.labor.force,same.house,i.75000.99999,us.born,never,public,without.disability,not.working,with.insurance,two.
2018HU1359242,5,2,51020,3,40_49,m,civilian.employed,same.house,i.35000.49999,naturalization,married,no.schooling,without.disability,private.profit,with.insurance,asian
2018HU0373940,5,1,51020,3,0_9,m,not.in.labor.force,same.house,i.75000.99999,us.born,never,public,without.disability,not.working,with.insurance,asian
2018HU0353870,5,4,51215,3,70_79,f,civilian.employed,same.house,i.75000.99999,us.born,divorced,no.schooling,with.disability,federal,with.insurance,white
2018HU0518179,5,2,59306,3,0_9,f,not.in.labor.force,same.house,i.75000.99999,us.born,never,public,without.disability,not.working,with.insurance,white
2018HU0507253,5,1,51080,3,20_29,m,civilian.employed,diff.us.house,i.15000.24999,puerto.rico.born,never,no.schooling,without.disability,private.profit,with.insurance,white
2018HU0595732,5,1,51246,3,70_79,f,not.in.labor.force,same.house,i.0.9999,us.born,married,no.schooling,without.disability,not.working,with.insurance,white
2018HU0643917,5,1,51090,3,0_9,m,not.in.labor.force,same.house,i.75000.99999,us.born,never,no.schooling,without.disability,not.working,with.insurance,white
2018HU0863777,5,2,10702,3,60_69,f,not.in.labor.force,same.house,i.0.9999,naturalization,married,no.schooling,without.disability,federal,with.insurance,asian
2018HU0969913,5,5,51244,3,50_59,f,civilian.employed,same.house,i.75000.99999,us.born,married,no.schooling,without.disability,self.employed.corp,with.insurance,white
2018HU0605757,5,1,51245,3,0_9,m,not.in.labor.force,same.house,i.75000.99999,us.born,never,private,without.disability,not.working,with.insurance,white
2018HU0145211,5,1,51175,3,10_19,f,not.in.labor.force,diff.us.house,i.75000.99999,us.born,never,public,without.disability,not.working,with.insurance,white
2018HU0769558,5,1,51235,3,50_59,m,civilian.employed,same.house,i.75000.99999,us.born,married,no.schooling,without.disability,private.profit,with.insurance,white
2018HU0988295,5,1,51110,3,0_9,m,not.in.labor.force,same.house,i.75000.99999,us.born,never,private,without.disability,not.working,with.insurance,two.
2018HU0199616,5,1,51087,3,50_59,m,civilian.employed,same.house,i.75000.99999,us.born,married,no.schooling,without.disability,private.profit,with.insurance,white
2018HU0180794,5,1,51110,3,40_49,f,not.in.labor.force,same.house,i.0.9999,us.born,married,no.schooling,without.disability,not.working,with.insurance,white
2018HU1303836,5,1,51096,3,50_59,m,civilian.employed,same.house,i.75000.99999,not.citizen,married,no.schooling,without.disability,federal,with.insurance,asian
2018HU0057932,5,2,51135,3,60_69,m,not.in.labor.force,same.house,i.0.9999,us.born,married,no.schooling,without.disability,self.employed.no.corp,with.insurance,white
2018HU0696143,5,4,51045,3,30_39,m,civilian.employed,same.house,i.75000.99999,us.born,never,no.schooling,without.disability,federal,with.insurance,white
2018HU0249978,5,1,51045,3,0_9,f,not.in.labor.force,same.house,i.75000.99999,us.born,never,public,without.disability,not.working,with.insurance,two.
2018HU0970824,5,1,51206,3,40_49,f,civilian.employed,same.house,i.0.9999,us.born,married,no.schooling,without.disability,self.employed.no.corp,with.insurance,white
2018HU0550676,5,2,51040,3,30_39,m,civilian.employed,diff.us.house,i.75000.99999,us.born,married,no.schooling,without.disability,private.profit,with.insurance,white
2018HU1067323,5,1,55001,3,40_49,f,not.in.labor.force,same.house,i.0.9999,us.born,married,no.schooling,without.disability,private.profit,with.insurance,white
2018HU0033733,5,2,51245,3,40_49,m,civilian.employed,same.house,i.75000.99999,us.born,married,no.schooling,without.disability,private.no.profit,with.insurance,white
2018HU0989188,5,1,51154,3,20_29,f,civilian.employed,diff.us.house,i.35000.49999,naturalization,never,no.schooling,without.disability,private.no.profit,with.insurance,black
2018HU0450851,5,1,4102,3,0_9,m,not.in.labor.force,diff.us.house,i.75000.99999,us.born,never,private,without.disability,not.working,with.insurance,two.
2018GQ0128027,5,4,51080,3,80_89,m,not.in.labor.force,same.house,i.0.9999,us.born,widowed,no.schooling,with.disability,not.working,with.insurance,white
2018HU0956564,5,2,59303,3,70_79,m,civilian.employed,same.house,i.75000.99999,us.born,never,no.schooling,without.disability,private.profit,with.insurance,white
2018HU1270800,5,1,51045,3,0_9,m,not.in.labor.force,same.house,i.75000.99999,us.born,never,public,without.disability,not.working,with.insurance,white
2018HU0528394,5,1,51096,3,40_49,m,unemployed,same.house,i.25000.34999,not.citizen,married,no.schooling,without.disability,self.employed.corp,with.insurance,asian
2018HU0195997,5,2,59303,3,30_39,f,civilian.employed,same.house,i.15000.24999,not.citizen,married,no.schooling,without.disability,private.profit,without.insurance,other
2018HU0257147,5,1,51115,3,10_19,m,not.in.labor.force,same.house,i.75000.99999,us.born,never,public,without.disability,not.working,with.insurance,white
2018HU0647638,5,1,51145,3,40_49,f,civilian.employed,same.house,i.0.9999,naturalization,married,no.schooling,without.disability,private.profit,with.insurance,two.
2018HU0491341,5,2,59307,3,0_9,f,not.in.labor.force,same.house,i.75000.99999,us.born,never,no.schooling,without.disability,not.working,with.insurance,white
2018HU0142867,5,1,51155,3,20_29,m,not.in.labor.force,same.house,i.0.9999,us.born,never,private,without.disability,private.profit,with.insurance,white
2018HU1041104,5,1,59303,3,80_89,f,not.in.labor.force,same.house,i.0.9999,naturalization,married,no.schooling,without.disability,not.working,with.insurance,white
2018HU0199909,5,2,51225,3,60_69,m,not.in.labor.force,same.house,i.0.9999,us.born,married,no.schooling,without.disability,not.working,with.insurance,white
2018HU1020098,5,1,51245,3,0_9,m,not.in.labor.force,same.house,i.75000.99999,us.born,never,no.schooling,without.disability,not.working,with.insurance,white
2018HU1202907,5,1,51167,3,40_49,m,civilian.employed,same.house,i.50000.64999,us.born,married,no.schooling,without.disability,self.employed.corp,with.insurance,white
2018HU0140421,5,2,51255,3,0_9,m,not.in.labor.force,diff.us.house,i.75000.99999,us.born,never,private,without.disability,not.working,with.insurance,white
2018HU0685463,5,3,51244,3,30_39,m,not.in.labor.force,same.house,i.0.9999,us.born,never,no.schooling,without.disability,private.profit,with.insurance,white
2018HU0743349,5,2,51225,3,0_9,m,not.in.labor.force,same.house,i.75000.99999,naturalization,never,public,without.disability,not.working,with.insurance,white
2018HU0163367,5,1,51155,3,0_9,f,not.in.labor.force,same.house,i.75000.99999,us.born,never,public,without.disability,not.working,with.insurance,white
2018HU0477709,5,2,51080,3,20_29,f,civilian.employed,diff.us.house,i.25000.34999,not.citizen,married,no.schooling,without.disability,private.profit,with.insurance,white
2018HU0826754,5,2,51125,3,40_49,m,civilian.employed,same.house,i.10000.14999,us.born,never,no.schooling,without.disability,private.profit,with.insurance,black
2018HU0719586,5,1,51155,3,50_59,f,not.in.labor.force,same.house,i.0.9999,us.born,married,no.schooling,without.disability,not.working,with.insurance,white
2018HU1071019,5,1,51096,3,30_39,m,civilian.employed,same.house,i.75000.99999,us.born,married,no.schooling,without.disability,private.profit,with.insurance,white
2018HU1292549,5,2,51245,3,50_59,m,civilian.employed,same.house,i.75000.99999,us.born,married,no.schooling,without.disability,local,with.insurance,white
2018HU1341523,5,2,51135,3,30_39,m,civilian.employed,diff.us.house,i.75000.99999,naturalization,married,no.schooling,without.disability,private.no.profit,with.insurance,asian
2018HU0274836,5,2,55001,3,10_19,m,not.in.labor.force,same.house,i.0.9999,us.born,never,public,without.disability,not.working,with.insurance,white
2018HU0078643,5,4,51225,3,30_39,m,civilian.employed,diff.us.house,i.75000.99999,not.citizen,married,no.schooling,without.disability,private.profit,with.insurance,asian
2018HU0578243,5,4,51120,3,40_49,m,civilian.employed,same.house,i.75000.99999,not.citizen,married,no.schooling,without.disability,private.no.profit,with.insurance,white
2018HU0486225,5,2,51080,3,80_89,m,not.in.labor.force,same.house,i.0.9999,us.born,married,no.schooling,with.disability,not.working,with.insurance,white
2018HU0388978,5,1,51246,3,60_69,m,not.in.labor.force,same.house,i.75000.99999,us.born,married,no.schooling,without.disability,self.employed.corp,with.insurance,white
2018HU0854757,5,1,51235,3,0_9,m,not.in.labor.force,same.house,i.75000.99999,us.born,never,public,without.disability,not.working,with.insurance,white
2018HU0883113,5,1,51096,3,60_69,f,not.in.labor.force,same.house,i.0.9999,us.born,divorced,no.schooling,without.disability,private.profit,with.insurance,white
2018HU0711476,5,1,51244,3,50_59,f,civilian.employed,same.house,i.75000.99999,us.born,divorced,no.schooling,without.disability,private.profit,with.insurance,other
2018HU0994419,5,1,51097,3,50_59,m,civilian.employed,same.house,i.75000.99999,us.born,divorced,no.schooling,without.disability,private.profit,with.insurance,white
2018HU0839723,5,2,10702,3,30_39,m,civilian.employed,diff.us.house,i.75000.99999,us.born,never,no.schooling,without.disability,federal,with.insurance,white
2018HU0931594,5,1,51235,3,40_49,m,armed.forces,diff.us.house,i.75000.99999,us.born,married,no.schooling,without.disability,federal,with.insurance,white
2018HU0530743,5,1,51096,3,30_39,m,civilian.employed,same.house,i.75000.99999,naturalization,married,no.schooling,without.disability,federal,without.insurance,white
2018HU0908615,5,3,51244,3,30_39,m,civilian.employed,same.house,i.75000.99999,us.born,never,no.schooling,without.disability,private.profit,with.insurance,black
2018HU0749588,5,4,10703,3,10_19,f,civilian.employed,same.house,i.10000.14999,not.citizen,never,no.schooling,without.disability,private.profit,with.insurance,white
2018HU1012243,5,2,51115,3,30_39,m,civilian.employed,diff.us.house,i.75000.99999,us.born,never,no.schooling,without.disability,private.profit,with.insurance,white
2018HU0698256,5,1,51255,3,0_9,f,not.in.labor.force,same.house,i.75000.99999,us.born,never,no.schooling,without.disability,not.working,with.insurance,asian
2018HU1342198,5,1,51175,3,40_49,f,civilian.employed,same.house,i.65000.74999,naturalization,married,no.schooling,without.disability,private.no.profit,with.insurance,asian
2018HU0530968,5,1,51125,3,0_9,m,not.in.labor.force,same.house,i.75000.99999,us.born,never,no.schooling,without.disability,not.working,with.insurance,two.
2018HU0026816,5,1,51115,3,40_49,m,civilian.employed,same.house,i.75000.99999,abroad.born,married,no.schooling,without.disability,private.no.profit,with.insurance,asian
2018HU0402730,5,3,51115,3,60_69,m,civilian.employed,same.house,i.25000.34999,naturalization,married,no.schooling,without.disability,self.employed.corp,with.insurance,black
2018HU0524806,5,1,51206,3,0_9,m,not.in.labor.force,same.house,i.75000.99999,us.born,never,no.schooling,without.disability,not.working,with.insurance,asian
2018HU0254229,5,1,51206,3,60_69,f,civilian.employed,same.house,i.75000.99999,us.born,married,no.schooling,without.disability,private.no.profit,with.insurance,white
2018HU0291867,5,1,59304,3,60_69,m,civilian.employed,same.house,i.50000.64999,not.citizen,married,no.schooling,without.disability,private.profit,with.insurance,other
2018HU1268641,5,1,51235,3,50_59,f,not.in.labor.force,same.house,i.0.9999,us.born,married,no.schooling,without.disability,not.working,with.insurance,white
2018HU0544009,5,1,55002,3,10_19,m,not.in.labor.force,same.house,i.0.9999,us.born,never,public,without.disability,private.profit,with.insurance,white
2018HU0587654,5,4,51164,3,0_9,m,not.in.labor.force,same.house,i.75000.99999,not.citizen,never,public,without.disability,not.working,with.insurance,white
2018HU1395868,5,1,51154,3,30_39,f,civilian.employed,same.house,i.50000.64999,naturalization,married,no.schooling,without.disability,private.profit,with.insurance,two.
2018HU0972027,5,1,59303,3,20_29,f,civilian.employed,same.house,i.0.9999,us.born,never,private,without.disability,private.no.profit,with.insurance,asian
2018HU0180635,5,1,51215,3,60_69,f,civilian.employed,same.house,i.75000.99999,us.born,married,no.schooling,without.disability,private.profit,with.insurance,white
2018HU0172970,5,1,51235,3,0_9,m,not.in.labor.force,same.house,i.75000.99999,us.born,never,public,without.disability,not.working,with.insurance,white
2018HU1065367,5,2,51224,3,50_59,m,civilian.employed,same.house,i.15000.24999,naturalization,married,no.schooling,without.disability,self.employed.corp,with.insurance,white
2018HU0374529,5,1,51096,3,30_39,m,civilian.employed,same.house,i.15000.24999,not.citizen,married,no.schooling,without.disability,private.profit,with.insurance,black
2018HU0899622,5,3,51115,3,80_89,f,not.in.labor.force,same.house,i.0.9999,naturalization,widowed,no.schooling,with.disability,not.working,with.insurance,asian
2018HU0642828,5,1,51135,3,50_59,m,civilian.employed,diff.us.house,i.75000.99999,us.born,married,no.schooling,without.disability,private.no.profit,with.insurance,white
2018HU1112853,5,2,4103,3,0_9,f,not.in.labor.force,same.house,i.75000.99999,us.born,never,public,without.disability,not.working,with.insurance,white
2018HU1166597,5,5,59306,3,0_9,m,not.in.labor.force,same.house,i.75000.99999,us.born,never,no.schooling,without.disability,not.working,with.insurance,two.
2018HU0059651,5,2,59301,3,50_59,f,civilian.employed,same.house,i.75000.99999,us.born,married,no.schooling,without.disability,private.profit,with.insurance,white
2018HU0030626,5,1,51154,3,40_49,m,civilian.employed,same.house,i.65000.74999,naturalization,married,no.schooling,without.disability,private.profit,with.insurance,asian
2018HU1177526,5,1,51225,3,0_9,f,not.in.labor.force,same.house,i.75000.99999,us.born,never,public,without.disability,not.working,with.insurance,white
2018HU0160891,5,1,51246,3,0_9,f,not.in.labor.force,same.house,i.75000.99999,us.born,never,private,without.disability,not.working,with.insurance,two.
2018HU0882258,5,2,59305,3,80_89,f,not.in.labor.force,same.house,i.0.9999,us.born,married,no.schooling,with.disability,not.working,with.insurance,white
2018HU0610492,5,2,1301,3,10_19,f,not.in.labor.force,same.house,i.75000.99999,us.born,never,public,without.disability,not.working,with.insurance,white
2018HU0023827,5,4,51224,3,40_49,f,civilian.employed,same.house,i.65000.74999,us.born,married,no.schooling,without.disability,private.no.profit,with.insurance,asian
2018HU1253198,5,1,51010,3,10_19,f,not.in.labor.force,diff.us.house,i.75000.99999,us.born,never,public,without.disability,not.working,with.insurance,white
2018HU0079271,5,1,51110,3,60_69,m,civilian.employed,same.house,i.75000.99999,naturalization,married,no.schooling,without.disability,federal,with.insurance,asian
2018HU1002169,5,4,51010,3,10_19,m,not.in.labor.force,same.house,i.0.9999,us.born,never,public,without.disability,not.working,with.insurance,asian
2018HU1248995,5,1,51175,3,60_69,f,civilian.employed,same.house,i.0.9999,us.born,married,no.schooling,with.disability,self.employed.no.corp,with.insurance,white
2018HU0262563,5,2,51105,3,60_69,m,not.in.labor.force,same.house,i.50000.64999,abroad.born,married,no.schooling,without.disability,federal,with.insurance,white
2018HU0611491,5,1,51165,3,60_69,m,civilian.employed,same.house,i.25000.34999,us.born,married,no.schooling,without.disability,local,with.insurance,white
2018HU0752669,5,2,51010,3,60_69,f,not.in.labor.force,same.house,i.0.9999,us.born,married,no.schooling,with.disability,not.working,with.insurance,white
2018HU0152285,5,2,51145,3,60_69,m,not.in.labor.force,same.house,i.0.9999,us.born,never,no.schooling,without.disability,private.profit,with.insurance,white
2018HU0987438,5,2,1301,3,10_19,m,not.in.labor.force,same.house,i.75000.99999,us.born,never,private,without.disability,not.working,with.insurance,asian
2018HU1183313,5,1,59303,3,10_19,m,not.in.labor.force,same.house,i.0.9999,us.born,never,public,without.disability,not.working,with.insurance,white
2018HU1031774,5,3,59303,3,40_49,m,civilian.employed,same.house,i.75000.99999,us.born,married,no.schooling,without.disability,private.profit,with.insurance,white
2018HU0161551,5,1,51010,3,30_39,m,civilian.employed,same.house,i.75000.99999,not.citizen,married,no.schooling,without.disability,federal,with.insurance,white
2018GQ0128027,5,4,51080,3,80_89,m,not.in.labor.force,same.house,i.0.9999,us.born,widowed,no.schooling,with.disability,not.working,with.insurance,white
2018HU0954990,5,3,51244,3,0_9,f,not.in.labor.force,same.house,i.75000.99999,us.born,never,public,without.disability,not.working,with.insurance,white
2018HU0116915,5,1,59303,3,60_69,m,civilian.employed,same.house,i.75000.99999,us.born,married,no.schooling,without.disability,private.profit,with.insurance,white
2018HU0152867,5,1,51206,3,50_59,m,civilian.employed,same.house,i.75000.99999,us.born,married,no.schooling,without.disability,private.profit,with.insurance,white
2018HU1395260,5,1,51145,3,50_59,f,civilian.employed,same.house,i.65000.74999,naturalization,divorced,no.schooling,without.disability,private.profit,without.insurance,black
2018HU0761950,5,1,51135,3,0_9,m,not.in.labor.force,same.house,i.75000.99999,us.born,never,no.schooling,without.disability,not.working,with.insurance,white
2018HU1201844,5,5,51120,3,40_49,f,not.in.labor.force,same.house,i.0.9999,us.born,married,no.schooling,without.disability,not.working,with.insurance,white
2018HU1328190,5,1,4101,3,20_29,f,civilian.employed,same.house,i.25000.34999,us.born,never,no.schooling,without.disability,private.profit,with.insurance,white
2018HU0460548,5,1,51155,3,30_39,f,civilian.employed,same.house,i.50000.64999,us.born,married,no.schooling,without.disability,local,with.insurance,white
2018HU1252353,5,1,51206,3,10_19,m,not.in.labor.force,same.house,i.0.9999,us.born,never,public,without.disability,not.working,with.insurance,asian
2018HU0962703,5,2,51089,3,40_49,m,armed.forces,diff.us.house,i.75000.99999,us.born,married,no.schooling,without.disability,federal,with.insurance,white
2018HU0565481,5,4,51175,3,0_9,m,not.in.labor.force,same.house,i.75000.99999,us.born,never,private,without.disability,not.working,without.insurance,white
2018HU0290641,5,1,59304,3,40_49,m,civilian.employed,same.house,i.15000.24999,not.citizen,never,no.schooling,without.disability,private.profit,with.insurance,other
2018HU1017133,5,1,51206,3,60_69,f,civilian.employed,same.house,i.75000.99999,naturalization,married,no.schooling,without.disability,self.employed.corp,with.insurance,asian
2018HU0881301,5,1,51115,3,10_19,f,not.in.labor.force,same.house,i.75000.99999,us.born,never,public,without.disability,not.working,with.insurance,white
2018HU1324776,5,3,51080,3,20_29,m,armed.forces,same.house,i.75000.99999,us.born,never,no.schooling,without.disability,federal,with.insurance,white
2018HU1203169,5,6,51084,3,60_69,f,civilian.employed,same.house,i.65000.74999,us.born,married,no.schooling,without.disability,local,with.insurance,white
2018HU1007285,5,2,59308,3,40_49,f,civilian.employed,diff.us.house,i.65000.74999,us.born,married,no.schooling,without.disability,local,with.insurance,white
2018HU0211860,5,1,10702,3,50_59,m,civilian.employed,same.house,i.75000.99999,us.born,never,no.schooling,without.disability,private.profit,with.insurance,white
2018HU0572841,5,1,51110,3,40_49,m,civilian.employed,same.house,i.50000.64999,naturalization,married,no.schooling,without.disability,self.employed.corp,without.insurance,white
2018HU1363034,5,2,51215,3,40_49,m,civilian.employed,same.house,i.75000.99999,us.born,married,no.schooling,without.disability,local,with.insurance,white
2018HU1139542,5,1,51246,3,40_49,m,civilian.employed,same.house,i.75000.99999,naturalization,divorced,no.schooling,without.disability,private.profit,with.insurance,asian
2018HU0197863,5,1,51105,3,0_9,m,not.in.labor.force,same.house,i.75000.99999,us.born,never,no.schooling,without.disability,not.working,with.insurance,white
2018HU0602975,5,1,51224,3,0_9,m,not.in.labor.force,same.house,i.75000.99999,us.born,never,public,without.disability,not.working,with.insurance,white
2018HU0379858,5,1,51087,3,50_59,m,civilian.employed,diff.us.house,i.75000.99999,us.born,married,no.schooling,without.disability,private.profit,with.insurance,white
2018HU0966588,5,7,51087,3,60_69,m,civilian.employed,same.house,i.10000.14999,us.born,married,no.schooling,without.disability,private.profit,with.insurance,white
2018HU0769313,5,1,51087,3,10_19,m,civilian.employed,same.house,i.0.9999,us.born,never,private,without.disability,self.employed.no.corp,with.insurance,white
2018HU1286347,5,2,51186,3,60_69,f,civilian.employed,same.house,i.10000.14999,naturalization,widowed,no.schooling,without.disability,private.profit,with.insurance,asian
2018HU0472308,5,1,51154,3,30_39,m,civilian.employed,same.house,i.25000.34999,not.citizen,married,no.schooling,without.disability,private.profit,with.insurance,white
2018HU1399658,5,1,10701,3,60_69,m,not.in.labor.force,same.house,i.0.9999,us.born,married,no.schooling,with.disability,not.working,with.insurance,white
2018HU0319394,5,1,51090,3,70_79,f,civilian.employed,same.house,i.0.9999,naturalization,married,no.schooling,without.disability,private.no.profit,with.insurance,white
2018HU0694244,5,3,55002,3,40_49,f,civilian.employed,same.house,i.75000.99999,us.born,married,no.schooling,without.disability,local,with.insurance,asian
2018HU1075547,5,1,51120,3,10_19,f,not.in.labor.force,same.house,i.0.9999,puerto.rico.born,never,public,without.disability,not.working,with.insurance,white
2018HU1217969,5,2,51164,3,40_49,m,civilian.employed,same.house,i.0.9999,us.born,married,no.schooling,without.disability,private.no.profit,with.insurance,white
2018HU0289861,5,1,51135,3,40_49,f,not.in.labor.force,same.house,i.0.9999,us.born,married,no.schooling,without.disability,not.working,with.insurance,white
2018HU0876846,5,1,51155,3,80_89,m,not.in.labor.force,same.house,i.0.9999,us.born,divorced,no.schooling,with.disability,not.working,with.insurance,white
2018HU1070123,5,4,51145,3,70_79,f,not.in.labor.force,same.house,i.0.9999,us.born,divorced,no.schooling,with.disability,not.working,with.insurance,white
2018HU0990338,5,8,4103,3,10_19,m,not.in.labor.force,same.house,i.75000.99999,us.born,never,public,without.disability,not.working,with.insurance,white
2018HU0801968,5,1,51105,3,30_39,f,not.in.labor.force,same.house,i.0.9999,not.citizen,married,no.schooling,without.disability,private.profit,with.insurance,asian
2018HU0052072,5,1,51145,3,10_19,f,not.in.labor.force,same.house,i.75000.99999,us.born,never,public,with.disability,not.working,with.insurance,black
2018HU0858646,5,1,51154,3,80_89,m,civilian.employed,same.house,i.15000.24999,us.born,married,no.schooling,without.disability,federal,with.insurance,white
2018HU0964865,5,4,51215,3,70_79,m,not.in.labor.force,same.house,i.0.9999,us.born,married,no.schooling,without.disability,federal,with.insurance,white
2018HU0498717,5,4,51186,3,0_9,m,not.in.labor.force,same.house,i.75000.99999,us.born,never,private,without.disability,not.working,with.insurance,white
2018HU1372524,5,2,1301,3,50_59,f,civilian.employed,same.house,i.75000.99999,us.born,married,no.schooling,without.disability,private.profit,with.insurance,white
2018HU0140702,5,2,51186,3,40_49,m,civilian.employed,same.house,i.75000.99999,us.born,married,no.schooling,without.disability,private.profit,with.insurance,white
2018HU1344575,5,1,51097,3,60_69,f,civilian.employed,same.house,i.0.9999,us.born,married,no.schooling,without.disability,self.employed.no.corp,without.insurance,white
2018HU0423601,5,2,59303,3,20_29,m,armed.forces,same.house,i.25000.34999,us.born,married,public,without.disability,federal,with.insurance,white
2018HU1341187,5,2,51080,3,50_59,m,civilian.employed,same.house,i.75000.99999,us.born,married,no.schooling,without.disability,federal,with.insurance,white
2018HU0932655,5,5,51224,3,70_79,m,not.in.labor.force,same.house,i.0.9999,us.born,married,no.schooling,with.disability,not.working,with.insurance,white
2018HU0507627,5,1,51110,3,40_49,m,civilian.employed,same.house,i.35000.49999,not.citizen,married,no.schooling,without.disability,private.profit,with.insurance,asian
2018HU0265823,5,1,51154,3,60_69,m,not.in.labor.force,same.house,i.0.9999,us.born,married,no.schooling,without.disability,local,with.insurance,white
2018HU0151883,5,5,59303,3,0_9,m,not.in.labor.force,same.house,i.75000.99999,us.born,never,no.schooling,without.disability,not.working,with.insurance,white
2018HU0680578,5,1,51095,3,60_69,f,civilian.employed,same.house,i.75000.99999,us.born,widowed,no.schooling,without.disability,federal,with.insurance,white
2018HU0603469,5,5,51225,3,70_79,f,not.in.labor.force,same.house,i.0.9999,naturalization,married,no.schooling,without.disability,not.working,with.insurance,asian
2018HU0760001,5,2,51010,3,10_19,f,not.in.labor.force,same.house,i.75000.99999,us.born,never,private,without.disability,not.working,without.insurance,white
2018HU0042574,5,1,51105,3,10_19,f,not.in.labor.force,same.house,i.0.9999,not.citizen,never,public,without.disability,not.working,with.insurance,asian
2018HU0738847,5,1,51110,3,50_59,m,civilian.employed,same.house,i.65000.74999,us.born,married,no.schooling,without.disability,federal,with.insurance,white
2018HU0648786,5,2,51255,3,20_29,f,civilian.employed,same.house,i.35000.49999,us.born,never,public,without.disability,private.profit,with.insurance,white
2018HU0639857,5,1,51097,3,40_49,m,civilian.employed,same.house,i.75000.99999,us.born,married,no.schooling,without.disability,federal,with.insurance,white
2018HU0606536,5,1,51145,3,20_29,f,civilian.employed,same.house,i.15000.24999,not.citizen,never,no.schooling,without.disability,private.profit,without.insurance,other
2018HU0968719,5,2,51167,3,20_29,f,not.in.labor.force,same.house,i.0.9999,us.born,never,no.schooling,with.disability,not.working,with.insurance,two.
2018HU0859480,5,1,51154,3,30_39,m,not.in.labor.force,same.house,i.0.9999,us.born,married,no.schooling,without.disability,private.profit,with.insurance,white
2018HU1258846,5,1,51084,3,30_39,f,civilian.employed,same.house,i.50000.64999,us.born,married,no.schooling,without.disability,private.profit,with.insurance,two.
2018HU0754097,5,1,51095,3,40_49,m,civilian.employed,same.house,i.0.9999,abroad.born,never,no.schooling,without.disability,self.employed.no.corp,with.insurance,white
2018HU0188940,5,2,55002,3,50_59,m,civilian.employed,same.house,i.35000.49999,us.born,married,no.schooling,without.disability,private.profit,with.insurance,white
2018HU1039290,5,1,59309,3,70_79,f,not.in.labor.force,same.house,i.0.9999,us.born,married,no.schooling,without.disability,not.working,with.insurance,white
2018HU0490603,5,3,10703,3,30_39,f,civilian.employed,diff.us.house,i.50000.64999,us.born,married,no.schooling,without.disability,private.profit,with.insurance,white
2018HU0979156,5,3,51010,3,40_49,f,not.in.labor.force,same.house,i.0.9999,us.born,married,no.schooling,without.disability,not.working,with.insurance,white
2018HU0092795,5,3,59301,3,70_79,f,civilian.employed,same.house,i.0.9999,us.born,married,no.schooling,without.disability,private.profit,with.insurance,white
2018HU0058453,5,1,59303,3,10_19,m,not.in.labor.force,same.house,i.75000.99999,us.born,never,public,without.disability,not.working,with.insurance,white
2018HU1232492,5,1,51206,3,10_19,m,not.in.labor.force,same.house,i.75000.99999,us.born,never,private,without.disability,not.working,with.insurance,white
2018HU1047775,5,3,59309,3,40_49,m,civilian.employed,same.house,i.50000.64999,naturalization,married,no.schooling,without.disability,private.profit,with.insurance,white
2018GQ0036596,5,1,51135,3,70_79,m,not.in.labor.force,same.house,i.0.9999,us.born,married,no.schooling,with.disability,not.working,with.insurance,white
2018HU0940706,5,1,51154,3,30_39,f,civilian.employed,same.house,i.75000.99999,us.born,divorced,no.schooling,without.disability,private.no.profit,with.insurance,white
2018HU0356185,5,2,10703,3,40_49,f,civilian.employed,same.house,i.0.9999,naturalization,married,no.schooling,without.disability,self.employed.no.corp,with.insurance,asian
2018HU0370447,5,1,4102,3,40_49,m,not.in.labor.force,same.house,i.0.9999,us.born,married,public,without.disability,not.working,with.insurance,white
2018HU0946734,5,1,51186,3,40_49,m,civilian.employed,same.house,i.75000.99999,us.born,never,no.schooling,without.disability,private.profit,with.insurance,white
2018HU0107277,5,4,51235,3,60_69,m,not.in.labor.force,same.house,i.0.9999,us.born,married,no.schooling,with.disability,not.working,with.insurance,white
2018HU0549710,5,1,51080,3,40_49,f,civilian.employed,same.house,i.75000.99999,us.born,divorced,no.schooling,without.disability,federal,with.insurance,black
2018HU0689718,5,1,51246,3,30_39,f,civilian.employed,abroad.house,i.65000.74999,us.born,married,no.schooling,without.disability,private.profit,with.insurance,white
2018HU1203071,5,3,59301,3,70_79,f,civilian.employed,same.house,i.10000.14999,us.born,widowed,no.schooling,without.disability,private.no.profit,with.insurance,white
2018HU0744859,5,5,1302,3,0_9,m,not.in.labor.force,same.house,i.75000.99999,us.born,never,no.schooling,without.disability,not.working,with.insurance,white
2018HU0849250,5,1,51090,3,30_39,f,civilian.employed,same.house,i.75000.99999,us.born,never,no.schooling,without.disability,local,with.insurance,white
2018HU1131865,5,1,55002,3,30_39,m,civilian.employed,same.house,i.65000.74999,us.born,married,no.schooling,without.disability,local,with.insurance,white
2018HU0018795,5,1,51164,3,30_39,m,civilian.employed,diff.us.house,i.75000.99999,us.born,never,no.schooling,without.disability,federal,with.insurance,black
2018HU1174716,5,1,51095,3,60_69,f,civilian.employed,same.house,i.65000.74999,us.born,married,no.schooling,without.disability,private.profit,with.insurance,white
2018HU0477380,5,1,51120,3,70_79,f,not.in.labor.force,same.house,i.0.9999,us.born,divorced,no.schooling,without.disability,not.working,with.insurance,white
2018HU1011803,5,1,10701,3,10_19,f,not.in.labor.force,same.house,i.75000.99999,us.born,never,public,without.disability,not.working,with.insurance,asian
2018HU0191103,5,2,51090,3,0_9,m,not.in.labor.force,same.house,i.75000.99999,us.born,never,public,without.disability,not.working,with.insurance,white
2018HU1264799,5,1,51020,3,0_9,m,not.in.labor.force,same.house,i.75000.99999,us.born,never,public,with.disability,not.working,with.insurance,white
2018HU0158668,5,1,59301,3,50_59,m,civilian.employed,same.house,i.75000.99999,us.born,married,no.schooling,without.disability,federal,with.insurance,white
2018HU0614055,5,2,51175,3,60_69,f,civilian.employed,same.house,i.50000.64999,us.born,married,no.schooling,without.disability,local,with.insurance,white
2018HU1342660,5,1,51097,3,40_49,f,civilian.employed,same.house,i.65000.74999,us.born,divorced,no.schooling,without.disability,private.profit,with.insurance,white
2018HU1389555,5,2,51215,3,10_19,m,not.in.labor.force,same.house,i.75000.99999,us.born,never,public,without.disability,not.working,with.insurance,white
2018HU1324684,5,1,51096,3,40_49,f,civilian.employed,same.house,i.75000.99999,us.born,never,no.schooling,without.disability,private.no.profit,with.insurance,white
2018HU0823815,5,4,51125,3,50_59,f,civilian.employed,same.house,i.10000.14999,naturalization,married,no.schooling,without.disability,self.employed.corp,with.insurance,asian
2018HU0351981,5,1,51010,3,50_59,f,civilian.employed,same.house,i.75000.99999,us.born,married,no.schooling,without.disability,private.profit,with.insurance,white
2018HU1226695,5,2,51020,3,30_39,f,not.in.labor.force,diff.us.house,i.0.9999,us.born,married,no.schooling,without.disability,private.profit,with.insurance,asian
2018HU1344575,5,1,51097,3,60_69,f,civilian.employed,same.house,i.0.9999,us.born,married,no.schooling,without.disability,self.employed.no.corp,without.insurance,white
2018HU1046684,5,1,51090,3,60_69,m,civilian.employed,same.house,i.25000.34999,naturalization,married,no.schooling,without.disability,private.profit,with.insurance,asian
2018HU0201372,5,1,51167,3,50_59,m,civilian.employed,diff.us.house,i.75000.99999,us.born,married,no.schooling,without.disability,federal,with.insurance,white
2018HU0128046,5,2,51155,3,50_59,m,civilian.employed,same.house,i.50000.64999,us.born,married,no.schooling,without.disability,private.profit,with.insurance,white
2018GQ0075016,5,1,51125,3,20_29,m,civilian.employed,diff.us.house,i.0.9999,us.born,never,no.schooling,without.disability,private.profit,without.insurance,black
2018HU0543375,5,1,59307,3,10_19,m,not.in.labor.force,diff.us.house,i.0.9999,not.citizen,never,public,without.disability,not.working,without.insurance,white
2018HU1011639,5,1,51154,3,50_59,m,civilian.employed,same.house,i.50000.64999,us.born,never,no.schooling,without.disability,state,with.insurance,white
2018HU0878580,5,2,51235,3,70_79,m,not.in.labor.force,same.house,i.0.9999,us.born,married,no.schooling,without.disability,federal,with.insurance,white
2018HU0092795,5,3,59301,3,70_79,f,civilian.employed,same.house,i.0.9999,us.born,married,no.schooling,without.disability,private.profit,with.insurance,white
2018HU0126902,5,3,51040,3,60_69,f,not.in.labor.force,same.house,i.0.9999,us.born,married,no.schooling,without.disability,not.working,with.insurance,white
2018HU0168413,5,2,51087,3,60_69,f,civilian.employed,same.house,i.35000.49999,naturalization,married,no.schooling,without.disability,local,with.insurance,white
2018HU0144115,5,1,51105,3,40_49,f,civilian.employed,same.house,i.75000.99999,naturalization,married,no.schooling,without.disability,private.profit,with.insurance,asian
2018HU0089407,5,1,51125,3,30_39,f,not.in.labor.force,same.house,i.0.9999,us.born,never,no.schooling,without.disability,self.employed.corp,with.insurance,black
2018HU0716962,5,1,51154,3,0_9,f,not.in.labor.force,same.house,i.75000.99999,us.born,never,private,without.disability,not.working,with.insurance,white
2018HU0211823,5,2,51135,3,0_9,f,not.in.labor.force,same.house,i.75000.99999,us.born,never,no.schooling,without.disability,not.working,with.insurance,white
2018HU0592086,5,1,51215,3,20_29,m,civilian.employed,same.house,i.0.9999,us.born,never,public,without.disability,private.profit,with.insurance,two.
2018HU0075464,5,2,59307,3,40_49,m,civilian.employed,same.house,i.75000.99999,us.born,married,public,without.disability,federal,with.insurance,two.
2018HU0854458,5,1,51245,3,50_59,f,not.in.labor.force,same.house,i.0.9999,naturalization,married,no.schooling,without.disability,not.working,with.insurance,white
2018HU0763072,5,1,51105,3,20_29,m,civilian.employed,same.house,i.50000.64999,us.born,never,no.schooling,without.disability,private.profit,with.insurance,asian
2018HU0830563,5,2,51215,3,60_69,f,civilian.employed,same.house,i.15000.24999,not.citizen,widowed,no.schooling,without.disability,private.profit,with.insurance,asian
2018HU0140702,5,3,51186,3,10_19,m,not.in.labor.force,same.house,i.75000.99999,us.born,never,private,without.disability,not.working,with.insurance,white
2018HU0163814,5,4,4103,3,10_19,m,not.in.labor.force,same.house,i.0.9999,us.born,never,private,without.disability,private.profit,with.insurance,white
2018HU1251103,5,1,51154,3,20_29,m,civilian.employed,same.house,i.25000.34999,not.citizen,never,no.schooling,without.disability,private.profit,without.insurance,other
2018HU0973353,5,1,51096,3,10_19,f,not.in.labor.force,same.house,i.75000.99999,naturalization,never,public,without.disability,not.working,with.insurance,other
2018HU0251804,5,1,51135,3,40_49,m,civilian.employed,same.house,i.75000.99999,us.born,married,private,without.disability,private.profit,with.insurance,white
2018HU0696143,5,5,51045,3,20_29,m,civilian.employed,same.house,i.15000.24999,us.born,never,no.schooling,without.disability,private.profit,without.insurance,white
2018HU1068747,5,1,59304,3,10_19,m,not.in.labor.force,same.house,i.75000.99999,us.born,never,private,without.disability,not.working,with.insurance,white
2018HU0007086,5,5,51087,3,20_29,m,civilian.employed,same.house,i.10000.14999,us.born,never,no.schooling,without.disability,private.profit,with.insurance,white
2018HU0448044,5,1,51215,3,60_69,m,civilian.employed,diff.us.house,i.15000.24999,naturalization,married,no.schooling,without.disability,private.profit,without.insurance,asian
2018HU0524100,5,1,51154,3,0_9,m,not.in.labor.force,same.house,i.75000.99999,us.born,never,public,without.disability,not.working,with.insurance,white
2018HU0484505,5,1,51080,3,0_9,f,not.in.labor.force,same.house,i.75000.99999,us.born,never,public,without.disability,not.working,with.insurance,white
2018HU0685162,5,1,59301,3,60_69,f,not.in.labor.force,same.house,i.0.9999,us.born,never,no.schooling,without.disability,not.working,with.insurance,white
2018HU0257229,5,1,51080,3,0_9,f,not.in.labor.force,same.house,i.75000.99999,us.born,never,public,without.disability,not.working,with.insurance,white
2018HU0481488,5,1,51215,3,50_59,f,civilian.employed,same.house,i.75000.99999,abroad.born,married,no.schooling,without.disability,private.profit,with.insurance,white
2018HU0849060,5,1,51110,3,40_49,f,civilian.employed,same.house,i.50000.64999,us.born,married,no.schooling,with.disability,private.profit,with.insurance,white
2018HU0587268,5,2,59308,3,30_39,f,civilian.employed,same.house,i.75000.99999,us.born,never,no.schooling,without.disability,private.profit,with.insurance,asian
2018HU0705491,5,1,51020,3,10_19,m,not.in.labor.force,same.house,i.75000.99999,us.born,never,public,without.disability,not.working,with.insurance,white
2018HU1376970,5,4,51120,3,20_29,f,not.in.labor.force,same.house,i.0.9999,us.born,never,public,without.disability,private.profit,with.insurance,white
2018HU0556685,5,3,51045,3,50_59,f,civilian.employed,same.house,i.25000.34999,not.citizen,married,no.schooling,without.disability,private.profit,with.insurance,white
2018HU0191103,5,2,51090,3,0_9,m,not.in.labor.force,same.house,i.75000.99999,us.born,never,public,without.disability,not.working,with.insurance,white
2018HU0046082,5,1,51125,3,0_9,f,not.in.labor.force,same.house,i.75000.99999,us.born,never,no.schooling,without.disability,not.working,with.insurance,white
2018HU1221202,5,2,51084,3,10_19,f,not.in.labor.force,same.house,i.0.9999,us.born,never,public,without.disability,not.working,with.insurance,white
2018HU0466650,5,1,4101,3,20_29,f,not.in.labor.force,same.house,i.0.9999,not.citizen,never,private,without.disability,not.working,with.insurance,white
2018HU0918779,5,1,59305,3,0_9,f,not.in.labor.force,same.house,i.75000.99999,us.born,never,public,without.disability,not.working,with.insurance,asian
2018HU1019676,5,1,51105,3,40_49,m,civilian.employed,same.house,i.75000.99999,us.born,married,no.schooling,without.disability,private.profit,with.insurance,white
2018HU1027746,5,1,51105,3,0_9,f,not.in.labor.force,same.house,i.75000.99999,us.born,never,no.schooling,without.disability,not.working,with.insurance,white
2018HU0015168,5,1,51090,3,0_9,m,not.in.labor.force,same.house,i.75000.99999,us.born,never,public,without.disability,not.working,with.insurance,white
2018HU0815540,5,1,51090,3,60_69,f,civilian.employed,same.house,i.75000.99999,us.born,never,no.schooling,without.disability,private.profit,without.insurance,other
2018HU0368030,5,2,51096,3,10_19,m,not.in.labor.force,same.house,i.75000.99999,us.born,never,public,without.disability,not.working,with.insurance,two.
2018HU1285298,5,5,51235,3,60_69,m,civilian.employed,same.house,i.50000.64999,us.born,married,no.schooling,without.disability,private.profit,with.insurance,black
2018HU0070502,5,1,4102,3,40_49,f,armed.forces,same.house,i.75000.99999,us.born,divorced,no.schooling,without.disability,federal,with.insurance,white
2018HU0815030,5,1,51145,3,40_49,m,civilian.employed,same.house,i.75000.99999,naturalization,married,no.schooling,without.disability,federal,with.insurance,asian
2018HU0169213,5,3,51120,3,40_49,m,civilian.employed,same.house,i.75000.99999,naturalization,married,no.schooling,without.disability,private.profit,with.insurance,asian
2018HU0125778,5,1,51090,3,20_29,m,civilian.employed,same.house,i.10000.14999,abroad.born,never,no.schooling,without.disability,private.no.profit,with.insurance,white
2018HU1015441,5,1,51135,3,40_49,m,civilian.employed,same.house,i.75000.99999,naturalization,married,no.schooling,without.disability,private.profit,with.insurance,asian
2018HU0384849,5,1,51090,3,10_19,m,not.in.labor.force,same.house,i.0.9999,us.born,never,public,without.disability,not.working,with.insurance,white
2018HU0899865,5,1,51246,3,30_39,m,civilian.employed,same.house,i.0.9999,us.born,widowed,no.schooling,with.disability,private.profit,with.insurance,black
2018HU0582293,5,1,59308,3,0_9,m,not.in.labor.force,diff.us.house,i.75000.99999,us.born,never,public,without.disability,not.working,with.insurance,black
2018HU0208077,5,2,59302,3,50_59,m,civilian.employed,same.house,i.35000.49999,naturalization,married,no.schooling,without.disability,self.employed.corp,with.insurance,white
2018HU0148164,5,4,51246,3,0_9,m,not.in.labor.force,same.house,i.75000.99999,us.born,never,private,without.disability,not.working,with.insurance,white
2018HU1086030,5,1,51246,3,10_19,m,not.in.labor.force,same.house,i.0.9999,us.born,never,public,without.disability,not.working,with.insurance,white
2018HU0302426,5,1,51097,3,50_59,f,civilian.employed,same.house,i.75000.99999,us.born,married,no.schooling,without.disability,private.profit,with.insurance,two.
2018HU0173664,5,2,51215,3,50_59,m,civilian.employed,same.house,i.75000.99999,us.born,married,private,without.disability,private.profit,with.insurance,white
2018HU1283782,5,1,51020,3,60_69,f,not.in.labor.force,same.house,i.0.9999,us.born,married,no.schooling,without.disability,private.no.profit,with.insurance,white
2018HU1047801,5,3,55001,3,20_29,f,not.in.labor.force,diff.us.house,i.0.9999,abroad.born,never,public,without.disability,not.working,without.insurance,white
2018HU0571000,5,1,51235,3,0_9,m,not.in.labor.force,diff.us.house,i.75000.99999,us.born,never,public,without.disability,not.working,with.insurance,white
2018HU0334421,5,3,51044,3,10_19,f,not.in.labor.force,same.house,i.0.9999,us.born,never,public,without.disability,not.working,with.insurance,asian
2018HU0446563,5,1,51040,3,0_9,f,not.in.labor.force,same.house,i.75000.99999,us.born,never,private,without.disability,not.working,with.insurance,white
2018HU0154688,5,1,51044,3,30_39,f,civilian.employed,same.house,i.15000.24999,not.citizen,married,no.schooling,without.disability,private.profit,without.insurance,white
2018HU1086030,5,1,51246,3,10_19,m,not.in.labor.force,same.house,i.0.9999,us.born,never,public,without.disability,not.working,with.insurance,white
2018HU1266142,5,3,51044,3,30_39,f,civilian.employed,same.house,i.25000.34999,not.citizen,married,no.schooling,without.disability,private.profit,without.insurance,white
2018HU0399548,5,3,59306,3,0_9,f,not.in.labor.force,same.house,i.75000.99999,us.born,never,no.schooling,without.disability,not.working,with.insurance,two.
2018HU0915269,5,3,51245,3,10_19,f,not.in.labor.force,same.house,i.75000.99999,us.born,never,public,without.disability,not.working,with.insurance,white
2018HU0638980,5,1,10703,3,40_49,m,civilian.employed,same.house,i.75000.99999,us.born,married,no.schooling,without.disability,local,with.insurance,white
2018HU0734661,5,3,51246,3,0_9,f,not.in.labor.force,same.house,i.75000.99999,us.born,never,public,without.disability,not.working,with.insurance,asian
2018HU0679480,5,1,51040,3,0_9,m,not.in.labor.force,same.house,i.75000.99999,us.born,never,public,without.disability,not.working,with.insurance,white
2018HU0384344,5,1,51215,3,0_9,m,not.in.labor.force,same.house,i.75000.99999,us.born,never,no.schooling,without.disability,not.working,with.insurance,asian
2018HU0705053,5,1,55001,3,40_49,f,civilian.employed,diff.us.house,i.75000.99999,us.born,married,no.schooling,without.disability,private.no.profit,with.insurance,white
2018HU0660276,5,3,51186,3,50_59,m,civilian.employed,same.house,i.25000.34999,naturalization,never,no.schooling,without.disability,private.profit,with.insurance,asian
2018HU0264861,5,1,51080,3,70_79,f,not.in.labor.force,same.house,i.0.9999,us.born,married,no.schooling,without.disability,not.working,with.insurance,white
2018HU0245010,5,1,59302,3,30_39,f,civilian.employed,same.house,i.15000.24999,us.born,divorced,private,without.disability,private.profit,without.insurance,white
2018HU0523863,5,2,51087,3,10_19,f,not.in.labor.force,same.house,i.75000.99999,us.born,never,public,without.disability,not.working,with.insurance,white
2018HU1350190,5,1,59303,3,20_29,f,civilian.employed,diff.us.house,i.75000.99999,us.born,married,public,without.disability,federal,with.insurance,white
2018HU0267070,5,1,51154,3,60_69,m,civilian.employed,same.house,i.25000.34999,us.born,married,no.schooling,with.disability,private.no.profit,with.insurance,white
2018HU1025137,5,2,51020,3,50_59,m,civilian.employed,diff.us.house,i.75000.99999,us.born,never,no.schooling,without.disability,private.no.profit,with.insurance,white
2018HU0580038,5,1,51085,3,10_19,f,not.in.labor.force,same.house,i.75000.99999,us.born,never,public,with.disability,not.working,with.insurance,asian
2018HU0204606,5,1,51154,3,30_39,m,civilian.employed,same.house,i.75000.99999,naturalization,never,public,without.disability,private.profit,with.insurance,asian
2018HU0225797,5,4,51246,3,10_19,f,not.in.labor.force,same.house,i.75000.99999,us.born,never,public,without.disability,not.working,with.insurance,asian
2018HU0916075,5,1,51115,3,50_59,m,civilian.employed,same.house,i.75000.99999,us.born,married,no.schooling,without.disability,federal,with.insurance,white
2018HU1336230,5,1,51010,3,30_39,f,not.in.labor.force,same.house,i.0.9999,not.citizen,married,no.schooling,without.disability,not.working,with.insurance,white
2018HU0897687,5,1,51235,3,50_59,m,civilian.employed,same.house,i.75000.99999,naturalization,married,no.schooling,without.disability,private.profit,with.insurance,asian
2018HU1257203,5,2,51145,3,20_29,f,civilian.employed,same.house,i.10000.14999,not.citizen,never,public,without.disability,private.profit,without.insurance,white
2018HU0118335,5,1,51045,3,0_9,m,not.in.labor.force,same.house,i.75000.99999,us.born,never,no.schooling,without.disability,not.working,with.insurance,white
2018HU0209164,5,2,51115,3,0_9,f,not.in.labor.force,same.house,i.75000.99999,us.born,never,no.schooling,without.disability,not.working,with.insurance,black
2018HU0435904,5,2,59303,3,40_49,f,civilian.employed,same.house,i.75000.99999,us.born,married,no.schooling,without.disability,private.profit,with.insurance,white
2018HU0376636,5,1,10701,3,0_9,m,not.in.labor.force,same.house,i.75000.99999,us.born,never,no.schooling,without.disability,not.working,with.insurance,white
2018HU0703412,5,3,51085,3,50_59,m,civilian.employed,same.house,i.75000.99999,us.born,married,no.schooling,without.disability,private.profit,with.insurance,white
2018HU0605757,5,2,51186,3,0_9,f,not.in.labor.force,same.house,i.75000.99999,us.born,never,public,without.disability,not.working,with.insurance,white
2018HU0821629,5,1,59306,3,50_59,m,civilian.employed,abroad.house,i.0.9999,not.citizen,married,no.schooling,without.disability,federal,without.insurance,two.
2018HU0980379,5,3,51244,3,40_49,f,civilian.employed,same.house,i.75000.99999,us.born,divorced,no.schooling,without.disability,private.profit,with.insurance,white
2018HU0512410,5,1,51165,3,0_9,m,not.in.labor.force,diff.us.house,i.75000.99999,us.born,never,no.schooling,without.disability,not.working,with.insurance,asian
2018HU1264409,5,4,51110,3,50_59,m,civilian.employed,same.house,i.0.9999,us.born,married,no.schooling,without.disability,self.employed.no.corp,with.insurance,white
2018HU1200161,5,1,51145,3,60_69,f,unemployed,same.house,i.0.9999,us.born,married,no.schooling,without.disability,private.no.profit,with.insurance,white
2018HU0885468,5,1,51215,3,50_59,m,not.in.labor.force,diff.us.house,i.0.9999,us.born,never,no.schooling,without.disability,federal,without.insurance,white
2018HU0762598,5,1,51040,3,70_79,m,not.in.labor.force,same.house,i.0.9999,us.born,never,no.schooling,without.disability,self.employed.no.corp,with.insurance,white
2018HU0667742,5,3,51154,3,0_9,m,not.in.labor.force,same.house,i.75000.99999,us.born,never,no.schooling,without.disability,not.working,with.insurance,white
2018HU0187154,5,1,51154,3,0_9,m,not.in.labor.force,same.house,i.75000.99999,us.born,never,public,without.disability,not.working,with.insurance,white
2018HU1183313,5,1,59306,3,10_19,m,not.in.labor.force,same.house,i.0.9999,us.born,never,public,without.disability,not.working,with.insurance,white
2018HU1178188,5,2,10702,3,60_69,m,civilian.employed,same.house,i.50000.64999,not.citizen,married,no.schooling,without.disability,private.profit,without.insurance,white
2018HU0320625,5,1,51045,3,30_39,f,armed.forces,same.house,i.50000.64999,naturalization,married,private,without.disability,federal,with.insurance,asian
2018HU1344484,5,1,51120,3,40_49,f,civilian.employed,diff.us.house,i.75000.99999,naturalization,married,no.schooling,without.disability,private.profit,with.insurance,asian
2018HU0551904,5,1,59308,3,30_39,f,civilian.employed,same.house,i.50000.64999,naturalization,married,no.schooling,without.disability,federal,with.insurance,asian
2018HU0259855,5,1,59303,3,70_79,f,not.in.labor.force,same.house,i.0.9999,us.born,married,no.schooling,without.disability,not.working,with.insurance,white
2018HU0697990,5,1,51097,3,30_39,f,civilian.employed,same.house,i.0.9999,not.citizen,married,no.schooling,without.disability,private.profit,with.insurance,asian
2018HU0033733,5,2,51245,3,40_49,m,civilian.employed,same.house,i.75000.99999,us.born,married,no.schooling,without.disability,private.no.profit,with.insurance,white
2018HU1364747,5,2,59306,3,0_9,m,not.in.labor.force,same.house,i.75000.99999,us.born,never,public,without.disability,not.working,with.insurance,white
2018HU0932158,5,1,1302,3,30_39,m,civilian.employed,diff.us.house,i.10000.14999,us.born,never,no.schooling,without.disability,private.profit,with.insurance,white
2018HU0629611,5,1,51164,3,0_9,f,not.in.labor.force,same.house,i.75000.99999,us.born,never,no.schooling,without.disability,not.working,with.insurance,white
2018HU0349536,5,1,51115,3,60_69,f,civilian.employed,same.house,i.75000.99999,us.born,married,no.schooling,without.disability,private.no.profit,with.insurance,white
2018HU0555579,5,1,51225,3,80_89,f,not.in.labor.force,same.house,i.0.9999,us.born,married,no.schooling,without.disability,not.working,with.insurance,white
2018HU0177090,5,1,51097,3,30_39,m,civilian.employed,diff.us.house,i.75000.99999,not.citizen,married,no.schooling,without.disability,private.profit,with.insurance,asian
2018HU1024064,5,1,59306,3,40_49,f,civilian.employed,same.house,i.75000.99999,naturalization,married,no.schooling,without.disability,local,with.insurance,asian
2018HU0406160,5,1,59302,3,10_19,f,civilian.employed,same.house,i.0.9999,us.born,never,public,without.disability,private.profit,with.insurance,white
2018HU0718694,5,1,4102,3,50_59,m,civilian.employed,same.house,i.75000.99999,us.born,married,no.schooling,without.disability,private.profit,with.insurance,white
2018HU1333663,5,1,51120,3,70_79,m,not.in.labor.force,same.house,i.0.9999,us.born,married,no.schooling,without.disability,not.working,with.insurance,white
2018HU0297276,5,3,51115,3,30_39,f,civilian.employed,same.house,i.50000.64999,naturalization,married,no.schooling,without.disability,private.profit,with.insurance,asian
2018HU0049123,5,1,51175,3,50_59,f,civilian.employed,same.house,i.50000.64999,us.born,married,no.schooling,without.disability,private.profit,with.insurance,white
2018HU0657217,5,2,51087,3,40_49,f,civilian.employed,same.house,i.0.9999,not.citizen,married,no.schooling,without.disability,private.profit,without.insurance,black
2018HU1213136,5,2,59306,3,70_79,m,not.in.labor.force,same.house,i.0.9999,us.born,married,no.schooling,without.disability,not.working,with.insurance,white
2018HU0460548,5,1,51155,3,30_39,f,civilian.employed,same.house,i.50000.64999,us.born,married,no.schooling,without.disability,local,with.insurance,white
2018HU1017022,5,1,51010,3,40_49,m,civilian.employed,same.house,i.0.9999,us.born,married,public,without.disability,self.employed.no.corp,with.insurance,black
2018HU1134743,5,4,4101,3,0_9,m,not.in.labor.force,diff.us.house,i.75000.99999,us.born,never,public,without.disability,not.working,with.insurance,white
2018HU0162047,5,1,10702,3,40_49,m,civilian.employed,same.house,i.75000.99999,us.born,married,no.schooling,without.disability,private.profit,with.insurance,white
2018HU0552508,5,2,51010,3,10_19,m,not.in.labor.force,same.house,i.75000.99999,us.born,never,public,without.disability,not.working,with.insurance,white
2018HU0918779,5,2,59305,3,0_9,f,not.in.labor.force,same.house,i.75000.99999,us.born,never,public,without.disability,not.working,with.insurance,asian
2018HU0527835,5,2,51085,3,10_19,m,civilian.employed,same.house,i.0.9999,us.born,never,public,without.disability,private.profit,with.insurance,asian
2018HU0070334,5,1,51135,3,20_29,m,civilian.employed,same.house,i.10000.14999,us.born,never,no.schooling,without.disability,private.profit,with.insurance,white
2018HU0736968,5,1,55002,3,10_19,f,not.in.labor.force,same.house,i.0.9999,us.born,never,public,without.disability,local,with.insurance,two.
2018HU0904528,5,1,51175,3,60_69,m,civilian.employed,same.house,i.15000.24999,not.citizen,married,no.schooling,without.disability,private.profit,with.insurance,white
2018HU0194241,5,1,51080,3,10_19,m,not.in.labor.force,same.house,i.75000.99999,us.born,never,private,without.disability,not.working,with.insurance,white
2018HU1006712,5,1,51096,3,40_49,m,civilian.employed,same.house,i.75000.99999,us.born,never,no.schooling,without.disability,federal,with.insurance,white
2018HU0678748,5,2,51084,3,50_59,m,civilian.employed,same.house,i.75000.99999,us.born,married,no.schooling,without.disability,federal,with.insurance,white
2018HU0735123,5,1,51090,3,30_39,m,civilian.employed,same.house,i.35000.49999,us.born,never,no.schooling,without.disability,private.profit,with.insurance,black
2018HU0448044,5,1,51215,3,60_69,m,civilian.employed,diff.us.house,i.15000.24999,naturalization,married,no.schooling,without.disability,private.profit,without.insurance,asian
2018HU0332563,5,2,51084,3,10_19,m,not.in.labor.force,same.house,i.75000.99999,us.born,never,public,without.disability,not.working,with.insurance,asian
2018HU0402164,5,1,51090,3,40_49,m,civilian.employed,same.house,i.0.9999,not.citizen,married,no.schooling,without.disability,self.employed.no.corp,with.insurance,white
2018HU0529281,5,1,51105,3,50_59,m,civilian.employed,same.house,i.75000.99999,naturalization,married,no.schooling,without.disability,private.profit,with.insurance,asian
2018HU0970824,5,1,51125,3,0_9,m,not.in.labor.force,same.house,i.75000.99999,us.born,never,private,without.disability,not.working,with.insurance,white
2018HU0499250,5,3,59307,3,50_59,m,civilian.employed,same.house,i.75000.99999,naturalization,married,no.schooling,without.disability,private.profit,with.insurance,white
2018HU0512410,5,3,10702,3,30_39,m,civilian.employed,diff.us.house,i.75000.99999,not.citizen,married,no.schooling,without.disability,private.no.profit,with.insurance,asian
2018HU0142823,5,1,51154,3,10_19,m,not.in.labor.force,same.house,i.0.9999,us.born,never,public,without.disability,not.working,with.insurance,white
2018HU1047775,5,1,51044,3,10_19,f,not.in.labor.force,same.house,i.0.9999,us.born,never,public,without.disability,not.working,with.insurance,white
2018HU1364747,5,1,59306,3,30_39,f,civilian.employed,same.house,i.75000.99999,us.born,married,public,without.disability,private.profit,with.insurance,white
2018HU0799104,5,1,51040,3,20_29,m,civilian.employed,same.house,i.25000.34999,not.citizen,married,no.schooling,without.disability,private.profit,without.insurance,other
2018HU0002401,5,3,51085,3,40_49,f,civilian.employed,same.house,i.75000.99999,us.born,married,no.schooling,without.disability,private.profit,with.insurance,white
2018HU1359901,5,1,51225,3,20_29,m,civilian.employed,diff.us.house,i.25000.34999,us.born,never,no.schooling,without.disability,private.profit,without.insurance,other
2018HU0163740,5,2,51224,3,60_69,f,not.in.labor.force,same.house,i.0.9999,us.born,married,no.schooling,without.disability,not.working,with.insurance,white
2018HU0162006,5,1,51087,3,80_89,m,not.in.labor.force,same.house,i.0.9999,naturalization,married,no.schooling,without.disability,not.working,with.insurance,white
2018HU0896815,5,1,51080,3,0_9,f,not.in.labor.force,same.house,i.75000.99999,us.born,never,no.schooling,without.disability,not.working,with.insurance,other
2018HU0784994,5,1,51095,3,40_49,f,civilian.employed,same.house,i.75000.99999,us.born,married,no.schooling,without.disability,private.profit,with.insurance,white
2018HU0508548,5,1,51040,3,10_19,m,not.in.labor.force,same.house,i.0.9999,naturalization,never,public,without.disability,not.working,with.insurance,other
2018HU0807703,5,2,51175,3,70_79,m,not.in.labor.force,same.house,i.25000.34999,us.born,married,no.schooling,without.disability,self.employed.corp,with.insurance,white
2018HU0045767,5,4,59305,3,60_69,f,civilian.employed,same.house,i.50000.64999,abroad.born,married,no.schooling,without.disability,private.no.profit,with.insurance,asian
2018HU0494358,5,1,51135,3,80_89,f,not.in.labor.force,same.house,i.0.9999,us.born,married,no.schooling,without.disability,not.working,with.insurance,white
2018HU0985970,5,3,59303,3,10_19,m,civilian.employed,same.house,i.0.9999,us.born,never,public,without.disability,private.profit,with.insurance,white
2018HU0565199,5,1,51110,3,0_9,m,not.in.labor.force,same.house,i.75000.99999,us.born,never,no.schooling,without.disability,not.working,with.insurance,asian
2018HU0498584,5,1,51020,3,50_59,f,civilian.employed,same.house,i.25000.34999,us.born,never,no.schooling,without.disability,private.profit,with.insurance,white
2018HU0561376,5,1,51255,3,20_29,f,civilian.employed,same.house,i.15000.24999,us.born,never,no.schooling,without.disability,private.profit,with.insurance,white
2018HU0988295,5,2,51110,3,0_9,m,not.in.labor.force,same.house,i.75000.99999,us.born,never,no.schooling,without.disability,not.working,with.insurance,two.
2018HU0239211,5,4,51215,3,40_49,f,not.in.labor.force,same.house,i.0.9999,not.citizen,married,no.schooling,without.disability,not.working,with.insurance,asian
2018HU0324360,5,2,59302,3,80_89,f,not.in.labor.force,same.house,i.0.9999,us.born,married,no.schooling,with.disability,not.working,with.insurance,white
2018HU0960156,5,1,4103,3,30_39,f,civilian.employed,same.house,i.75000.99999,us.born,married,no.schooling,without.disability,federal,with.insurance,black
2018HU0614055,5,1,51175,3,60_69,m,not.in.labor.force,same.house,i.0.9999,us.born,married,no.schooling,without.disability,federal,with.insurance,white
2018HU0438654,5,1,51110,3,20_29,f,civilian.employed,same.house,i.35000.49999,us.born,never,no.schooling,without.disability,private.profit,with.insurance,white
2018HU0935257,5,1,51010,3,50_59,m,civilian.employed,same.house,i.75000.99999,us.born,married,no.schooling,without.disability,private.no.profit,with.insurance,white
2018HU0428902,5,2,59305,3,40_49,f,civilian.employed,same.house,i.35000.49999,us.born,married,no.schooling,without.disability,private.no.profit,with.insurance,asian
2018HU0148164,5,1,51246,3,30_39,f,not.in.labor.force,same.house,i.0.9999,us.born,married,no.schooling,without.disability,self.employed.no.corp,with.insurance,white
2018HU1333608,5,1,59303,3,0_9,m,not.in.labor.force,same.house,i.75000.99999,us.born,never,public,without.disability,not.working,with.insurance,white
2018HU0420888,5,1,51235,3,30_39,m,civilian.employed,same.house,i.25000.34999,not.citizen,married,no.schooling,without.disability,private.profit,without.insurance,white
2018HU1064175,5,1,10702,3,10_19,f,not.in.labor.force,same.house,i.0.9999,us.born,never,public,without.disability,not.working,with.insurance,white
2018HU1233425,5,1,51120,3,0_9,f,not.in.labor.force,same.house,i.75000.99999,us.born,never,no.schooling,without.disability,not.working,with.insurance,asian
2018HU0632974,5,1,59307,3,30_39,f,civilian.employed,same.house,i.0.9999,us.born,married,no.schooling,without.disability,self.employed.no.corp,with.insurance,white
2018HU0107695,5,1,51155,3,50_59,f,civilian.employed,same.house,i.15000.24999,naturalization,married,no.schooling,without.disability,local,with.insurance,white
2018HU0814989,5,3,59304,3,50_59,f,civilian.employed,same.house,i.75000.99999,us.born,widowed,no.schooling,without.disability,private.profit,with.insurance,white
2018HU0580038,5,1,4103,3,30_39,f,not.in.labor.force,same.house,i.0.9999,not.citizen,married,no.schooling,without.disability,not.working,without.insurance,asian
2018HU0038691,5,1,59305,3,30_39,m,civilian.employed,same.house,i.75000.99999,us.born,married,no.schooling,without.disability,private.profit,with.insurance,white
2018HU0175859,5,2,51085,3,0_9,m,not.in.labor.force,same.house,i.75000.99999,us.born,never,public,without.disability,not.working,with.insurance,white
2018HU0521442,5,1,59302,3,50_59,f,unemployed,same.house,i.0.9999,us.born,never,no.schooling,without.disability,private.profit,with.insurance,black
2018HU0009911,5,1,51040,3,50_59,m,civilian.employed,same.house,i.75000.99999,us.born,never,no.schooling,without.disability,private.no.profit,with.insurance,white
2018HU0685463,5,1,51244,3,60_69,m,civilian.employed,same.house,i.75000.99999,us.born,married,no.schooling,without.disability,private.profit,with.insurance,white
2018HU0560837,5,2,59309,3,50_59,f,civilian.employed,diff.us.house,i.0.9999,not.citizen,married,no.schooling,without.disability,private.profit,with.insurance,asian
2018HU0422160,5,1,51245,3,30_39,m,civilian.employed,same.house,i.75000.99999,us.born,married,no.schooling,without.disability,private.profit,with.insurance,white
2018HU0580954,5,4,51110,3,50_59,m,civilian.employed,same.house,i.75000.99999,us.born,married,no.schooling,without.disability,self.employed.corp,with.insurance,white
2018HU0247375,5,1,51115,3,0_9,m,not.in.labor.force,same.house,i.75000.99999,us.born,never,no.schooling,without.disability,not.working,with.insurance,white
2018HU0770831,5,1,51224,3,40_49,m,civilian.employed,same.house,i.75000.99999,naturalization,married,no.schooling,without.disability,private.profit,with.insurance,asian
2018HU0240368,5,5,59308,3,50_59,m,civilian.employed,same.house,i.50000.64999,naturalization,married,no.schooling,without.disability,private.profit,with.insurance,white
2018HU0719893,5,1,51154,3,0_9,m,not.in.labor.force,same.house,i.75000.99999,naturalization,never,public,without.disability,not.working,with.insurance,asian
2018HU0871805,5,1,51115,3,0_9,f,not.in.labor.force,same.house,i.75000.99999,us.born,never,public,without.disability,not.working,with.insurance,white
2018HU0660848,5,1,59304,3,30_39,m,civilian.employed,same.house,i.75000.99999,us.born,married,no.schooling,without.disability,private.profit,with.insurance,white
2018HU0621200,5,1,51020,3,40_49,f,civilian.employed,same.house,i.75000.99999,us.born,divorced,no.schooling,without.disability,private.profit,with.insurance,white
2018HU1140986,5,1,51255,3,30_39,m,civilian.employed,same.house,i.75000.99999,us.born,married,no.schooling,without.disability,private.profit,with.insurance,white
2018HU0320276,5,3,51165,3,20_29,m,civilian.employed,diff.us.house,i.25000.34999,us.born,married,no.schooling,without.disability,private.profit,with.insurance,white
2018HU1238804,5,1,51095,3,0_9,f,not.in.labor.force,same.house,i.75000.99999,us.born,never,public,without.disability,not.working,with.insurance,black
2018HU0337275,5,5,51085,3,10_19,f,not.in.labor.force,same.house,i.75000.99999,not.citizen,never,public,without.disability,not.working,without.insurance,two.
2018HU1019754,5,4,51155,3,40_49,f,civilian.employed,same.house,i.75000.99999,us.born,married,no.schooling,without.disability,local,with.insurance,white
2018HU0134206,5,2,51154,3,40_49,m,civilian.employed,same.house,i.75000.99999,us.born,married,no.schooling,without.disability,private.profit,with.insurance,white
2018HU1265150,5,3,51164,3,10_19,f,not.in.labor.force,same.house,i.0.9999,us.born,never,public,without.disability,not.working,with.insurance,white
2018HU0586026,5,1,51044,3,10_19,m,not.in.labor.force,same.house,i.75000.99999,us.born,never,public,without.disability,not.working,with.insurance,white
2018HU1098550,5,2,51154,3,30_39,f,civilian.employed,same.house,i.10000.14999,us.born,never,public,without.disability,private.profit,with.insurance,white
2018HU0763645,5,3,51040,3,60_69,m,civilian.employed,same.house,i.75000.99999,us.born,married,no.schooling,with.disability,private.profit,with.insurance,white
2018HU1116509,5,2,51246,3,20_29,m,civilian.employed,same.house,i.75000.99999,us.born,never,no.schooling,without.disability,private.profit,with.insurance,white
2018HU1015160,5,3,51155,3,60_69,f,not.in.labor.force,same.house,i.0.9999,us.born,married,no.schooling,without.disability,private.profit,with.insurance,white
2018HU0074475,5,3,59306,3,50_59,m,civilian.employed,same.house,i.15000.24999,us.born,married,no.schooling,without.disability,private.profit,with.insurance,white
2018HU0990800,5,3,10701,3,60_69,m,civilian.employed,same.house,i.75000.99999,naturalization,married,no.schooling,without.disability,federal,with.insurance,asian
2018HU0489358,5,1,51186,3,50_59,m,civilian.employed,same.house,i.35000.49999,naturalization,married,no.schooling,without.disability,private.profit,with.insurance,asian
2018HU0812628,5,4,51110,3,50_59,f,not.in.labor.force,same.house,i.0.9999,naturalization,married,no.schooling,without.disability,not.working,with.insurance,asian
2018HU1315314,5,1,4103,3,60_69,m,civilian.employed,same.house,i.50000.64999,naturalization,divorced,no.schooling,without.disability,private.profit,with.insurance,asian
2018HU0069851,5,1,51186,3,50_59,m,civilian.employed,same.house,i.15000.24999,us.born,married,no.schooling,without.disability,private.no.profit,with.insurance,white
2018HU1065644,5,1,51155,3,20_29,m,civilian.employed,same.house,i.50000.64999,us.born,never,no.schooling,without.disability,private.profit,with.insurance,white
2018HU0349761,5,1,51096,3,70_79,m,civilian.employed,same.house,i.0.9999,naturalization,never,no.schooling,without.disability,self.employed.no.corp,with.insurance,two.
2018HU0771626,5,1,59303,3,50_59,m,not.in.labor.force,same.house,i.0.9999,us.born,married,no.schooling,without.disability,private.profit,with.insurance,white
2018HU0162671,5,6,10702,3,10_19,f,not.in.labor.force,same.house,i.0.9999,us.born,never,private,without.disability,private.profit,with.insurance,white
2018HU1138802,5,2,51224,3,30_39,m,civilian.employed,same.house,i.75000.99999,us.born,married,no.schooling,without.disability,private.profit,with.insurance,black
2018HU0091289,5,1,51154,3,0_9,m,not.in.labor.force,same.house,i.75000.99999,us.born,never,public,without.disability,not.working,with.insurance,white
2018HU1333670,5,1,59303,3,10_19,f,not.in.labor.force,same.house,i.0.9999,us.born,never,public,without.disability,private.profit,with.insurance,white
2018HU0273163,5,5,55002,3,30_39,f,civilian.employed,diff.us.house,i.35000.49999,us.born,married,no.schooling,without.disability,private.profit,with.insurance,white
2018GQ0052064,5,2,51010,3,40_49,m,civilian.employed,diff.us.house,i.25000.34999,naturalization,never,private,without.disability,private.no.profit,with.insurance,white
2018HU1112572,5,3,51090,3,40_49,f,civilian.employed,same.house,i.15000.24999,naturalization,divorced,no.schooling,without.disability,private.profit,with.insurance,asian
2018HU0720109,5,1,51085,3,60_69,m,civilian.employed,diff.us.house,i.75000.99999,us.born,divorced,no.schooling,without.disability,private.profit,with.insurance,white
2018HU0102470,5,1,51224,3,50_59,f,civilian.employed,same.house,i.10000.14999,puerto.rico.born,married,no.schooling,without.disability,local,with.insurance,white
2018HU0588963,5,1,51020,3,20_29,m,civilian.employed,diff.us.house,i.50000.64999,us.born,never,no.schooling,without.disability,private.profit,with.insurance,white
2018HU0610310,5,1,51020,3,50_59,f,civilian.employed,same.house,i.75000.99999,us.born,married,no.schooling,without.disability,state,with.insurance,white
2018HU1320215,5,1,51235,3,40_49,m,not.in.labor.force,same.house,i.0.9999,us.born,never,no.schooling,with.disability,not.working,with.insurance,white
2018HU0044620,5,1,51145,3,30_39,f,not.in.labor.force,same.house,i.0.9999,us.born,married,no.schooling,without.disability,private.no.profit,with.insurance,white
2018HU0571000,5,1,51235,3,0_9,m,not.in.labor.force,diff.us.house,i.75000.99999,us.born,never,public,without.disability,not.working,with.insurance,white
2018GQ0049051,5,1,51167,3,10_19,m,unemployed,same.house,i.0.9999,us.born,never,public,without.disability,private.profit,with.insurance,white
2018HU0998273,5,1,51096,3,60_69,f,not.in.labor.force,same.house,i.0.9999,us.born,married,no.schooling,without.disability,not.working,with.insurance,white
2018HU0306728,5,1,1301,3,10_19,m,not.in.labor.force,same.house,i.75000.99999,us.born,never,public,without.disability,not.working,with.insurance,white
2018HU0400155,5,4,59307,3,40_49,m,not.in.labor.force,same.house,i.0.9999,not.citizen,married,no.schooling,without.disability,not.working,without.insurance,asian
2018HU0903314,5,1,51215,3,80_89,m,civilian.employed,same.house,i.0.9999,naturalization,widowed,no.schooling,without.disability,private.no.profit,with.insurance,white
2018HU0303731,5,3,51135,3,30_39,f,civilian.employed,same.house,i.0.9999,not.citizen,married,no.schooling,without.disability,private.profit,with.insurance,asian
2018HU1055745,5,1,59308,3,20_29,m,civilian.employed,diff.us.house,i.35000.49999,us.born,married,no.schooling,without.disability,federal,with.insurance,white
2018HU0821191,5,2,51115,3,10_19,f,not.in.labor.force,same.house,i.0.9999,us.born,never,public,without.disability,not.working,with.insurance,asian
2018HU0535118,5,3,51225,3,50_59,f,civilian.employed,same.house,i.0.9999,us.born,married,no.schooling,without.disability,private.profit,with.insurance,white
2018HU0021188,5,1,51096,3,10_19,f,not.in.labor.force,same.house,i.75000.99999,us.born,never,public,without.disability,not.working,with.insurance,white
2018HU0340143,5,1,51080,3,50_59,f,not.in.labor.force,same.house,i.0.9999,not.citizen,married,no.schooling,without.disability,private.profit,with.insurance,asian
2018HU0921756,5,1,51155,3,20_29,f,not.in.labor.force,same.house,i.0.9999,us.born,never,no.schooling,without.disability,private.no.profit,with.insurance,white
2018HU0154688,5,1,51096,3,0_9,m,not.in.labor.force,same.house,i.75000.99999,us.born,never,public,without.disability,not.working,without.insurance,white
2018HU0378141,5,1,51215,3,50_59,m,civilian.employed,abroad.house,i.75000.99999,us.born,married,no.schooling,without.disability,self.employed.corp,with.insurance,two.
2018HU0134662,5,2,51167,3,30_39,f,civilian.employed,same.house,i.75000.99999,us.born,married,no.schooling,without.disability,federal,with.insurance,asian
2018HU0049985,5,1,51235,3,60_69,f,civilian.employed,same.house,i.75000.99999,us.born,married,no.schooling,without.disability,private.profit,with.insurance,white
2018HU0761950,5,1,51135,3,0_9,m,not.in.labor.force,same.house,i.75000.99999,us.born,never,no.schooling,without.disability,not.working,with.insurance,white
2018HU0049341,5,5,55002,3,70_79,m,not.in.labor.force,same.house,i.0.9999,naturalization,widowed,no.schooling,with.disability,not.working,with.insurance,two.
2018HU0424518,5,3,51167,3,60_69,m,not.in.labor.force,same.house,i.0.9999,not.citizen,married,no.schooling,without.disability,private.profit,with.insurance,asian
2018HU0188291,5,1,59303,3,0_9,m,not.in.labor.force,same.house,i.75000.99999,us.born,never,public,without.disability,not.working,with.insurance,white
2018HU0304044,5,2,51245,3,0_9,f,not.in.labor.force,same.house,i.75000.99999,us.born,never,public,without.disability,not.working,with.insurance,white
2018HU0955229,5,4,51145,3,10_19,f,not.in.labor.force,same.house,i.75000.99999,us.born,never,private,without.disability,not.working,with.insurance,white
2018HU0347656,5,1,51164,3,10_19,f,not.in.labor.force,same.house,i.0.9999,naturalization,never,public,without.disability,not.working,with.insurance,white
2018HU1228939,5,1,59307,3,60_69,f,civilian.employed,same.house,i.75000.99999,us.born,married,no.schooling,without.disability,self.employed.corp,with.insurance,black
2018HU0274836,5,2,55001,3,10_19,m,not.in.labor.force,same.house,i.0.9999,us.born,never,public,without.disability,not.working,with.insurance,white
2018HU0270484,5,2,51125,3,80_89,f,not.in.labor.force,same.house,i.0.9999,us.born,widowed,no.schooling,without.disability,not.working,with.insurance,white
2018HU1091831,5,2,55002,3,50_59,m,civilian.employed,same.house,i.75000.99999,us.born,married,no.schooling,without.disability,federal,with.insurance,white
2018HU0565199,5,1,55002,3,30_39,m,civilian.employed,same.house,i.75000.99999,us.born,married,no.schooling,without.disability,private.profit,with.insurance,asian
2018HU1162792,5,1,51215,3,0_9,m,not.in.labor.force,same.house,i.75000.99999,us.born,never,no.schooling,without.disability,not.working,with.insurance,other
2018HU0922936,5,3,51096,3,80_89,m,not.in.labor.force,same.house,i.0.9999,naturalization,married,no.schooling,without.disability,not.working,with.insurance,white
2018HU0668408,5,2,51045,3,40_49,f,civilian.employed,same.house,i.0.9999,not.citizen,married,no.schooling,without.disability,self.employed.no.corp,with.insurance,white
2018HU0508548,5,1,51235,3,50_59,m,civilian.employed,same.house,i.0.9999,naturalization,married,no.schooling,without.disability,self.employed.no.corp,with.insurance,other
2018HU0550676,5,3,51040,3,30_39,f,not.in.labor.force,diff.us.house,i.0.9999,us.born,married,no.schooling,without.disability,not.working,with.insurance,white
2018HU0949747,5,4,51040,3,30_39,f,not.in.labor.force,same.house,i.0.9999,naturalization,married,no.schooling,without.disability,not.working,with.insurance,two.
2018HU0023827,5,1,51045,3,0_9,m,not.in.labor.force,same.house,i.75000.99999,us.born,never,no.schooling,without.disability,not.working,without.insurance,asian
2018HU1366444,5,2,59303,3,20_29,f,civilian.employed,same.house,i.15000.24999,us.born,never,private,without.disability,private.profit,with.insurance,white
2018HU0623942,5,2,51120,3,10_19,f,not.in.labor.force,same.house,i.75000.99999,us.born,never,private,without.disability,not.working,with.insurance,white
2018HU0605940,5,1,59302,3,30_39,m,not.in.labor.force,same.house,i.0.9999,us.born,never,no.schooling,without.disability,not.working,without.insurance,white
2018HU1257012,5,1,59308,3,30_39,m,civilian.employed,same.house,i.75000.99999,us.born,married,no.schooling,without.disability,private.no.profit,with.insurance,white
2018HU1359005,5,1,51096,3,30_39,m,civilian.employed,diff.us.house,i.75000.99999,us.born,never,no.schooling,without.disability,private.profit,with.insurance,white
2018HU0695440,5,1,51105,3,10_19,m,not.in.labor.force,same.house,i.75000.99999,us.born,never,public,without.disability,not.working,with.insurance,white
2018HU0995820,5,1,51165,3,30_39,f,civilian.employed,same.house,i.75000.99999,us.born,never,no.schooling,without.disability,federal,with.insurance,white
2018HU0188940,5,2,51010,3,10_19,f,civilian.employed,same.house,i.0.9999,us.born,never,public,without.disability,private.profit,without.insurance,white
2018HU0386918,5,1,51045,3,0_9,m,not.in.labor.force,same.house,i.75000.99999,us.born,never,private,without.disability,not.working,with.insurance,white
2018HU0203472,5,1,51135,3,40_49,m,civilian.employed,same.house,i.75000.99999,us.born,never,no.schooling,without.disability,private.profit,with.insurance,white
2018HU0546511,5,2,51167,3,40_49,f,civilian.employed,same.house,i.65000.74999,us.born,married,no.schooling,without.disability,local,with.insurance,white
2018HU1344484,5,1,51120,3,40_49,f,civilian.employed,diff.us.house,i.75000.99999,naturalization,married,no.schooling,without.disability,private.profit,with.insurance,asian
2018HU0176353,5,1,51167,3,20_29,f,civilian.employed,same.house,i.0.9999,us.born,never,no.schooling,without.disability,private.profit,with.insurance,white
2018HU0337395,5,1,51087,3,50_59,f,civilian.employed,same.house,i.75000.99999,us.born,separated,no.schooling,without.disability,federal,with.insurance,white
2018HU1235126,5,2,59308,3,30_39,m,civilian.employed,same.house,i.75000.99999,not.citizen,married,no.schooling,without.disability,private.profit,with.insurance,white
2018HU0763448,5,1,51040,3,70_79,m,not.in.labor.force,same.house,i.0.9999,naturalization,married,no.schooling,without.disability,not.working,with.insurance,asian
2018HU1341911,5,1,51186,3,40_49,f,civilian.employed,same.house,i.75000.99999,us.born,widowed,no.schooling,without.disability,private.profit,with.insurance,white
2018HU0803683,5,3,59307,3,50_59,f,civilian.employed,same.house,i.75000.99999,us.born,divorced,no.schooling,without.disability,private.profit,with.insurance,white
2018HU0888448,5,3,10703,3,40_49,m,civilian.employed,same.house,i.75000.99999,naturalization,married,no.schooling,without.disability,private.profit,with.insurance,asian
2018HU0690637,5,4,51167,3,60_69,f,civilian.employed,same.house,i.75000.99999,us.born,married,no.schooling,without.disability,private.profit,with.insurance,white
2018HU0004005,5,1,51215,3,20_29,m,civilian.employed,same.house,i.50000.64999,naturalization,never,public,without.disability,private.profit,with.insurance,asian
2018HU1094167,5,2,51125,3,0_9,f,not.in.labor.force,same.house,i.75000.99999,us.born,never,no.schooling,without.disability,not.working,with.insurance,asian
2018HU0176572,5,1,51154,3,0_9,m,not.in.labor.force,same.house,i.75000.99999,us.born,never,public,without.disability,not.working,with.insurance,white
2018HU1264121,5,3,51110,3,50_59,f,civilian.employed,same.house,i.75000.99999,us.born,married,no.schooling,without.disability,private.profit,with.insurance,white
2018HU1050141,5,1,51089,3,60_69,m,civilian.employed,same.house,i.65000.74999,us.born,widowed,no.schooling,without.disability,self.employed.corp,with.insurance,white
2018HU1208824,5,1,10701,3,0_9,f,not.in.labor.force,same.house,i.75000.99999,us.born,never,public,without.disability,not.working,with.insurance,white
2018HU0420888,5,1,51096,3,0_9,m,not.in.labor.force,same.house,i.75000.99999,us.born,never,private,without.disability,not.working,with.insurance,white
2018HU1173098,5,2,51044,3,10_19,m,not.in.labor.force,same.house,i.75000.99999,us.born,never,public,without.disability,not.working,with.insurance,two.
2018HU1209935,5,5,51045,3,70_79,m,not.in.labor.force,same.house,i.0.9999,us.born,married,no.schooling,without.disability,private.profit,with.insurance,white
2018HU0607368,5,2,51087,3,0_9,f,not.in.labor.force,same.house,i.75000.99999,us.born,never,private,without.disability,not.working,with.insurance,white
2018HU0569893,5,4,51090,3,20_29,m,civilian.employed,same.house,i.35000.49999,us.born,never,no.schooling,without.disability,private.profit,with.insurance,white
2018HU1243576,5,4,51110,3,70_79,f,civilian.employed,diff.us.house,i.75000.99999,us.born,never,no.schooling,without.disability,private.profit,with.insurance,white
2018HU0416345,5,1,51135,3,60_69,f,not.in.labor.force,same.house,i.0.9999,us.born,widowed,no.schooling,without.disability,not.working,with.insurance,white
2018HU0083289,5,1,51044,3,30_39,m,civilian.employed,same.house,i.75000.99999,us.born,divorced,no.schooling,without.disability,private.profit,with.insurance,white
2018HU0546916,5,1,51044,3,10_19,m,not.in.labor.force,same.house,i.75000.99999,us.born,never,public,without.disability,not.working,with.insurance,white
2018HU0419939,5,1,51010,3,50_59,f,civilian.employed,same.house,i.35000.49999,naturalization,married,no.schooling,without.disability,private.profit,with.insurance,white
2018HU1223131,5,1,51045,3,50_59,f,civilian.employed,diff.us.house,i.35000.49999,naturalization,married,no.schooling,without.disability,self.employed.corp,with.insurance,asian
2018HU0215959,5,1,59307,3,60_69,f,not.in.labor.force,same.house,i.0.9999,not.citizen,married,no.schooling,without.disability,not.working,with.insurance,white
2018HU0764291,5,1,51135,3,10_19,m,not.in.labor.force,same.house,i.0.9999,us.born,never,public,without.disability,not.working,with.insurance,white
2018HU0078031,5,3,51225,3,20_29,m,civilian.employed,same.house,i.10000.14999,us.born,never,public,without.disability,private.profit,with.insurance,white
2018HU1316005,5,3,59302,3,30_39,f,civilian.employed,same.house,i.25000.34999,not.citizen,married,no.schooling,without.disability,private.profit,without.insurance,white
2018HU0648755,5,4,51154,3,60_69,f,not.in.labor.force,same.house,i.0.9999,naturalization,married,no.schooling,with.disability,not.working,with.insurance,asian
2018HU0136813,5,1,51125,3,20_29,f,civilian.employed,same.house,i.25000.34999,us.born,never,no.schooling,without.disability,local,with.insurance,white
2018HU0209418,5,1,51020,3,40_49,m,civilian.employed,same.house,i.0.9999,naturalization,married,no.schooling,without.disability,self.employed.corp,with.insurance,black
2018HU0427812,5,1,51154,3,10_19,m,not.in.labor.force,diff.us.house,i.0.9999,us.born,never,public,without.disability,not.working,with.insurance,white
2018HU0050360,5,1,51235,3,70_79,f,not.in.labor.force,same.house,i.0.9999,us.born,divorced,no.schooling,without.disability,not.working,with.insurance,white
2018HU0614691,5,1,51246,3,20_29,f,civilian.employed,same.house,i.50000.64999,us.born,never,no.schooling,without.disability,private.profit,with.insurance,white
2018HU0645182,5,2,10701,3,30_39,m,civilian.employed,same.house,i.25000.34999,us.born,never,no.schooling,without.disability,private.profit,with.insurance,black
2018HU0616921,5,3,10702,3,40_49,m,civilian.employed,diff.us.house,i.50000.64999,us.born,married,no.schooling,without.disability,private.profit,with.insurance,white
2018HU0469659,5,2,51235,3,20_29,m,not.in.labor.force,same.house,i.0.9999,us.born,never,no.schooling,without.disability,private.profit,with.insurance,two.
2018HU0132829,5,1,51154,3,30_39,f,civilian.employed,same.house,i.25000.34999,us.born,married,no.schooling,without.disability,self.employed.corp,with.insurance,white
2018HU0929725,5,2,59307,3,10_19,f,not.in.labor.force,same.house,i.75000.99999,us.born,never,public,without.disability,not.working,with.insurance,two.
2018HU0946772,5,5,51040,3,10_19,m,not.in.labor.force,same.house,i.0.9999,us.born,never,public,without.disability,not.working,with.insurance,white
2018HU0655745,5,2,51084,3,60_69,f,not.in.labor.force,same.house,i.0.9999,naturalization,married,no.schooling,without.disability,federal,with.insurance,asian
2018HU0734661,5,3,51246,3,0_9,f,not.in.labor.force,same.house,i.75000.99999,us.born,never,public,without.disability,not.working,with.insurance,asian
2018HU1050175,5,2,51084,3,50_59,f,civilian.employed,same.house,i.35000.49999,puerto.rico.born,married,no.schooling,without.disability,private.profit,with.insurance,white
2018HU1270631,5,3,51120,3,80_89,f,not.in.labor.force,same.house,i.0.9999,us.born,married,no.schooling,with.disability,not.working,with.insurance,white
2018HU1198885,5,1,51045,3,60_69,m,civilian.employed,same.house,i.75000.99999,us.born,married,no.schooling,without.disability,private.no.profit,with.insurance,white
2018HU1110764,5,5,51167,3,0_9,m,not.in.labor.force,same.house,i.75000.99999,us.born,never,no.schooling,without.disability,not.working,with.insurance,two.
2018HU0192347,5,1,51164,3,30_39,f,not.in.labor.force,same.house,i.0.9999,not.citizen,married,no.schooling,without.disability,private.profit,without.insurance,black
2018HU0513840,5,1,51080,3,30_39,m,civilian.employed,diff.us.house,i.75000.99999,us.born,married,no.schooling,without.disability,federal,with.insurance,white
2018HU0554488,5,1,51096,3,30_39,m,civilian.employed,same.house,i.75000.99999,us.born,married,no.schooling,without.disability,federal,with.insurance,white
2018HU1134086,5,1,59301,3,30_39,f,unemployed,same.house,i.0.9999,not.citizen,married,no.schooling,without.disability,private.profit,with.insurance,white
2018HU0501375,5,1,51154,3,20_29,m,civilian.employed,same.house,i.50000.64999,us.born,never,no.schooling,without.disability,private.profit,with.insurance,black
2018HU0980417,5,2,51020,3,30_39,f,civilian.employed,same.house,i.65000.74999,us.born,never,no.schooling,without.disability,private.profit,with.insurance,black
2018HU0297213,5,1,51080,3,50_59,f,not.in.labor.force,same.house,i.0.9999,us.born,never,no.schooling,without.disability,not.working,with.insurance,white
2018HU0887383,5,1,51115,3,40_49,f,civilian.employed,same.house,i.25000.34999,naturalization,divorced,no.schooling,without.disability,private.profit,with.insurance,black
2018GQ0101386,5,1,51020,3,20_29,m,civilian.employed,same.house,i.0.9999,us.born,never,private,without.disability,private.profit,with.insurance,white
2018HU0469614,5,1,51145,3,40_49,m,civilian.employed,same.house,i.75000.99999,us.born,married,no.schooling,without.disability,private.profit,without.insurance,white
2018HU0058453,5,1,51135,3,0_9,m,not.in.labor.force,same.house,i.75000.99999,us.born,never,public,without.disability,not.working,with.insurance,white
2018HU0666706,5,1,51010,3,40_49,m,civilian.employed,same.house,i.75000.99999,us.born,married,no.schooling,without.disability,federal,with.insurance,white
2018HU0159454,5,3,10702,3,70_79,f,civilian.employed,same.house,i.75000.99999,naturalization,married,no.schooling,without.disability,self.employed.corp,with.insurance,asian
2018GQ0016999,5,1,51245,3,10_19,f,unemployed,same.house,i.0.9999,us.born,never,public,without.disability,private.profit,with.insurance,white
2018HU0606395,5,1,51096,3,10_19,m,not.in.labor.force,same.house,i.75000.99999,us.born,never,public,without.disability,not.working,with.insurance,white
2018HU0933296,5,2,10702,3,50_59,m,civilian.employed,same.house,i.75000.99999,us.born,married,no.schooling,without.disability,private.profit,with.insurance,white
2018HU1085430,5,3,51167,3,20_29,m,civilian.employed,same.house,i.35000.49999,naturalization,never,no.schooling,without.disability,private.profit,with.insurance,asian
2018HU1137419,5,3,59301,3,50_59,m,civilian.employed,same.house,i.0.9999,us.born,married,no.schooling,without.disability,self.employed.no.corp,with.insurance,white
2018HU0853992,5,1,51175,3,0_9,f,not.in.labor.force,same.house,i.75000.99999,us.born,never,public,without.disability,not.working,with.insurance,white
2018HU0422914,5,1,51167,3,40_49,m,civilian.employed,same.house,i.75000.99999,us.born,married,no.schooling,without.disability,private.profit,with.insurance,white
2018HU0813557,5,2,59303,3,30_39,m,civilian.employed,same.house,i.75000.99999,us.born,married,no.schooling,without.disability,local,with.insurance,white
2018HU0321914,5,1,51135,3,40_49,m,civilian.employed,same.house,i.75000.99999,naturalization,married,no.schooling,without.disability,state,with.insurance,asian
2018HU0816176,5,1,51089,3,60_69,m,civilian.employed,same.house,i.75000.99999,us.born,married,no.schooling,without.disability,private.profit,with.insurance,white
2018HU0423670,5,2,59308,3,10_19,m,not.in.labor.force,same.house,i.0.9999,us.born,never,public,without.disability,private.profit,with.insurance,white
2018HU0997738,5,4,51085,3,50_59,m,civilian.employed,same.house,i.75000.99999,us.born,married,no.schooling,without.disability,private.profit,with.insurance,white
2018HU0312766,5,1,51084,3,20_29,m,civilian.employed,diff.us.house,i.75000.99999,us.born,never,no.schooling,without.disability,private.profit,with.insurance,two.
2018HU0988418,5,2,51206,3,20_29,m,civilian.employed,same.house,i.25000.34999,naturalization,never,no.schooling,without.disability,private.profit,with.insurance,white
2018HU0815716,5,5,59301,3,30_39,f,civilian.employed,same.house,i.15000.24999,us.born,married,no.schooling,without.disability,private.profit,with.insurance,white
2018HU0176429,5,3,51255,3,50_59,f,not.in.labor.force,same.house,i.0.9999,not.citizen,never,no.schooling,without.disability,not.working,without.insurance,white
2018HU0233561,5,1,51246,3,40_49,m,civilian.employed,same.house,i.75000.99999,us.born,married,no.schooling,without.disability,federal,with.insurance,white
2018HU0026548,5,1,51135,3,70_79,m,not.in.labor.force,same.house,i.0.9999,us.born,married,no.schooling,without.disability,private.profit,with.insurance,white
2018HU0195895,5,2,51245,3,50_59,f,civilian.employed,same.house,i.10000.14999,naturalization,divorced,no.schooling,without.disability,private.profit,with.insurance,two.
2018HU1013896,5,1,55002,3,10_19,m,not.in.labor.force,same.house,i.75000.99999,us.born,never,public,without.disability,not.working,with.insurance,white
2018HU0538169,5,4,51095,3,10_19,f,not.in.labor.force,same.house,i.0.9999,us.born,never,public,without.disability,self.employed.no.corp,with.insurance,white
2018HU1124421,5,1,59309,3,20_29,m,civilian.employed,same.house,i.15000.24999,us.born,married,no.schooling,without.disability,private.profit,with.insurance,white
2018HU0757605,5,1,51255,3,60_69,f,civilian.employed,same.house,i.50000.64999,naturalization,never,no.schooling,without.disability,state,with.insurance,white
2018HU0110734,5,1,51154,3,40_49,m,civilian.employed,same.house,i.25000.34999,not.citizen,married,public,without.disability,private.profit,with.insurance,white
2018HU0425077,5,2,59305,3,0_9,f,not.in.labor.force,diff.us.house,i.75000.99999,us.born,never,public,without.disability,not.working,with.insurance,white
2018HU0156229,5,6,55001,3,20_29,m,civilian.employed,same.house,i.0.9999,us.born,never,no.schooling,without.disability,private.profit,with.insurance,white
2018HU0706546,5,1,51105,3,20_29,f,civilian.employed,same.house,i.0.9999,us.born,never,no.schooling,without.disability,private.profit,with.insurance,white
2018HU0014923,5,4,51120,3,20_29,f,civilian.employed,same.house,i.0.9999,us.born,never,no.schooling,without.disability,private.no.profit,with.insurance,white
2018HU1384860,5,2,51080,3,50_59,m,civilian.employed,same.house,i.75000.99999,us.born,married,no.schooling,without.disability,private.profit,with.insurance,white
2018HU1261870,5,3,51165,3,10_19,m,civilian.employed,same.house,i.0.9999,us.born,never,public,without.disability,private.profit,with.insurance,black
2018HU0064033,5,1,51084,3,20_29,f,civilian.employed,same.house,i.0.9999,us.born,never,public,without.disability,private.profit,with.insurance,white
2018HU0969854,5,2,51244,3,50_59,m,civilian.employed,same.house,i.75000.99999,us.born,married,no.schooling,without.disability,private.profit,with.insurance,white
2018HU0037359,5,1,51045,3,50_59,f,not.in.labor.force,same.house,i.0.9999,not.citizen,married,no.schooling,without.disability,not.working,with.insurance,asian
2018HU0782819,5,1,59306,3,60_69,f,not.in.labor.force,same.house,i.0.9999,naturalization,never,no.schooling,with.disability,not.working,without.insurance,white
2018HU0263150,5,1,51096,3,40_49,f,not.in.labor.force,same.house,i.0.9999,not.citizen,married,no.schooling,without.disability,not.working,without.insurance,asian
2018HU0702338,5,1,59309,3,0_9,m,not.in.labor.force,same.house,i.75000.99999,us.born,never,no.schooling,without.disability,not.working,with.insurance,asian
2018HU0821191,5,2,51115,3,10_19,f,not.in.labor.force,same.house,i.0.9999,us.born,never,public,without.disability,not.working,with.insurance,asian
2018HU1204720,5,1,51215,3,60_69,m,not.in.labor.force,same.house,i.0.9999,us.born,never,public,without.disability,not.working,with.insurance,asian
2018HU0639740,5,3,51244,3,60_69,f,not.in.labor.force,same.house,i.0.9999,naturalization,married,no.schooling,without.disability,not.working,with.insurance,asian
2018HU1055109,5,3,51244,3,40_49,m,civilian.employed,same.house,i.75000.99999,us.born,married,no.schooling,without.disability,private.profit,with.insurance,white
2018HU0340143,5,1,51040,3,50_59,m,civilian.employed,same.house,i.25000.34999,not.citizen,married,no.schooling,without.disability,private.profit,with.insurance,asian
2018HU0215921,5,5,10702,3,30_39,m,civilian.employed,same.house,i.75000.99999,us.born,married,no.schooling,without.disability,private.profit,with.insurance,white
2018HU1213136,5,3,59306,3,70_79,f,not.in.labor.force,same.house,i.0.9999,us.born,married,no.schooling,without.disability,local,with.insurance,white
2018HU0962703,5,4,51089,3,10_19,f,not.in.labor.force,diff.us.house,i.75000.99999,us.born,never,public,without.disability,not.working,with.insurance,white
2018HU0987519,5,2,59307,3,10_19,m,not.in.labor.force,abroad.house,i.0.9999,us.born,never,public,with.disability,not.working,with.insurance,black
2018HU0973353,5,1,51154,3,40_49,m,civilian.employed,same.house,i.65000.74999,not.citizen,married,no.schooling,without.disability,private.profit,with.insurance,other
2018HU0502999,5,2,51246,3,70_79,f,civilian.employed,same.house,i.0.9999,us.born,divorced,no.schooling,without.disability,private.profit,with.insurance,white
2018HU0674612,5,1,51215,3,0_9,m,not.in.labor.force,same.house,i.75000.99999,us.born,never,no.schooling,without.disability,not.working,with.insurance,white
2018HU0235689,5,1,51155,3,30_39,f,civilian.employed,same.house,i.0.9999,us.born,never,no.schooling,without.disability,self.employed.no.corp,without.insurance,white
2018HU0550676,5,3,51167,3,0_9,m,not.in.labor.force,diff.us.house,i.75000.99999,us.born,never,private,without.disability,not.working,with.insurance,white
2018HU0359576,5,3,51090,3,40_49,m,civilian.employed,same.house,i.50000.64999,not.citizen,married,no.schooling,without.disability,private.profit,with.insurance,asian
2018HU0235689,5,1,51120,3,0_9,f,not.in.labor.force,same.house,i.75000.99999,us.born,never,no.schooling,without.disability,not.working,with.insurance,white
2018HU0946205,5,1,51154,3,70_79,f,not.in.labor.force,same.house,i.0.9999,us.born,married,no.schooling,without.disability,not.working,with.insurance,black
2018HU1046452,5,2,51044,3,50_59,m,civilian.employed,same.house,i.75000.99999,not.citizen,divorced,no.schooling,with.disability,private.profit,with.insurance,white
2018HU1081937,5,2,4102,3,40_49,m,civilian.employed,same.house,i.75000.99999,us.born,married,no.schooling,without.disability,private.profit,with.insurance,white
2018HU1292991,5,1,1302,3,20_29,m,civilian.employed,same.house,i.35000.49999,us.born,never,no.schooling,without.disability,local,with.insurance,black
2018HU0893215,5,1,59302,3,40_49,m,civilian.employed,same.house,i.75000.99999,us.born,married,no.schooling,without.disability,federal,with.insurance,white
2018GQ0008802,5,1,51115,3,20_29,f,civilian.employed,same.house,i.0.9999,us.born,never,public,without.disability,private.profit,with.insurance,white
2018HU0230772,5,1,51154,3,20_29,f,not.in.labor.force,same.house,i.0.9999,not.citizen,married,no.schooling,without.disability,not.working,with.insurance,white
2018HU0616110,5,1,51135,3,40_49,m,civilian.employed,same.house,i.75000.99999,naturalization,married,no.schooling,without.disability,private.profit,with.insurance,asian
2018HU0198433,5,1,51154,3,50_59,m,not.in.labor.force,same.house,i.0.9999,us.born,married,no.schooling,with.disability,local,with.insurance,white
2018HU0297276,5,2,51115,3,40_49,m,civilian.employed,diff.us.house,i.50000.64999,us.born,married,no.schooling,without.disability,private.profit,with.insurance,white
2018HU0309108,5,1,51235,3,40_49,f,civilian.employed,same.house,i.25000.34999,us.born,married,no.schooling,without.disability,private.no.profit,with.insurance,white
2018HU1314005,5,2,51040,3,20_29,f,civilian.employed,diff.us.house,i.25000.34999,us.born,never,no.schooling,without.disability,private.profit,with.insurance,other
2018HU0531717,5,2,55002,3,10_19,f,not.in.labor.force,diff.us.house,i.75000.99999,puerto.rico.born,never,private,without.disability,not.working,with.insurance,other
2018HU0712025,5,2,10703,3,60_69,f,civilian.employed,same.house,i.50000.64999,us.born,never,no.schooling,without.disability,private.profit,with.insurance,white
2018HU1386400,5,2,51045,3,40_49,m,civilian.employed,same.house,i.75000.99999,us.born,married,no.schooling,without.disability,private.profit,with.insurance,white
2018HU0702449,5,1,59303,3,70_79,m,civilian.employed,same.house,i.75000.99999,us.born,married,no.schooling,without.disability,federal,with.insurance,white
2018HU1349942,5,4,51155,3,0_9,m,not.in.labor.force,same.house,i.75000.99999,us.born,never,public,without.disability,not.working,with.insurance,white
2018HU1236627,5,1,51154,3,10_19,m,not.in.labor.force,same.house,i.0.9999,not.citizen,never,public,without.disability,not.working,with.insurance,black
2018HU0071151,5,2,51045,3,10_19,f,not.in.labor.force,same.house,i.0.9999,us.born,never,private,without.disability,not.working,with.insurance,white
2018HU0621425,5,4,51224,3,10_19,m,civilian.employed,same.house,i.0.9999,abroad.born,never,public,without.disability,private.profit,with.insurance,white
2018HU1297260,5,4,51246,3,0_9,f,not.in.labor.force,same.house,i.75000.99999,us.born,never,private,without.disability,not.working,with.insurance,white
2018HU0556685,5,4,51045,3,50_59,m,civilian.employed,same.house,i.35000.49999,naturalization,married,no.schooling,without.disability,private.profit,with.insurance,white
2018HU1237976,5,2,51089,3,0_9,m,not.in.labor.force,same.house,i.75000.99999,us.born,never,no.schooling,without.disability,not.working,with.insurance,white
2018HU1156162,5,1,51235,3,40_49,m,civilian.employed,same.house,i.25000.34999,us.born,married,no.schooling,without.disability,private.profit,without.insurance,white
2018HU0849250,5,1,51090,3,30_39,f,civilian.employed,same.house,i.75000.99999,us.born,never,no.schooling,without.disability,local,with.insurance,white
2018HU0564378,5,1,51186,3,40_49,f,civilian.employed,same.house,i.65000.74999,naturalization,married,no.schooling,without.disability,private.no.profit,with.insurance,white
2018HU0305213,5,1,59303,3,40_49,m,civilian.employed,same.house,i.65000.74999,us.born,never,no.schooling,with.disability,private.profit,with.insurance,white
2018HU1050141,5,1,51154,3,50_59,f,civilian.employed,same.house,i.75000.99999,us.born,widowed,no.schooling,without.disability,private.no.profit,with.insurance,white
2018HU1293566,5,1,51165,3,40_49,m,civilian.employed,same.house,i.25000.34999,not.citizen,married,no.schooling,without.disability,private.profit,with.insurance,asian
2018HU1294894,5,3,51040,3,30_39,f,civilian.employed,same.house,i.75000.99999,us.born,married,no.schooling,without.disability,private.no.profit,with.insurance,white
2018HU1198941,5,3,51084,3,50_59,f,civilian.employed,same.house,i.75000.99999,us.born,married,no.schooling,without.disability,private.profit,with.insurance,white
2018HU1365441,5,1,51167,3,30_39,f,not.in.labor.force,diff.us.house,i.0.9999,us.born,married,no.schooling,without.disability,not.working,with.insurance,white
2018HU1195147,5,2,51010,3,20_29,f,civilian.employed,same.house,i.10000.14999,us.born,never,no.schooling,without.disability,private.profit,with.insurance,white
2018HU1293476,5,5,51225,3,60_69,m,civilian.employed,same.house,i.75000.99999,us.born,married,no.schooling,without.disability,federal,with.insurance,white
2018HU1046171,5,2,51045,3,40_49,f,civilian.employed,diff.us.house,i.75000.99999,us.born,married,no.schooling,without.disability,private.no.profit,with.insurance,white
2018HU0453137,5,2,51125,3,10_19,m,not.in.labor.force,same.house,i.0.9999,us.born,never,public,without.disability,not.working,with.insurance,white
2018HU0792349,5,5,51135,3,20_29,m,civilian.employed,same.house,i.15000.24999,us.born,never,no.schooling,without.disability,private.profit,with.insurance,white
2018HU1194174,5,1,51110,3,30_39,f,civilian.employed,same.house,i.0.9999,naturalization,divorced,no.schooling,without.disability,self.employed.no.corp,with.insurance,white
2018HU0985495,5,1,51154,3,40_49,m,civilian.employed,same.house,i.75000.99999,us.born,married,no.schooling,without.disability,private.profit,with.insurance,white
2018HU1041104,5,1,59303,3,80_89,f,not.in.labor.force,same.house,i.0.9999,naturalization,married,no.schooling,without.disability,not.working,with.insurance,white
2018HU0152951,5,1,51105,3,80_89,f,not.in.labor.force,same.house,i.0.9999,us.born,married,no.schooling,with.disability,not.working,with.insurance,white
2018HU0187609,5,1,10701,3,50_59,m,civilian.employed,same.house,i.75000.99999,naturalization,married,no.schooling,without.disability,private.profit,with.insurance,white
2018HU0919513,5,3,51045,3,70_79,f,not.in.labor.force,same.house,i.0.9999,us.born,married,no.schooling,without.disability,not.working,with.insurance,white
2018HU1083704,5,1,51084,3,10_19,m,not.in.labor.force,same.house,i.75000.99999,us.born,never,public,without.disability,not.working,with.insurance,white
2018HU0961923,5,1,51097,3,10_19,f,not.in.labor.force,same.house,i.0.9999,us.born,never,public,without.disability,not.working,with.insurance,white
2018HU0975658,5,2,59301,3,50_59,m,civilian.employed,same.house,i.50000.64999,us.born,married,no.schooling,without.disability,self.employed.corp,with.insurance,white
2018HU0316509,5,2,1302,3,30_39,m,civilian.employed,same.house,i.75000.99999,us.born,never,no.schooling,without.disability,federal,with.insurance,white
2018HU0561476,5,3,51020,3,20_29,f,civilian.employed,same.house,i.25000.34999,naturalization,never,public,without.disability,private.profit,with.insurance,white
2018HU0045597,5,3,51105,3,0_9,f,not.in.labor.force,same.house,i.75000.99999,us.born,never,public,without.disability,not.working,with.insurance,two.
2018HU0859533,5,2,51110,3,10_19,f,not.in.labor.force,same.house,i.75000.99999,us.born,never,public,without.disability,not.working,with.insurance,white
2018HU0121868,5,1,51186,3,60_69,f,civilian.employed,same.house,i.75000.99999,us.born,divorced,no.schooling,without.disability,federal,with.insurance,white
2018HU1125504,5,2,51145,3,60_69,f,not.in.labor.force,same.house,i.0.9999,us.born,married,no.schooling,without.disability,not.working,with.insurance,white
2018HU0693368,5,1,51167,3,10_19,m,not.in.labor.force,same.house,i.0.9999,us.born,never,public,without.disability,not.working,with.insurance,white
2018HU1078929,5,1,51080,3,50_59,f,civilian.employed,same.house,i.75000.99999,not.citizen,married,no.schooling,without.disability,private.profit,with.insurance,asian
2018HU0366866,5,1,51206,3,30_39,f,not.in.labor.force,diff.us.house,i.0.9999,naturalization,married,no.schooling,without.disability,private.profit,with.insurance,asian
2018HU1236062,5,2,59302,3,10_19,f,civilian.employed,same.house,i.0.9999,us.born,never,public,without.disability,private.profit,with.insurance,white
2018HU0750872,5,2,51167,3,10_19,f,not.in.labor.force,abroad.house,i.75000.99999,us.born,never,public,without.disability,not.working,with.insurance,white
2018HU0902181,5,6,10703,3,40_49,f,civilian.employed,same.house,i.75000.99999,not.citizen,married,no.schooling,without.disability,private.profit,with.insurance,asian
2018HU0892740,5,3,51125,3,30_39,m,civilian.employed,same.house,i.15000.24999,us.born,never,no.schooling,without.disability,private.profit,without.insurance,asian
2018HU0548531,5,2,51224,3,40_49,m,civilian.employed,same.house,i.75000.99999,us.born,married,no.schooling,without.disability,private.profit,with.insurance,white
2018HU0476605,5,1,51045,3,60_69,f,civilian.employed,diff.us.house,i.75000.99999,us.born,married,no.schooling,without.disability,private.profit,with.insurance,white
2018HU0782438,5,1,59304,3,30_39,m,civilian.employed,same.house,i.75000.99999,us.born,married,no.schooling,without.disability,federal,with.insurance,white
2018HU1081891,5,3,10703,3,50_59,f,not.in.labor.force,diff.us.house,i.0.9999,us.born,married,no.schooling,without.disability,not.working,with.insurance,white
2018HU0363694,5,3,59301,3,30_39,m,civilian.employed,same.house,i.75000.99999,us.born,married,no.schooling,without.disability,private.profit,with.insurance,two.
2018HU0953628,5,3,51164,3,40_49,f,civilian.employed,same.house,i.15000.24999,naturalization,married,no.schooling,without.disability,private.profit,with.insurance,asian
2018HU0033695,5,1,51120,3,50_59,f,not.in.labor.force,same.house,i.0.9999,us.born,married,no.schooling,without.disability,private.no.profit,with.insurance,white
2018HU0161985,5,1,51045,3,60_69,f,not.in.labor.force,same.house,i.0.9999,us.born,married,no.schooling,without.disability,not.working,with.insurance,white
2018HU0903825,5,1,51215,3,30_39,f,not.in.labor.force,diff.us.house,i.0.9999,us.born,married,no.schooling,without.disability,not.working,without.insurance,asian
2018HU0465546,5,2,51235,3,0_9,m,not.in.labor.force,same.house,i.75000.99999,us.born,never,no.schooling,without.disability,not.working,with.insurance,white
2018HU0650297,5,2,59306,3,0_9,m,not.in.labor.force,diff.us.house,i.75000.99999,us.born,never,no.schooling,without.disability,not.working,with.insurance,white
2018HU0058453,5,1,51135,3,0_9,m,not.in.labor.force,same.house,i.75000.99999,us.born,never,public,without.disability,not.working,with.insurance,white
2018HU0674612,5,1,51080,3,30_39,f,civilian.employed,same.house,i.75000.99999,us.born,married,no.schooling,without.disability,private.profit,with.insurance,white
2018HU0445798,5,2,10703,3,50_59,f,civilian.employed,same.house,i.15000.24999,naturalization,married,no.schooling,without.disability,private.no.profit,with.insurance,white
2018HU1076032,5,4,59301,3,40_49,f,not.in.labor.force,same.house,i.0.9999,us.born,married,no.schooling,without.disability,private.profit,with.insurance,white
2018HU1195147,5,2,51010,3,20_29,f,civilian.employed,same.house,i.10000.14999,us.born,never,no.schooling,without.disability,private.profit,with.insurance,white
2018HU0413222,5,2,51087,3,10_19,f,not.in.labor.force,same.house,i.0.9999,us.born,never,public,without.disability,not.working,with.insurance,asian
2018HU0819499,5,1,51087,3,0_9,m,not.in.labor.force,same.house,i.75000.99999,us.born,never,private,without.disability,not.working,with.insurance,two.
2018HU0804467,5,2,51045,3,40_49,f,civilian.employed,same.house,i.10000.14999,naturalization,married,no.schooling,without.disability,private.no.profit,with.insurance,asian
2018HU1194380,5,2,51085,3,10_19,f,civilian.employed,same.house,i.0.9999,us.born,never,public,without.disability,private.profit,with.insurance,white
2018HU0859533,5,2,51110,3,10_19,f,not.in.labor.force,same.house,i.75000.99999,us.born,never,public,without.disability,not.working,with.insurance,white
2018HU0929213,5,1,51115,3,50_59,f,civilian.employed,same.house,i.15000.24999,abroad.born,married,no.schooling,without.disability,private.profit,with.insurance,white
2018HU0941016,5,1,51145,3,0_9,m,not.in.labor.force,same.house,i.75000.99999,us.born,never,public,without.disability,not.working,with.insurance,white
2018HU0453224,5,1,51044,3,40_49,f,civilian.employed,same.house,i.0.9999,us.born,divorced,public,without.disability,self.employed.no.corp,with.insurance,other
2018HU0218052,5,2,51246,3,0_9,m,not.in.labor.force,same.house,i.75000.99999,us.born,never,private,without.disability,not.working,with.insurance,white
2018HU0463759,5,3,55002,3,60_69,m,civilian.employed,same.house,i.75000.99999,us.born,married,no.schooling,without.disability,private.profit,with.insurance,white
2018HU0445561,5,1,51135,3,30_39,f,civilian.employed,same.house,i.75000.99999,us.born,married,no.schooling,without.disability,private.profit,with.insurance,white
2018HU0489441,5,1,51154,3,40_49,m,not.in.labor.force,same.house,i.0.9999,us.born,never,no.schooling,without.disability,not.working,without.insurance,black
2018HU0817565,5,1,51105,3,0_9,m,not.in.labor.force,same.house,i.75000.99999,us.born,never,no.schooling,without.disability,not.working,with.insurance,white
2018HU1270631,5,2,51120,3,70_79,m,civilian.employed,same.house,i.0.9999,us.born,married,no.schooling,without.disability,local,with.insurance,white
2018HU1342660,5,1,51097,3,40_49,f,civilian.employed,same.house,i.65000.74999,us.born,divorced,no.schooling,without.disability,private.profit,with.insurance,white
2018HU1350402,5,6,51135,3,40_49,f,civilian.employed,same.house,i.0.9999,naturalization,married,no.schooling,without.disability,private.profit,with.insurance,asian
2018HU0428902,5,2,59305,3,40_49,f,civilian.employed,same.house,i.35000.49999,us.born,married,no.schooling,without.disability,private.no.profit,with.insurance,asian
2018HU1345399,5,1,59302,3,10_19,f,not.in.labor.force,same.house,i.75000.99999,us.born,never,private,without.disability,not.working,with.insurance,white
2018HU1398054,5,1,51040,3,10_19,m,not.in.labor.force,same.house,i.75000.99999,naturalization,never,public,without.disability,not.working,with.insurance,asian
2018HU0152951,5,1,51110,3,70_79,m,not.in.labor.force,same.house,i.0.9999,us.born,married,no.schooling,with.disability,not.working,with.insurance,white
2018HU1047861,5,1,51225,3,30_39,m,civilian.employed,same.house,i.25000.34999,naturalization,married,no.schooling,without.disability,private.profit,with.insurance,asian
2018HU0704766,5,1,51135,3,20_29,f,civilian.employed,same.house,i.75000.99999,us.born,married,no.schooling,without.disability,private.profit,with.insurance,white
2018HU0988470,5,1,51255,3,30_39,f,civilian.employed,same.house,i.75000.99999,us.born,married,no.schooling,without.disability,federal,with.insurance,two.
2018HU0928107,5,2,51224,3,40_49,m,civilian.employed,same.house,i.75000.99999,us.born,never,no.schooling,without.disability,private.no.profit,with.insurance,white
2018HU1331755,5,2,51045,3,30_39,f,civilian.employed,same.house,i.75000.99999,us.born,never,public,without.disability,federal,with.insurance,asian
2018HU1197846,5,1,51020,3,40_49,m,civilian.employed,same.house,i.75000.99999,us.born,married,no.schooling,without.disability,private.profit,with.insurance,white
2018HU0709465,5,3,51245,3,70_79,f,civilian.employed,same.house,i.0.9999,us.born,married,no.schooling,without.disability,private.profit,with.insurance,white
2018HU0480308,5,1,51135,3,0_9,f,not.in.labor.force,same.house,i.75000.99999,us.born,never,no.schooling,without.disability,not.working,with.insurance,white
2018HU0037350,5,3,51125,3,40_49,f,not.in.labor.force,same.house,i.0.9999,us.born,married,no.schooling,without.disability,private.profit,with.insurance,white
2018HU1294894,5,3,51040,3,30_39,f,civilian.employed,same.house,i.75000.99999,us.born,married,no.schooling,without.disability,private.no.profit,with.insurance,white
2018HU1020561,5,3,51155,3,30_39,m,civilian.employed,same.house,i.75000.99999,us.born,married,no.schooling,without.disability,private.profit,with.insurance,white
2018HU1345399,5,1,59302,3,10_19,f,not.in.labor.force,same.house,i.75000.99999,us.born,never,private,without.disability,not.working,with.insurance,white
2018HU0251804,5,1,51135,3,40_49,m,civilian.employed,same.house,i.75000.99999,us.born,married,private,without.disability,private.profit,with.insurance,white
2018HU0691232,5,1,51206,3,50_59,f,unemployed,same.house,i.15000.24999,not.citizen,married,no.schooling,without.disability,private.profit,with.insurance,white
2018HU0769558,5,1,51235,3,50_59,m,civilian.employed,same.house,i.75000.99999,us.born,married,no.schooling,without.disability,private.profit,with.insurance,white
2018HU0455618,5,2,51154,3,0_9,f,not.in.labor.force,same.house,i.75000.99999,us.born,never,public,without.disability,not.working,with.insurance,white
2018HU1116462,5,1,51246,3,20_29,m,not.in.labor.force,diff.us.house,i.0.9999,us.born,never,private,without.disability,not.working,with.insurance,white
2018HU0384632,5,2,51080,3,70_79,m,not.in.labor.force,same.house,i.0.9999,us.born,married,no.schooling,without.disability,private.profit,with.insurance,white
2018HU0719913,5,2,59303,3,40_49,f,civilian.employed,same.house,i.75000.99999,us.born,married,no.schooling,without.disability,private.profit,with.insurance,asian
2018HU1359396,5,1,55002,3,60_69,m,civilian.employed,same.house,i.75000.99999,naturalization,married,no.schooling,without.disability,state,with.insurance,two.
2018HU0518705,5,2,4102,3,60_69,f,civilian.employed,same.house,i.75000.99999,us.born,married,no.schooling,without.disability,private.no.profit,with.insurance,white
2018HU0095431,5,1,51110,3,70_79,m,not.in.labor.force,same.house,i.0.9999,us.born,married,no.schooling,without.disability,not.working,with.insurance,white
2018HU0934980,5,4,51040,3,20_29,m,civilian.employed,same.house,i.25000.34999,naturalization,never,no.schooling,without.disability,private.profit,with.insurance,other
2018HU0554755,5,1,51154,3,50_59,f,civilian.employed,same.house,i.25000.34999,us.born,widowed,no.schooling,without.disability,local,with.insurance,white
2018HU0644086,5,4,51120,3,50_59,f,civilian.employed,same.house,i.75000.99999,us.born,married,no.schooling,without.disability,federal,with.insurance,white
2018HU0435904,5,2,59303,3,40_49,f,civilian.employed,same.house,i.75000.99999,us.born,married,no.schooling,without.disability,private.profit,with.insurance,white
2018HU0891115,5,4,59306,3,80_89,f,not.in.labor.force,diff.us.house,i.0.9999,us.born,married,no.schooling,without.disability,not.working,with.insurance,white
2018HU0548531,5,1,51097,3,10_19,m,not.in.labor.force,same.house,i.0.9999,us.born,never,public,without.disability,not.working,with.insurance,white
2018HU0523863,5,1,51087,3,40_49,f,civilian.employed,same.house,i.75000.99999,us.born,married,no.schooling,without.disability,private.no.profit,with.insurance,white
2018HU0730462,5,1,51235,3,0_9,f,not.in.labor.force,same.house,i.75000.99999,us.born,never,private,without.disability,not.working,with.insurance,white
2018HU0532554,5,1,51154,3,30_39,f,civilian.employed,same.house,i.50000.64999,us.born,married,no.schooling,without.disability,private.profit,with.insurance,white
2018HU0463759,5,1,51010,3,30_39,f,civilian.employed,same.house,i.50000.64999,us.born,never,no.schooling,without.disability,private.profit,with.insurance,white
2018HU0014167,5,3,51224,3,40_49,m,civilian.employed,same.house,i.75000.99999,us.born,never,no.schooling,without.disability,private.profit,with.insurance,white
2018HU0816611,5,1,51105,3,50_59,f,civilian.employed,same.house,i.75000.99999,us.born,divorced,no.schooling,without.disability,federal,with.insurance,white
2018HU1286347,5,2,51186,3,60_69,f,civilian.employed,same.house,i.10000.14999,naturalization,widowed,no.schooling,without.disability,private.profit,with.insurance,asian
2018HU0173955,5,5,51097,3,70_79,f,not.in.labor.force,same.house,i.0.9999,us.born,widowed,no.schooling,without.disability,self.employed.no.corp,with.insurance,white
2018HU0422914,5,1,51167,3,40_49,m,civilian.employed,same.house,i.75000.99999,us.born,married,no.schooling,without.disability,private.profit,with.insurance,white
2018HU1205100,5,1,51045,3,50_59,f,civilian.employed,same.house,i.15000.24999,us.born,married,no.schooling,without.disability,private.profit,with.insurance,white
2018HU0056631,5,4,51246,3,10_19,f,not.in.labor.force,same.house,i.75000.99999,naturalization,never,public,with.disability,not.working,with.insurance,asian
2018HU1167526,5,1,51120,3,30_39,m,civilian.employed,same.house,i.65000.74999,not.citizen,married,no.schooling,without.disability,private.profit,without.insurance,other
2018HU0304044,5,2,51245,3,0_9,f,not.in.labor.force,same.house,i.75000.99999,us.born,never,public,without.disability,not.working,with.insurance,white
2018HU1017083,5,3,55002,3,30_39,m,civilian.employed,same.house,i.75000.99999,us.born,married,no.schooling,without.disability,private.no.profit,with.insurance,white
2018HU1360659,5,1,51154,3,40_49,m,civilian.employed,same.house,i.35000.49999,not.citizen,married,no.schooling,without.disability,private.profit,without.insurance,asian
2018HU0331006,5,1,51045,3,40_49,f,civilian.employed,same.house,i.75000.99999,us.born,married,no.schooling,without.disability,private.profit,with.insurance,white
2018HU0968719,5,1,51145,3,10_19,m,civilian.employed,same.house,i.15000.24999,us.born,never,public,without.disability,private.profit,without.insurance,two.
2018HU1206953,5,1,51215,3,20_29,m,civilian.employed,diff.us.house,i.75000.99999,us.born,never,no.schooling,without.disability,federal,with.insurance,white
2018HU0025860,5,2,59303,3,10_19,m,not.in.labor.force,same.house,i.0.9999,us.born,never,public,without.disability,not.working,with.insurance,white
2018HU0419939,5,3,51164,3,50_59,m,not.in.labor.force,same.house,i.0.9999,naturalization,married,no.schooling,without.disability,not.working,with.insurance,white
2018HU1361262,5,1,51010,3,0_9,m,not.in.labor.force,same.house,i.75000.99999,us.born,never,public,without.disability,not.working,with.insurance,asian
2018GQ0102272,5,1,51010,3,10_19,f,civilian.employed,same.house,i.0.9999,us.born,never,public,without.disability,private.profit,with.insurance,white
2018HU0363694,5,1,10703,3,0_9,f,not.in.labor.force,same.house,i.75000.99999,us.born,never,private,without.disability,not.working,with.insurance,two.
2018HU0370447,5,3,4102,3,10_19,m,not.in.labor.force,same.house,i.75000.99999,us.born,never,public,without.disability,not.working,with.insurance,white
2018HU1326604,5,1,4101,3,30_39,m,civilian.employed,same.house,i.65000.74999,us.born,married,no.schooling,without.disability,federal,with.insurance,white
2018HU1206960,5,1,51096,3,60_69,f,civilian.employed,same.house,i.75000.99999,us.born,married,no.schooling,without.disability,private.no.profit,with.insurance,white
2018HU0287051,5,1,10703,3,30_39,f,civilian.employed,same.house,i.50000.64999,us.born,married,no.schooling,with.disability,local,with.insurance,white
2018HU1156162,5,1,59303,3,10_19,m,not.in.labor.force,same.house,i.75000.99999,us.born,never,public,without.disability,not.working,without.insurance,white
2018HU0809899,5,1,51084,3,30_39,m,civilian.employed,diff.us.house,i.75000.99999,not.citizen,never,no.schooling,without.disability,private.profit,with.insurance,asian
2018HU0565825,5,2,51164,3,0_9,f,not.in.labor.force,diff.us.house,i.75000.99999,us.born,never,no.schooling,without.disability,not.working,with.insurance,white
2018HU0225014,5,1,51085,3,0_9,m,not.in.labor.force,same.house,i.75000.99999,us.born,never,no.schooling,without.disability,not.working,with.insurance,asian
2018HU1186032,5,1,51010,3,10_19,m,not.in.labor.force,same.house,i.0.9999,us.born,never,public,without.disability,not.working,with.insurance,white
2018HU0625993,5,2,59303,3,10_19,f,not.in.labor.force,same.house,i.75000.99999,us.born,never,private,without.disability,not.working,with.insurance,asian
2018HU0219825,5,1,51235,3,40_49,f,civilian.employed,same.house,i.0.9999,naturalization,separated,no.schooling,without.disability,self.employed.no.corp,with.insurance,black
2018HU1309053,5,1,51090,3,10_19,f,not.in.labor.force,same.house,i.75000.99999,us.born,never,public,without.disability,not.working,with.insurance,black
2018GQ0130589,5,1,51080,3,80_89,f,not.in.labor.force,same.house,i.0.9999,us.born,widowed,no.schooling,with.disability,not.working,with.insurance,white
2018HU0070502,5,1,51154,3,0_9,m,not.in.labor.force,same.house,i.75000.99999,us.born,never,public,without.disability,not.working,with.insurance,white
2018HU0561928,5,2,51246,3,70_79,f,not.in.labor.force,same.house,i.0.9999,us.born,never,no.schooling,with.disability,not.working,with.insurance,white
2018HU0710042,5,1,51096,3,80_89,m,not.in.labor.force,same.house,i.0.9999,us.born,married,no.schooling,with.disability,not.working,with.insurance,white
2018HU0853234,5,1,51167,3,40_49,f,not.in.labor.force,same.house,i.0.9999,not.citizen,divorced,no.schooling,without.disability,private.profit,with.insurance,black
2018HU0679480,5,1,51040,3,0_9,m,not.in.labor.force,same.house,i.75000.99999,us.born,never,public,without.disability,not.working,with.insurance,white
2018HU0829163,5,2,51120,3,10_19,f,not.in.labor.force,same.house,i.0.9999,us.born,never,private,without.disability,not.working,with.insurance,white
2018HU0825047,5,1,51175,3,30_39,m,civilian.employed,same.house,i.75000.99999,naturalization,married,no.schooling,without.disability,federal,with.insurance,asian
2018HU0995296,5,4,51120,3,10_19,m,not.in.labor.force,same.house,i.75000.99999,us.born,never,public,without.disability,not.working,with.insurance,white
2018HU0564378,5,1,51225,3,10_19,m,unemployed,same.house,i.0.9999,us.born,never,public,without.disability,private.profit,with.insurance,white
2018HU1150853,5,2,51246,3,30_39,f,civilian.employed,same.house,i.15000.24999,us.born,never,public,without.disability,local,with.insurance,white
2018HU0820345,5,5,59304,3,40_49,m,civilian.employed,same.house,i.75000.99999,us.born,married,no.schooling,without.disability,private.profit,with.insurance,white
2018HU1049783,5,3,51120,3,80_89,m,not.in.labor.force,diff.us.house,i.0.9999,naturalization,married,no.schooling,without.disability,not.working,with.insurance,asian
2018HU1139782,5,1,51165,3,60_69,m,civilian.employed,same.house,i.75000.99999,us.born,divorced,no.schooling,without.disability,private.profit,with.insurance,white
2018GQ0010588,5,1,51044,3,50_59,m,not.in.labor.force,same.house,i.0.9999,us.born,never,no.schooling,with.disability,not.working,with.insurance,black
2018HU1188172,5,1,51105,3,30_39,m,civilian.employed,diff.us.house,i.75000.99999,us.born,never,no.schooling,without.disability,private.profit,with.insurance,white
2018HU0214914,5,1,51145,3,0_9,m,not.in.labor.force,diff.us.house,i.75000.99999,us.born,never,private,without.disability,not.working,with.insurance,white
2018HU0211132,5,2,51175,3,0_9,f,not.in.labor.force,same.house,i.75000.99999,us.born,never,private,without.disability,not.working,without.insurance,white
2018HU0561376,5,5,51154,3,60_69,m,not.in.labor.force,same.house,i.0.9999,us.born,married,no.schooling,with.disability,not.working,with.insurance,white
2018HU0247375,5,1,51115,3,0_9,m,not.in.labor.force,same.house,i.75000.99999,us.born,never,no.schooling,without.disability,not.working,with.insurance,white
2018HU0253786,5,2,51095,3,30_39,m,civilian.employed,diff.us.house,i.75000.99999,us.born,married,no.schooling,without.disability,private.profit,with.insurance,white
2018HU0815716,5,1,51125,3,0_9,m,not.in.labor.force,same.house,i.75000.99999,us.born,never,no.schooling,without.disability,not.working,with.insurance,white
2018HU0145388,5,1,51044,3,70_79,m,not.in.labor.force,same.house,i.0.9999,us.born,married,no.schooling,with.disability,local,with.insurance,white
2018HU1349942,5,4,51155,3,0_9,m,not.in.labor.force,same.house,i.75000.99999,us.born,never,public,without.disability,not.working,with.insurance,white
2018HU0400155,5,3,59307,3,60_69,m,not.in.labor.force,same.house,i.0.9999,naturalization,divorced,no.schooling,without.disability,self.employed.no.corp,with.insurance,asian
2018HU0478601,5,1,51206,3,30_39,m,civilian.employed,diff.us.house,i.75000.99999,us.born,married,no.schooling,without.disability,federal,with.insurance,white
2018HU0118928,5,6,51045,3,10_19,f,not.in.labor.force,same.house,i.75000.99999,us.born,never,private,without.disability,not.working,with.insurance,white
2018HU0299147,5,1,51045,3,10_19,m,not.in.labor.force,same.house,i.0.9999,us.born,never,public,without.disability,not.working,without.insurance,white
2018HU0217546,5,2,51115,3,70_79,m,civilian.employed,same.house,i.25000.34999,naturalization,married,no.schooling,without.disability,local,with.insurance,asian
2018HU0686103,5,1,59303,3,20_29,f,civilian.employed,same.house,i.0.9999,us.born,never,public,without.disability,private.profit,with.insurance,white
2018HU0050258,5,1,4102,3,10_19,m,not.in.labor.force,same.house,i.75000.99999,us.born,never,public,without.disability,not.working,with.insurance,asian
2018HU0483386,5,3,51105,3,30_39,m,civilian.employed,same.house,i.35000.49999,us.born,married,no.schooling,without.disability,local,with.insurance,black
2018HU0589950,5,1,4103,3,20_29,m,civilian.employed,same.house,i.35000.49999,naturalization,married,no.schooling,without.disability,private.profit,with.insurance,black
2018HU0544366,5,3,51090,3,30_39,f,civilian.employed,same.house,i.10000.14999,us.born,married,no.schooling,without.disability,private.profit,with.insurance,white
2018HU0212490,5,1,51245,3,40_49,m,civilian.employed,same.house,i.75000.99999,us.born,married,no.schooling,without.disability,private.profit,with.insurance,white
2018HU1369291,5,1,51085,3,10_19,m,civilian.employed,same.house,i.15000.24999,naturalization,never,public,without.disability,private.profit,with.insurance,asian
2018HU0512410,5,1,1301,3,0_9,m,not.in.labor.force,diff.us.house,i.75000.99999,us.born,never,no.schooling,without.disability,not.working,with.insurance,asian
2018HU0696143,5,5,51045,3,20_29,m,civilian.employed,same.house,i.15000.24999,us.born,never,no.schooling,without.disability,private.profit,without.insurance,white
2018HU1182841,5,1,51105,3,50_59,m,civilian.employed,diff.us.house,i.75000.99999,us.born,divorced,no.schooling,without.disability,federal,with.insurance,white
2018HU1216597,5,4,51244,3,40_49,f,civilian.employed,same.house,i.75000.99999,us.born,married,no.schooling,without.disability,private.profit,with.insurance,white
2018HU1151118,5,1,51110,3,40_49,m,civilian.employed,same.house,i.75000.99999,us.born,married,no.schooling,without.disability,private.profit,with.insurance,black
2018HU0282971,5,1,51255,3,0_9,f,not.in.labor.force,diff.us.house,i.75000.99999,us.born,never,private,without.disability,not.working,with.insurance,two.
2018HU0638561,5,3,51145,3,10_19,m,not.in.labor.force,same.house,i.0.9999,naturalization,never,no.schooling,without.disability,not.working,with.insurance,asian
2018HU0108190,5,2,51246,3,50_59,m,armed.forces,same.house,i.75000.99999,us.born,married,no.schooling,without.disability,federal,with.insurance,white
2018HU0345652,5,1,59303,3,10_19,m,not.in.labor.force,diff.us.house,i.75000.99999,us.born,never,public,without.disability,not.working,with.insurance,asian
2018HU1112572,5,2,51090,3,10_19,f,not.in.labor.force,same.house,i.0.9999,us.born,never,public,without.disability,not.working,with.insurance,asian
2018HU0030626,5,1,51010,3,70_79,f,not.in.labor.force,same.house,i.0.9999,naturalization,married,no.schooling,without.disability,not.working,with.insurance,asian
2018HU0578504,5,1,51135,3,40_49,f,civilian.employed,same.house,i.35000.49999,naturalization,widowed,no.schooling,without.disability,private.profit,with.insurance,white
2018HU1179260,5,4,51115,3,50_59,m,civilian.employed,same.house,i.75000.99999,us.born,married,no.schooling,without.disability,federal,with.insurance,white
2018HU0422014,5,1,51135,3,40_49,m,armed.forces,diff.us.house,i.75000.99999,us.born,married,no.schooling,without.disability,federal,with.insurance,white
2018HU1019891,5,3,51105,3,70_79,f,not.in.labor.force,same.house,i.0.9999,us.born,married,no.schooling,without.disability,not.working,with.insurance,white
2018HU0282653,5,2,51235,3,0_9,m,not.in.labor.force,same.house,i.75000.99999,us.born,never,public,without.disability,not.working,with.insurance,black
2018HU0674572,5,1,51087,3,30_39,m,not.in.labor.force,same.house,i.0.9999,naturalization,never,no.schooling,without.disability,private.profit,with.insurance,asian
2018HU0900713,5,4,51115,3,20_29,f,civilian.employed,diff.us.house,i.65000.74999,naturalization,never,no.schooling,without.disability,private.profit,with.insurance,asian
2018HU0538169,5,4,51095,3,10_19,f,not.in.labor.force,same.house,i.0.9999,us.born,never,public,without.disability,self.employed.no.corp,with.insurance,white
2018HU1254621,5,4,59307,3,40_49,m,civilian.employed,same.house,i.75000.99999,naturalization,never,public,without.disability,federal,with.insurance,asian
2018HU1326604,5,1,51020,3,0_9,f,not.in.labor.force,same.house,i.75000.99999,us.born,never,no.schooling,without.disability,not.working,with.insurance,white
2018HU0769313,5,1,51087,3,10_19,m,civilian.employed,same.house,i.0.9999,us.born,never,private,without.disability,self.employed.no.corp,with.insurance,white
2018HU0912800,5,1,51080,3,60_69,m,not.in.labor.force,same.house,i.0.9999,naturalization,married,no.schooling,without.disability,private.profit,with.insurance,white
2018HU0554105,5,1,51206,3,50_59,m,civilian.employed,same.house,i.75000.99999,us.born,never,no.schooling,without.disability,local,with.insurance,white
2018HU1158566,5,1,51090,3,20_29,f,civilian.employed,same.house,i.75000.99999,us.born,never,no.schooling,without.disability,private.profit,with.insurance,two.
2018HU0950247,5,1,51154,3,30_39,f,civilian.employed,same.house,i.50000.64999,not.citizen,married,no.schooling,without.disability,private.profit,with.insurance,asian
2018HU0880016,5,1,51096,3,0_9,m,not.in.labor.force,same.house,i.75000.99999,us.born,never,public,without.disability,not.working,with.insurance,two.
2018HU0328202,5,1,51080,3,60_69,m,civilian.employed,same.house,i.75000.99999,us.born,married,no.schooling,without.disability,private.profit,with.insurance,white
2018HU1324776,5,4,51080,3,20_29,m,armed.forces,same.house,i.75000.99999,us.born,never,no.schooling,without.disability,federal,with.insurance,black
2018HU1112853,5,2,4103,3,0_9,f,not.in.labor.force,same.house,i.75000.99999,us.born,never,public,without.disability,not.working,with.insurance,white
2018HU1252353,5,1,51125,3,50_59,m,civilian.employed,same.house,i.0.9999,naturalization,married,no.schooling,without.disability,self.employed.no.corp,with.insurance,asian
2018HU1222422,5,2,51095,3,60_69,f,civilian.employed,same.house,i.75000.99999,us.born,married,no.schooling,without.disability,private.profit,with.insurance,white
2018HU0935560,5,4,10701,3,50_59,m,civilian.employed,same.house,i.35000.49999,us.born,married,no.schooling,without.disability,private.profit,with.insurance,white
2018HU1062906,5,1,51135,3,30_39,f,not.in.labor.force,same.house,i.0.9999,us.born,married,no.schooling,without.disability,not.working,with.insurance,white
2018HU0866150,5,1,51096,3,10_19,m,not.in.labor.force,diff.us.house,i.75000.99999,us.born,never,public,without.disability,not.working,with.insurance,white
2018HU0198722,5,3,59305,3,40_49,f,civilian.employed,same.house,i.75000.99999,us.born,never,no.schooling,without.disability,private.profit,with.insurance,white
2018HU0463823,5,1,51145,3,50_59,m,civilian.employed,same.house,i.0.9999,naturalization,married,no.schooling,without.disability,self.employed.no.corp,with.insurance,asian
2018HU1293566,5,1,51145,3,0_9,f,not.in.labor.force,same.house,i.75000.99999,not.citizen,never,public,without.disability,not.working,with.insurance,asian
2018HU0360746,5,3,51246,3,80_89,m,not.in.labor.force,same.house,i.0.9999,us.born,married,no.schooling,with.disability,not.working,with.insurance,white
2018HU0362688,5,1,55002,3,0_9,f,not.in.labor.force,same.house,i.75000.99999,us.born,never,no.schooling,without.disability,not.working,with.insurance,white
2018HU1188954,5,1,51096,3,0_9,f,not.in.labor.force,same.house,i.75000.99999,us.born,never,no.schooling,without.disability,not.working,with.insurance,white
2018HU0117226,5,1,51105,3,40_49,m,civilian.employed,diff.us.house,i.25000.34999,not.citizen,married,no.schooling,without.disability,private.no.profit,without.insurance,white
2018HU0359986,5,2,10701,3,60_69,m,civilian.employed,same.house,i.75000.99999,us.born,married,no.schooling,without.disability,private.profit,with.insurance,white
2018HU0022902,5,1,51020,3,60_69,m,civilian.employed,same.house,i.75000.99999,us.born,married,no.schooling,without.disability,federal,with.insurance,white
2018HU0044620,5,1,51235,3,0_9,m,not.in.labor.force,same.house,i.75000.99999,us.born,never,private,without.disability,not.working,with.insurance,white
2018HU0268893,5,1,51154,3,60_69,m,not.in.labor.force,same.house,i.0.9999,us.born,married,no.schooling,without.disability,self.employed.no.corp,with.insurance,white
2018HU0824486,5,1,51045,3,40_49,m,civilian.employed,same.house,i.35000.49999,naturalization,married,no.schooling,without.disability,self.employed.corp,with.insurance,asian
2018HU0320625,5,2,51045,3,30_39,m,civilian.employed,same.house,i.75000.99999,naturalization,married,no.schooling,without.disability,federal,with.insurance,asian
2018HU0736164,5,4,10701,3,60_69,m,civilian.employed,same.house,i.50000.64999,us.born,married,no.schooling,without.disability,local,with.insurance,white
2018HU0755486,5,1,51235,3,60_69,m,civilian.employed,same.house,i.75000.99999,us.born,married,no.schooling,without.disability,private.profit,with.insurance,white
2018HU1191752,5,3,59302,3,30_39,m,civilian.employed,same.house,i.75000.99999,us.born,married,public,without.disability,federal,without.insurance,white
2018HU0994419,5,1,59303,3,60_69,f,not.in.labor.force,same.house,i.0.9999,us.born,divorced,no.schooling,without.disability,federal,with.insurance,white
2018HU0083835,5,1,51010,3,60_69,f,not.in.labor.force,same.house,i.0.9999,naturalization,divorced,no.schooling,without.disability,federal,with.insurance,white
2018HU1178019,5,1,51087,3,60_69,m,civilian.employed,same.house,i.25000.34999,not.citizen,married,no.schooling,without.disability,self.employed.corp,with.insurance,white
2018HU0145211,5,2,51165,3,40_49,f,civilian.employed,diff.us.house,i.75000.99999,us.born,divorced,no.schooling,without.disability,self.employed.corp,with.insurance,white
2018HU0167676,5,1,59303,3,50_59,f,civilian.employed,same.house,i.25000.34999,naturalization,married,no.schooling,without.disability,private.profit,with.insurance,white
2018HU0442781,5,1,51225,3,70_79,m,not.in.labor.force,same.house,i.0.9999,us.born,married,no.schooling,with.disability,not.working,with.insurance,white
2018HU0897004,5,1,51154,3,80_89,m,not.in.labor.force,same.house,i.0.9999,not.citizen,married,no.schooling,without.disability,not.working,with.insurance,asian
2018HU1216864,5,3,51087,3,60_69,f,not.in.labor.force,same.house,i.0.9999,us.born,married,no.schooling,without.disability,private.profit,with.insurance,other
2018HU1098550,5,2,10701,3,50_59,m,civilian.employed,same.house,i.75000.99999,abroad.born,married,no.schooling,without.disability,private.profit,with.insurance,white
2018HU1376828,5,1,1301,3,50_59,f,civilian.employed,same.house,i.25000.34999,us.born,married,no.schooling,without.disability,private.profit,with.insurance,white
2018HU0072210,5,1,59306,3,50_59,f,civilian.employed,same.house,i.75000.99999,us.born,married,no.schooling,without.disability,federal,with.insurance,white
2018HU1280659,5,3,51045,3,40_49,f,civilian.employed,same.house,i.75000.99999,not.citizen,married,no.schooling,without.disability,private.profit,with.insurance,white
2018HU0078643,5,1,59309,3,30_39,f,not.in.labor.force,diff.us.house,i.0.9999,not.citizen,married,no.schooling,without.disability,not.working,with.insurance,asian
2018HU1399857,5,1,51097,3,40_49,f,civilian.employed,same.house,i.15000.24999,naturalization,married,no.schooling,without.disability,private.profit,with.insurance,asian
2018HU0835674,5,5,51120,3,60_69,f,not.in.labor.force,same.house,i.0.9999,us.born,married,no.schooling,without.disability,not.working,with.insurance,white
2018HU0515787,5,1,51105,3,0_9,m,not.in.labor.force,diff.us.house,i.75000.99999,us.born,never,no.schooling,without.disability,not.working,with.insurance,asian
2018HU0623795,5,1,51045,3,20_29,m,not.in.labor.force,same.house,i.0.9999,not.citizen,never,public,without.disability,not.working,with.insurance,asian
2018HU0110038,5,1,51080,3,30_39,f,not.in.labor.force,same.house,i.0.9999,us.born,married,no.schooling,without.disability,not.working,with.insurance,white
2018HU0168413,5,1,1302,3,70_79,m,not.in.labor.force,same.house,i.0.9999,not.citizen,married,public,with.disability,not.working,with.insurance,white
2018HU0492541,5,1,51105,3,50_59,m,civilian.employed,same.house,i.75000.99999,not.citizen,married,no.schooling,without.disability,private.profit,with.insurance,asian
2018HU0375454,5,1,59309,3,10_19,f,not.in.labor.force,same.house,i.75000.99999,us.born,never,public,without.disability,not.working,with.insurance,asian
2018HU0904528,5,1,51040,3,60_69,f,civilian.employed,same.house,i.15000.24999,naturalization,married,no.schooling,with.disability,private.profit,with.insurance,white
2018HU0736968,5,1,55002,3,10_19,f,not.in.labor.force,same.house,i.0.9999,us.born,never,public,without.disability,local,with.insurance,two.
2018HU1210094,5,1,51010,3,10_19,m,not.in.labor.force,same.house,i.75000.99999,us.born,never,public,without.disability,not.working,with.insurance,white
2018HU1345383,5,3,51084,3,40_49,f,civilian.employed,same.house,i.65000.74999,us.born,never,no.schooling,with.disability,self.employed.corp,with.insurance,white
2018HU0838223,5,2,4103,3,50_59,f,civilian.employed,same.house,i.75000.99999,naturalization,married,no.schooling,without.disability,private.profit,with.insurance,white
2018HU0076564,5,1,51186,3,50_59,m,civilian.employed,same.house,i.75000.99999,us.born,married,no.schooling,without.disability,private.no.profit,with.insurance,white
2018HU0282971,5,1,51255,3,0_9,f,not.in.labor.force,diff.us.house,i.75000.99999,us.born,never,private,without.disability,not.working,with.insurance,two.
2018HU0945760,5,1,51040,3,60_69,f,civilian.employed,same.house,i.75000.99999,us.born,married,no.schooling,without.disability,private.profit,with.insurance,white
2018HU0550316,5,3,51165,3,60_69,m,civilian.employed,same.house,i.75000.99999,us.born,married,no.schooling,without.disability,private.profit,with.insurance,two.
2018HU1134441,5,1,51235,3,30_39,f,civilian.employed,same.house,i.15000.24999,not.citizen,never,no.schooling,without.disability,private.profit,with.insurance,white
2018HU0889768,5,2,59308,3,0_9,f,not.in.labor.force,same.house,i.75000.99999,us.born,never,public,without.disability,not.working,with.insurance,white
2018HU0868396,5,1,51096,3,70_79,m,not.in.labor.force,same.house,i.0.9999,us.born,married,no.schooling,without.disability,not.working,with.insurance,white
2018HU0184356,5,3,51084,3,20_29,f,civilian.employed,same.house,i.25000.34999,abroad.born,never,public,without.disability,private.profit,with.insurance,white
2018HU0382185,5,1,51167,3,60_69,f,not.in.labor.force,same.house,i.0.9999,us.born,never,no.schooling,without.disability,not.working,with.insurance,white
2018HU0953628,5,2,51206,3,10_19,f,not.in.labor.force,same.house,i.0.9999,us.born,never,public,without.disability,not.working,with.insurance,asian
2018HU0042574,5,1,51040,3,50_59,m,civilian.employed,same.house,i.75000.99999,us.born,married,no.schooling,without.disability,state,with.insurance,white
2018HU1303288,5,3,59307,3,10_19,m,not.in.labor.force,same.house,i.75000.99999,us.born,never,public,without.disability,not.working,with.insurance,white
2018HU1184522,5,1,51167,3,10_19,m,not.in.labor.force,same.house,i.75000.99999,us.born,never,public,without.disability,not.working,with.insurance,white
2018HU0316865,5,1,51215,3,40_49,m,civilian.employed,same.house,i.75000.99999,us.born,married,no.schooling,without.disability,local,with.insurance,white
2018HU0428902,5,3,59305,3,10_19,m,not.in.labor.force,same.house,i.75000.99999,us.born,never,public,without.disability,not.working,with.insurance,asian
2018HU1047568,5,1,51235,3,60_69,f,civilian.employed,same.house,i.75000.99999,us.born,married,no.schooling,without.disability,federal,with.insurance,black
2018HU0250570,5,3,51040,3,60_69,f,not.in.labor.force,same.house,i.0.9999,us.born,married,no.schooling,without.disability,not.working,with.insurance,white
2018HU1236738,5,1,51125,3,50_59,m,civilian.employed,same.house,i.75000.99999,naturalization,married,no.schooling,without.disability,private.profit,with.insurance,asian
2018HU1007009,5,2,59307,3,30_39,m,not.in.labor.force,diff.us.house,i.0.9999,naturalization,married,no.schooling,without.disability,private.profit,with.insurance,two.
2018HU0882865,5,1,51095,3,50_59,m,civilian.employed,same.house,i.25000.34999,naturalization,married,no.schooling,without.disability,private.profit,with.insurance,asian
2018HU1237567,5,2,51044,3,30_39,f,not.in.labor.force,diff.us.house,i.0.9999,not.citizen,married,no.schooling,without.disability,not.working,with.insurance,asian
2018HU0487008,5,1,51040,3,50_59,m,civilian.employed,same.house,i.75000.99999,us.born,divorced,no.schooling,without.disability,self.employed.corp,with.insurance,white
2018HU0827183,5,3,51167,3,40_49,f,armed.forces,same.house,i.75000.99999,naturalization,married,no.schooling,without.disability,federal,with.insurance,asian
2018HU0952735,5,2,51164,3,10_19,m,not.in.labor.force,same.house,i.75000.99999,us.born,never,public,without.disability,not.working,with.insurance,two.
2018HU0897004,5,2,51090,3,10_19,m,not.in.labor.force,same.house,i.0.9999,us.born,never,public,without.disability,private.profit,with.insurance,asian
2018HU0466650,5,2,51095,3,0_9,f,not.in.labor.force,same.house,i.75000.99999,us.born,never,public,without.disability,not.working,with.insurance,white
2018HU0671946,5,1,51097,3,40_49,m,civilian.employed,same.house,i.35000.49999,not.citizen,married,no.schooling,without.disability,private.profit,with.insurance,black
2018HU0496242,5,1,51105,3,50_59,f,not.in.labor.force,same.house,i.0.9999,us.born,married,no.schooling,without.disability,not.working,with.insurance,white
2018HU0621425,5,1,51224,3,50_59,m,civilian.employed,same.house,i.50000.64999,us.born,married,no.schooling,without.disability,local,with.insurance,white
2018HU0217656,5,1,51096,3,40_49,m,civilian.employed,diff.us.house,i.65000.74999,us.born,divorced,private,without.disability,private.profit,with.insurance,white
2018HU1309732,5,3,51167,3,60_69,f,not.in.labor.force,same.house,i.0.9999,us.born,divorced,no.schooling,without.disability,private.profit,with.insurance,black
2018HU0919418,5,1,51206,3,40_49,f,civilian.employed,same.house,i.75000.99999,us.born,married,no.schooling,without.disability,federal,with.insurance,white
2018HU0491341,5,2,59307,3,0_9,f,not.in.labor.force,same.house,i.75000.99999,us.born,never,no.schooling,without.disability,not.working,with.insurance,white
2018HU1038583,5,1,59305,3,50_59,m,civilian.employed,same.house,i.75000.99999,us.born,married,no.schooling,without.disability,private.profit,with.insurance,white
2018HU1234900,5,4,55002,3,50_59,m,civilian.employed,diff.us.house,i.0.9999,naturalization,married,no.schooling,without.disability,self.employed.no.corp,without.insurance,asian
2018HU0102470,5,5,51145,3,60_69,m,civilian.employed,same.house,i.75000.99999,puerto.rico.born,married,no.schooling,without.disability,private.profit,with.insurance,white
2018HU0632483,5,1,51010,3,30_39,f,civilian.employed,same.house,i.35000.49999,naturalization,married,no.schooling,without.disability,private.profit,with.insurance,asian
2018HU0857602,5,1,51096,3,30_39,m,civilian.employed,diff.us.house,i.75000.99999,naturalization,married,no.schooling,without.disability,private.profit,with.insurance,asian
2018HU1347065,5,1,51010,3,40_49,m,armed.forces,diff.us.house,i.75000.99999,us.born,married,no.schooling,without.disability,federal,with.insurance,white
2018HU0601358,5,1,51224,3,40_49,f,civilian.employed,same.house,i.75000.99999,us.born,married,no.schooling,without.disability,self.employed.corp,with.insurance,asian
2018HU0269591,5,1,51255,3,10_19,f,not.in.labor.force,diff.us.house,i.75000.99999,us.born,never,public,without.disability,not.working,with.insurance,white
2018HU1255706,5,1,51154,3,0_9,f,not.in.labor.force,diff.us.house,i.75000.99999,us.born,never,no.schooling,without.disability,not.working,with.insurance,white
2018HU0192347,5,1,51097,3,20_29,m,civilian.employed,diff.us.house,i.35000.49999,naturalization,never,no.schooling,with.disability,local,with.insurance,black
2018HU0769558,5,1,51206,3,10_19,f,not.in.labor.force,same.house,i.0.9999,us.born,never,private,without.disability,not.working,with.insurance,white
2018HU0402894,5,4,51120,3,20_29,f,civilian.employed,diff.us.house,i.50000.64999,naturalization,never,no.schooling,without.disability,private.profit,with.insurance,asian
2018HU0287011,5,4,51095,3,30_39,m,civilian.employed,diff.us.house,i.0.9999,us.born,married,no.schooling,without.disability,self.employed.no.corp,with.insurance,two.
2018HU0867634,5,3,55001,3,40_49,m,civilian.employed,same.house,i.35000.49999,not.citizen,divorced,no.schooling,without.disability,private.profit,with.insurance,white
2018HU0980525,5,5,51045,3,40_49,f,civilian.employed,same.house,i.75000.99999,us.born,married,no.schooling,without.disability,private.profit,with.insurance,white
2018HU0872131,5,1,51020,3,50_59,m,civilian.employed,same.house,i.75000.99999,us.born,married,no.schooling,without.disability,private.profit,with.insurance,white
2018HU0443372,5,1,51165,3,40_49,m,civilian.employed,same.house,i.75000.99999,us.born,married,no.schooling,with.disability,local,with.insurance,white
2018HU0129628,5,3,59303,3,40_49,m,civilian.employed,same.house,i.75000.99999,us.born,married,no.schooling,without.disability,private.profit,with.insurance,white
2018HU1244305,5,1,51090,3,20_29,f,civilian.employed,same.house,i.0.9999,naturalization,never,public,without.disability,private.profit,without.insurance,black
2018HU0966781,5,2,51154,3,60_69,f,civilian.employed,same.house,i.75000.99999,naturalization,married,no.schooling,without.disability,federal,with.insurance,white
2018HU0307507,5,1,51010,3,10_19,m,civilian.employed,same.house,i.0.9999,abroad.born,never,public,without.disability,private.profit,without.insurance,white
2018HU1197846,5,1,51090,3,0_9,m,not.in.labor.force,same.house,i.75000.99999,us.born,never,private,without.disability,not.working,with.insurance,white
2018HU0686103,5,1,59303,3,20_29,f,civilian.employed,same.house,i.0.9999,us.born,never,public,without.disability,private.profit,with.insurance,white
2018HU1071090,5,1,59302,3,10_19,f,not.in.labor.force,same.house,i.75000.99999,us.born,never,public,without.disability,not.working,with.insurance,white
2018HU0734661,5,1,51246,3,30_39,f,civilian.employed,same.house,i.75000.99999,naturalization,married,no.schooling,without.disability,private.profit,with.insurance,asian
2018HU0663877,5,1,51090,3,30_39,m,civilian.employed,same.house,i.35000.49999,us.born,never,no.schooling,without.disability,private.profit,without.insurance,white
2018HU0308685,5,1,51246,3,50_59,f,civilian.employed,diff.us.house,i.35000.49999,naturalization,married,no.schooling,without.disability,private.profit,with.insurance,asian
2018HU0852594,5,2,51087,3,50_59,m,not.in.labor.force,same.house,i.50000.64999,not.citizen,married,no.schooling,without.disability,private.no.profit,with.insurance,white
2018HU0071020,5,3,51165,3,60_69,m,civilian.employed,same.house,i.75000.99999,us.born,married,no.schooling,with.disability,federal,with.insurance,white
2018GQ0092180,5,1,51125,3,80_89,m,not.in.labor.force,same.house,i.0.9999,naturalization,widowed,no.schooling,with.disability,not.working,with.insurance,asian
2018HU0995296,5,3,51120,3,10_19,f,not.in.labor.force,same.house,i.75000.99999,us.born,never,public,without.disability,not.working,with.insurance,white
2018HU0517559,5,1,51145,3,50_59,m,civilian.employed,same.house,i.50000.64999,us.born,married,no.schooling,without.disability,local,with.insurance,white
2018HU0601175,5,1,51045,3,70_79,m,not.in.labor.force,same.house,i.0.9999,us.born,married,public,with.disability,not.working,with.insurance,white
2018HU1239753,5,5,51097,3,70_79,f,not.in.labor.force,same.house,i.0.9999,us.born,married,no.schooling,without.disability,not.working,with.insurance,white
2018HU0952563,5,1,51087,3,70_79,m,not.in.labor.force,same.house,i.0.9999,us.born,married,no.schooling,without.disability,not.working,with.insurance,white
2018HU0638268,5,1,51115,3,0_9,m,not.in.labor.force,same.house,i.75000.99999,us.born,never,no.schooling,without.disability,not.working,with.insurance,white
2018HU0530968,5,3,51045,3,30_39,m,civilian.employed,same.house,i.75000.99999,naturalization,married,no.schooling,without.disability,private.profit,with.insurance,asian
2018HU0010020,5,1,51206,3,60_69,m,not.in.labor.force,same.house,i.0.9999,us.born,never,no.schooling,without.disability,not.working,with.insurance,white
2018HU1339122,5,4,59301,3,10_19,m,not.in.labor.force,same.house,i.75000.99999,us.born,never,private,with.disability,not.working,with.insurance,white
2018HU1286265,5,1,1301,3,20_29,f,unemployed,same.house,i.0.9999,us.born,never,public,without.disability,private.profit,with.insurance,white
2018HU0912800,5,1,51080,3,60_69,m,not.in.labor.force,same.house,i.0.9999,naturalization,married,no.schooling,without.disability,private.profit,with.insurance,white
2018HU0160361,5,1,51045,3,30_39,m,civilian.employed,same.house,i.75000.99999,us.born,married,no.schooling,without.disability,federal,with.insurance,white
2018HU0799104,5,1,51010,3,20_29,f,civilian.employed,same.house,i.15000.24999,not.citizen,married,no.schooling,without.disability,private.profit,without.insurance,other
2018HU0741555,5,1,51225,3,50_59,f,civilian.employed,same.house,i.75000.99999,us.born,never,no.schooling,with.disability,private.no.profit,with.insurance,white
2018HU0324360,5,1,59302,3,80_89,m,not.in.labor.force,same.house,i.0.9999,us.born,married,no.schooling,with.disability,not.working,with.insurance,white
2018HU1358618,5,3,59301,3,10_19,m,not.in.labor.force,same.house,i.0.9999,us.born,never,public,without.disability,private.profit,with.insurance,asian
2018HU0530743,5,1,51089,3,0_9,f,not.in.labor.force,same.house,i.75000.99999,us.born,never,public,without.disability,not.working,without.insurance,white
2018HU0997905,5,1,59303,3,60_69,f,civilian.employed,same.house,i.75000.99999,naturalization,married,no.schooling,without.disability,federal,with.insurance,asian
2018HU0581267,5,4,51010,3,20_29,f,civilian.employed,diff.us.house,i.75000.99999,not.citizen,married,no.schooling,without.disability,private.profit,with.insurance,asian
2018HU0902181,5,6,10703,3,40_49,f,civilian.employed,same.house,i.75000.99999,not.citizen,married,no.schooling,without.disability,private.profit,with.insurance,asian
2018HU1195215,5,1,10703,3,10_19,m,not.in.labor.force,same.house,i.75000.99999,us.born,never,public,without.disability,not.working,with.insurance,white
2018HU0780072,5,1,51045,3,70_79,m,not.in.labor.force,diff.us.house,i.0.9999,naturalization,married,no.schooling,without.disability,self.employed.no.corp,with.insurance,white
2018HU0193753,5,1,51175,3,40_49,m,civilian.employed,same.house,i.75000.99999,us.born,married,no.schooling,without.disability,federal,with.insurance,white
2018HU0988418,5,2,55002,3,60_69,m,civilian.employed,same.house,i.75000.99999,naturalization,married,no.schooling,with.disability,private.profit,with.insurance,white
2018HU1203071,5,3,59301,3,70_79,f,civilian.employed,same.house,i.10000.14999,us.born,widowed,no.schooling,without.disability,private.no.profit,with.insurance,white
2018HU0638268,5,2,51145,3,30_39,f,civilian.employed,same.house,i.75000.99999,us.born,married,no.schooling,without.disability,federal,with.insurance,white
2018HU1162466,5,2,59302,3,0_9,f,not.in.labor.force,same.house,i.75000.99999,us.born,never,public,without.disability,not.working,with.insurance,white
2018HU0219722,5,1,51154,3,50_59,m,civilian.employed,same.house,i.75000.99999,us.born,married,no.schooling,without.disability,private.profit,with.insurance,white
2018HU1162416,5,1,51215,3,60_69,f,not.in.labor.force,same.house,i.0.9999,us.born,married,no.schooling,with.disability,private.profit,with.insurance,white
2018HU1224102,5,1,51097,3,70_79,f,civilian.employed,same.house,i.15000.24999,us.born,widowed,no.schooling,without.disability,local,with.insurance,black
2018HU1120065,5,1,51044,3,80_89,m,not.in.labor.force,same.house,i.0.9999,abroad.born,widowed,no.schooling,with.disability,not.working,with.insurance,white
2018HU0842253,5,1,51096,3,0_9,f,not.in.labor.force,same.house,i.75000.99999,us.born,never,public,without.disability,not.working,with.insurance,asian
2018HU0689870,5,1,51154,3,20_29,m,civilian.employed,diff.us.house,i.75000.99999,us.born,married,no.schooling,without.disability,private.profit,with.insurance,white
2018HU0466407,5,1,51255,3,70_79,f,not.in.labor.force,same.house,i.0.9999,naturalization,never,no.schooling,without.disability,not.working,with.insurance,asian
2018HU0388886,5,1,51235,3,50_59,f,civilian.employed,same.house,i.50000.64999,us.born,married,no.schooling,without.disability,self.employed.no.corp,with.insurance,white
2018HU1233344,5,1,51245,3,10_19,f,not.in.labor.force,diff.us.house,i.75000.99999,us.born,never,public,without.disability,not.working,with.insurance,black
2018HU0406160,5,3,1302,3,40_49,m,civilian.employed,same.house,i.0.9999,naturalization,married,no.schooling,without.disability,self.employed.no.corp,with.insurance,white
2018HU0402164,5,2,51087,3,0_9,f,not.in.labor.force,same.house,i.75000.99999,not.citizen,never,no.schooling,without.disability,not.working,with.insurance,white
2018HU0476650,5,2,51165,3,70_79,f,not.in.labor.force,same.house,i.0.9999,us.born,married,no.schooling,without.disability,local,with.insurance,white
2018HU0980525,5,6,51045,3,40_49,m,civilian.employed,same.house,i.75000.99999,us.born,married,no.schooling,without.disability,private.profit,with.insurance,asian
2018HU0302911,5,3,51095,3,0_9,f,not.in.labor.force,same.house,i.75000.99999,us.born,never,no.schooling,without.disability,not.working,with.insurance,black
2018HU0671718,5,4,51010,3,40_49,m,civilian.employed,same.house,i.75000.99999,naturalization,never,no.schooling,without.disability,private.profit,with.insurance,white
2018HU0720906,5,2,51040,3,60_69,f,not.in.labor.force,same.house,i.0.9999,us.born,married,no.schooling,without.disability,not.working,with.insurance,white
2018HU0126563,5,1,51110,3,0_9,m,not.in.labor.force,same.house,i.75000.99999,abroad.born,never,public,without.disability,not.working,with.insurance,asian
2018HU0245535,5,3,51120,3,10_19,m,not.in.labor.force,same.house,i.75000.99999,not.citizen,never,public,without.disability,not.working,with.insurance,white
2018HU0376636,5,1,10701,3,0_9,m,not.in.labor.force,same.house,i.75000.99999,us.born,never,no.schooling,without.disability,not.working,with.insurance,white
2018HU0494358,5,1,51206,3,80_89,m,not.in.labor.force,same.house,i.0.9999,us.born,married,no.schooling,with.disability,not.working,with.insurance,white
2018HU0395712,5,2,59307,3,40_49,m,civilian.employed,same.house,i.50000.64999,us.born,married,public,without.disability,federal,without.insurance,other
2018HU1200033,5,3,51145,3,50_59,m,armed.forces,same.house,i.75000.99999,us.born,married,no.schooling,without.disability,federal,with.insurance,white
2018HU0722807,5,1,51125,3,40_49,m,civilian.employed,same.house,i.75000.99999,us.born,married,no.schooling,without.disability,private.profit,with.insurance,white
2018HU1204720,5,1,51186,3,60_69,m,not.in.labor.force,same.house,i.0.9999,naturalization,married,no.schooling,without.disability,not.working,with.insurance,asian
2018HU0552508,5,2,51010,3,10_19,m,not.in.labor.force,same.house,i.75000.99999,us.born,never,public,without.disability,not.working,with.insurance,white
2018HU0034914,5,3,51215,3,30_39,f,civilian.employed,diff.us.house,i.75000.99999,us.born,never,no.schooling,without.disability,private.profit,with.insurance,white
2018HU0949747,5,3,51040,3,40_49,m,civilian.employed,same.house,i.0.9999,naturalization,married,no.schooling,without.disability,self.employed.no.corp,with.insurance,two.
2018HU0025156,5,1,51045,3,40_49,m,civilian.employed,same.house,i.50000.64999,naturalization,married,no.schooling,without.disability,private.profit,with.insurance,other
2018HU0247375,5,1,51125,3,0_9,m,not.in.labor.force,same.house,i.75000.99999,us.born,never,public,without.disability,not.working,with.insurance,white
2018HU1016842,5,1,51206,3,60_69,m,not.in.labor.force,same.house,i.0.9999,us.born,married,no.schooling,without.disability,not.working,with.insurance,white
2018HU1128864,5,2,4103,3,20_29,m,civilian.employed,same.house,i.35000.49999,not.citizen,never,no.schooling,with.disability,private.profit,with.insurance,asian
2018HU0442111,5,1,51105,3,30_39,m,civilian.employed,same.house,i.75000.99999,naturalization,married,no.schooling,without.disability,private.profit,with.insurance,white
2018HU0224265,5,1,51040,3,60_69,f,not.in.labor.force,same.house,i.0.9999,us.born,married,no.schooling,without.disability,private.profit,with.insurance,white
2018HU1276836,5,1,51095,3,10_19,f,civilian.employed,diff.us.house,i.10000.14999,us.born,never,public,without.disability,private.profit,with.insurance,two.
2018HU0886950,5,1,51096,3,0_9,m,not.in.labor.force,same.house,i.75000.99999,us.born,never,public,without.disability,not.working,with.insurance,white
2018HU0713798,5,1,51175,3,0_9,f,not.in.labor.force,same.house,i.75000.99999,us.born,never,private,without.disability,not.working,with.insurance,white
2018HU1194380,5,2,51085,3,10_19,f,civilian.employed,same.house,i.0.9999,us.born,never,public,without.disability,private.profit,with.insurance,white
2018HU0103524,5,1,51097,3,30_39,m,civilian.employed,same.house,i.15000.24999,us.born,never,public,without.disability,private.profit,with.insurance,white
2018HU0245350,5,2,59308,3,0_9,f,not.in.labor.force,diff.us.house,i.75000.99999,us.born,never,private,without.disability,not.working,with.insurance,white
2018HU0485681,5,2,59309,3,20_29,f,civilian.employed,diff.us.house,i.50000.64999,us.born,never,no.schooling,without.disability,private.profit,with.insurance,white
2018HU0580467,5,2,4101,3,50_59,m,not.in.labor.force,same.house,i.0.9999,us.born,married,no.schooling,without.disability,self.employed.corp,with.insurance,white
2018HU1329836,5,1,4103,3,10_19,m,not.in.labor.force,same.house,i.0.9999,us.born,never,private,without.disability,not.working,with.insurance,white
2018HU0561146,5,1,51167,3,30_39,m,civilian.employed,same.house,i.25000.34999,us.born,married,no.schooling,without.disability,private.no.profit,with.insurance,black
2018HU1084568,5,1,51145,3,60_69,f,not.in.labor.force,same.house,i.0.9999,us.born,married,no.schooling,without.disability,not.working,with.insurance,white
2018GQ0043786,5,1,51135,3,20_29,f,civilian.employed,same.house,i.0.9999,us.born,never,public,without.disability,state,with.insurance,white
2018HU0326543,5,2,51244,3,60_69,m,not.in.labor.force,same.house,i.35000.49999,us.born,married,no.schooling,without.disability,federal,with.insurance,white
2018HU0279705,5,1,55002,3,60_69,f,not.in.labor.force,same.house,i.0.9999,us.born,divorced,no.schooling,without.disability,local,with.insurance,white
2018HU1206635,5,1,51010,3,50_59,f,civilian.employed,same.house,i.65000.74999,us.born,married,no.schooling,without.disability,private.no.profit,with.insurance,two.
2018HU0700391,5,1,51235,3,70_79,m,not.in.labor.force,same.house,i.0.9999,us.born,married,no.schooling,with.disability,not.working,with.insurance,white
2018HU0035835,5,2,51175,3,50_59,m,civilian.employed,same.house,i.75000.99999,us.born,married,no.schooling,without.disability,self.employed.corp,with.insurance,white
2018HU0342563,5,2,55002,3,50_59,f,civilian.employed,same.house,i.10000.14999,naturalization,married,no.schooling,without.disability,private.profit,without.insurance,white
2018HU1241718,5,2,51245,3,30_39,f,not.in.labor.force,same.house,i.0.9999,us.born,married,no.schooling,without.disability,not.working,with.insurance,white
2018HU0341203,5,3,51235,3,30_39,f,civilian.employed,same.house,i.25000.34999,abroad.born,never,no.schooling,without.disability,private.profit,with.insurance,asian
2018HU0152285,5,2,51145,3,60_69,m,not.in.labor.force,same.house,i.0.9999,us.born,never,no.schooling,without.disability,private.profit,with.insurance,white
2018HU1276836,5,1,51095,3,10_19,f,civilian.employed,diff.us.house,i.10000.14999,us.born,never,public,without.disability,private.profit,with.insurance,two.
2018HU1340391,5,1,4101,3,60_69,f,civilian.employed,same.house,i.75000.99999,us.born,divorced,no.schooling,without.disability,private.no.profit,with.insurance,white
2018HU0499546,5,2,51164,3,70_79,m,not.in.labor.force,same.house,i.0.9999,not.citizen,married,no.schooling,without.disability,not.working,without.insurance,white
2018HU1295938,5,3,59303,3,40_49,f,not.in.labor.force,same.house,i.0.9999,naturalization,married,no.schooling,with.disability,not.working,with.insurance,white
2018HU1333608,5,2,59303,3,0_9,f,not.in.labor.force,same.house,i.75000.99999,us.born,never,public,without.disability,not.working,with.insurance,white
2018HU0010602,5,1,51154,3,30_39,m,civilian.employed,same.house,i.65000.74999,naturalization,married,no.schooling,without.disability,private.profit,with.insurance,asian
2018HU1059892,5,2,59308,3,40_49,f,civilian.employed,same.house,i.0.9999,us.born,married,no.schooling,without.disability,self.employed.no.corp,with.insurance,white
2018HU0739158,5,1,51090,3,30_39,m,civilian.employed,same.house,i.0.9999,us.born,married,no.schooling,without.disability,self.employed.no.corp,with.insurance,white
2018HU0820901,5,5,51246,3,70_79,f,not.in.labor.force,same.house,i.0.9999,naturalization,married,no.schooling,without.disability,not.working,with.insurance,white
2018HU0732762,5,1,51235,3,70_79,m,unemployed,same.house,i.25000.34999,us.born,married,no.schooling,with.disability,private.profit,with.insurance,white
2018HU1286347,5,3,51135,3,40_49,f,civilian.employed,same.house,i.65000.74999,naturalization,married,no.schooling,without.disability,private.profit,with.insurance,asian
2018GQ0045785,5,1,51154,3,10_19,f,not.in.labor.force,same.house,i.0.9999,us.born,never,public,without.disability,private.profit,with.insurance,white
2018GQ0148342,5,1,51096,3,20_29,f,not.in.labor.force,same.house,i.0.9999,not.citizen,married,no.schooling,without.disability,not.working,without.insurance,black
2018HU1065367,5,1,51224,3,50_59,f,civilian.employed,same.house,i.15000.24999,us.born,married,no.schooling,without.disability,self.employed.corp,with.insurance,white
2018HU0958942,5,6,51087,3,40_49,f,civilian.employed,same.house,i.75000.99999,us.born,married,public,without.disability,federal,with.insurance,white
2018HU1019629,5,1,51045,3,50_59,m,civilian.employed,same.house,i.75000.99999,us.born,married,no.schooling,without.disability,federal,with.insurance,white
2018HU0863777,5,4,10702,3,20_29,f,civilian.employed,same.house,i.15000.24999,not.citizen,married,no.schooling,without.disability,private.profit,with.insurance,asian
2018HU0314871,5,1,55002,3,50_59,f,not.in.labor.force,same.house,i.15000.24999,not.citizen,widowed,no.schooling,without.disability,private.no.profit,with.insurance,asian
2018HU0793549,5,3,4101,3,30_39,m,civilian.employed,same.house,i.75000.99999,us.born,married,no.schooling,without.disability,private.profit,with.insurance,white
2018HU1062906,5,1,51135,3,30_39,f,not.in.labor.force,same.house,i.0.9999,us.born,married,no.schooling,without.disability,not.working,with.insurance,white
2018HU0515351,5,1,51010,3,70_79,f,not.in.labor.force,same.house,i.0.9999,us.born,divorced,no.schooling,with.disability,not.working,with.insurance,white
2018HU0226473,5,1,51154,3,10_19,m,not.in.labor.force,same.house,i.75000.99999,us.born,never,public,without.disability,not.working,with.insurance,white
2018HU0239602,5,1,51020,3,50_59,f,civilian.employed,same.house,i.75000.99999,us.born,never,no.schooling,without.disability,state,with.insurance,white
2018HU0799379,5,1,51154,3,70_79,f,not.in.labor.force,same.house,i.0.9999,us.born,married,no.schooling,with.disability,private.profit,with.insurance,asian
2018GQ0060731,5,1,55002,3,10_19,m,civilian.employed,same.house,i.0.9999,us.born,never,public,without.disability,private.profit,with.insurance,white
2018HU0532670,5,1,59301,3,30_39,f,not.in.labor.force,diff.us.house,i.0.9999,not.citizen,married,no.schooling,without.disability,not.working,with.insurance,asian
2018HU0595108,5,1,51090,3,30_39,m,civilian.employed,same.house,i.65000.74999,not.citizen,married,no.schooling,without.disability,federal,with.insurance,asian
2018HU1240690,5,1,51125,3,80_89,f,not.in.labor.force,same.house,i.0.9999,us.born,widowed,no.schooling,without.disability,not.working,with.insurance,white
2018HU0851979,5,1,51096,3,10_19,f,not.in.labor.force,same.house,i.75000.99999,us.born,never,public,without.disability,not.working,with.insurance,white
2018HU0755781,5,1,51096,3,10_19,m,not.in.labor.force,same.house,i.0.9999,us.born,never,public,without.disability,not.working,with.insurance,asian
2018HU0984612,5,1,51105,3,50_59,m,not.in.labor.force,same.house,i.0.9999,us.born,widowed,no.schooling,without.disability,state,with.insurance,white
2018HU0827183,5,2,51020,3,10_19,m,civilian.employed,same.house,i.0.9999,us.born,never,public,without.disability,private.profit,with.insurance,two.
2018HU0616110,5,1,51154,3,10_19,m,not.in.labor.force,same.house,i.75000.99999,abroad.born,never,public,without.disability,not.working,with.insurance,asian
2018HU0920400,5,1,59309,3,20_29,m,civilian.employed,same.house,i.0.9999,us.born,never,no.schooling,without.disability,self.employed.no.corp,without.insurance,white
2018HU0653079,5,1,51085,3,40_49,f,unemployed,same.house,i.0.9999,naturalization,married,no.schooling,without.disability,not.working,without.insurance,black
2018HU0007646,5,1,51110,3,40_49,f,civilian.employed,diff.us.house,i.50000.64999,us.born,married,no.schooling,without.disability,private.profit,with.insurance,two.
2018HU0016682,5,1,51010,3,0_9,f,not.in.labor.force,same.house,i.75000.99999,us.born,never,private,without.disability,not.working,with.insurance,white
2018HU0719586,5,1,51040,3,50_59,m,civilian.employed,same.house,i.75000.99999,us.born,married,no.schooling,without.disability,private.profit,with.insurance,white
2018HU0180794,5,1,51110,3,10_19,f,not.in.labor.force,same.house,i.75000.99999,us.born,never,public,without.disability,not.working,with.insurance,white
2018HU1215805,5,1,51235,3,10_19,f,civilian.employed,same.house,i.0.9999,not.citizen,never,public,without.disability,private.profit,with.insurance,other
2018HU0166690,5,3,51164,3,10_19,f,not.in.labor.force,diff.us.house,i.75000.99999,us.born,never,no.schooling,with.disability,not.working,with.insurance,white
2018HU0044172,5,3,59306,3,70_79,f,not.in.labor.force,same.house,i.0.9999,us.born,separated,no.schooling,without.disability,not.working,with.insurance,white
2018HU1293566,5,1,51145,3,0_9,f,not.in.labor.force,same.house,i.75000.99999,not.citizen,never,public,without.disability,not.working,with.insurance,asian
2018HU1086030,5,4,10701,3,20_29,m,unemployed,same.house,i.0.9999,puerto.rico.born,never,no.schooling,without.disability,private.profit,with.insurance,white
2018HU0662419,5,1,51186,3,20_29,m,civilian.employed,same.house,i.35000.49999,us.born,married,private,without.disability,private.no.profit,with.insurance,white
2018HU1364621,5,1,59308,3,10_19,f,not.in.labor.force,same.house,i.75000.99999,us.born,never,public,without.disability,not.working,with.insurance,asian
2018HU0564959,5,1,10703,3,60_69,m,civilian.employed,same.house,i.50000.64999,us.born,married,no.schooling,without.disability,private.profit,with.insurance,white
2018HU0835010,5,2,4103,3,20_29,m,not.in.labor.force,same.house,i.0.9999,puerto.rico.born,never,public,without.disability,private.profit,with.insurance,white
2018HU1166659,5,1,51084,3,0_9,m,not.in.labor.force,same.house,i.75000.99999,us.born,never,public,without.disability,not.working,with.insurance,white
2018HU0206373,5,2,51097,3,40_49,m,civilian.employed,same.house,i.75000.99999,naturalization,married,no.schooling,without.disability,federal,with.insurance,asian
2018HU0620863,5,2,51089,3,30_39,m,civilian.employed,same.house,i.65000.74999,us.born,never,no.schooling,without.disability,private.profit,with.insurance,black
2018HU1252853,5,2,51215,3,0_9,m,not.in.labor.force,same.house,i.75000.99999,us.born,never,public,without.disability,not.working,with.insurance,white
2018HU0209164,5,3,51115,3,0_9,m,not.in.labor.force,same.house,i.75000.99999,us.born,never,no.schooling,without.disability,not.working,with.insurance,black
2018HU0173077,5,1,51120,3,40_49,f,civilian.employed,same.house,i.75000.99999,us.born,married,no.schooling,without.disability,private.profit,with.insurance,white
2018HU0275191,5,1,51154,3,10_19,f,not.in.labor.force,abroad.house,i.75000.99999,us.born,never,public,without.disability,not.working,with.insurance,white
2018HU0260487,5,2,51087,3,20_29,f,unemployed,diff.us.house,i.0.9999,us.born,never,public,without.disability,private.profit,with.insurance,other
2018HU0659160,5,1,51155,3,80_89,f,not.in.labor.force,same.house,i.0.9999,us.born,divorced,no.schooling,without.disability,not.working,with.insurance,white
2018HU0233446,5,1,51246,3,60_69,f,civilian.employed,same.house,i.75000.99999,us.born,widowed,no.schooling,without.disability,local,with.insurance,black
2018HU0954990,5,2,51244,3,10_19,f,not.in.labor.force,same.house,i.75000.99999,us.born,never,public,without.disability,not.working,with.insurance,white
2018HU0521711,5,2,51045,3,0_9,f,not.in.labor.force,diff.us.house,i.75000.99999,abroad.born,never,private,without.disability,not.working,with.insurance,white
2018HU1296093,5,1,51110,3,10_19,m,not.in.labor.force,same.house,i.75000.99999,us.born,never,public,without.disability,not.working,with.insurance,black
2018HU0688279,5,5,51080,3,20_29,f,not.in.labor.force,same.house,i.0.9999,us.born,never,public,without.disability,local,with.insurance,two.
2018HU0334421,5,2,51044,3,50_59,f,unemployed,same.house,i.0.9999,not.citizen,widowed,no.schooling,without.disability,not.working,with.insurance,asian
2018HU0880016,5,1,51110,3,30_39,f,civilian.employed,same.house,i.75000.99999,us.born,married,no.schooling,without.disability,private.no.profit,with.insurance,two.
2018HU0505822,5,1,51040,3,0_9,f,not.in.labor.force,same.house,i.75000.99999,us.born,never,public,without.disability,not.working,with.insurance,other
2018HU1253692,5,1,51105,3,30_39,f,civilian.employed,same.house,i.25000.34999,us.born,never,private,without.disability,private.profit,with.insurance,white
2018HU0793720,5,1,51090,3,30_39,m,civilian.employed,same.house,i.0.9999,us.born,married,no.schooling,without.disability,self.employed.no.corp,with.insurance,white
2018HU1178369,5,3,10702,3,30_39,f,civilian.employed,same.house,i.50000.64999,not.citizen,never,no.schooling,without.disability,private.profit,without.insurance,white
2018HU0704314,5,1,51010,3,0_9,f,not.in.labor.force,diff.us.house,i.75000.99999,us.born,never,public,without.disability,not.working,with.insurance,white
2018HU0542366,5,1,51020,3,0_9,m,not.in.labor.force,same.house,i.75000.99999,us.born,never,public,without.disability,not.working,with.insurance,white
2018HU0074532,5,1,51110,3,60_69,f,civilian.employed,same.house,i.0.9999,us.born,married,no.schooling,without.disability,state,with.insurance,white
2018HU1395868,5,1,51154,3,30_39,f,civilian.employed,same.house,i.50000.64999,naturalization,married,no.schooling,without.disability,private.profit,with.insurance,two.
2018HU0225014,5,1,51235,3,30_39,f,civilian.employed,same.house,i.75000.99999,naturalization,married,no.schooling,without.disability,private.profit,with.insurance,asian
2018HU0368682,5,1,51225,3,60_69,f,civilian.employed,same.house,i.75000.99999,us.born,married,no.schooling,without.disability,local,with.insurance,white
2018HU0740795,5,1,51040,3,30_39,f,civilian.employed,diff.us.house,i.75000.99999,us.born,never,no.schooling,without.disability,private.profit,with.insurance,white
2018HU1369291,5,1,4102,3,60_69,m,civilian.employed,same.house,i.10000.14999,naturalization,married,no.schooling,without.disability,state,with.insurance,asian
2018HU0668408,5,1,51120,3,60_69,m,civilian.employed,same.house,i.35000.49999,naturalization,married,no.schooling,without.disability,private.no.profit,with.insurance,white
2018HU1048851,5,4,51154,3,20_29,f,civilian.employed,same.house,i.50000.64999,us.born,never,no.schooling,without.disability,private.profit,with.insurance,white
2018HU1348283,5,2,59308,3,40_49,m,civilian.employed,same.house,i.0.9999,us.born,divorced,no.schooling,without.disability,private.no.profit,with.insurance,white
2018HU0316865,5,1,51097,3,30_39,f,civilian.employed,same.house,i.75000.99999,us.born,married,no.schooling,without.disability,private.no.profit,with.insurance,white
2018HU0381544,5,2,51087,3,30_39,f,civilian.employed,same.house,i.75000.99999,us.born,never,no.schooling,without.disability,private.no.profit,with.insurance,white
2018HU0430142,5,3,51010,3,30_39,f,armed.forces,diff.us.house,i.65000.74999,us.born,married,no.schooling,without.disability,federal,with.insurance,other
2018HU0484505,5,1,51154,3,40_49,f,civilian.employed,same.house,i.75000.99999,naturalization,married,no.schooling,without.disability,private.profit,with.insurance,white
2018HU0641346,5,1,51154,3,10_19,m,not.in.labor.force,same.house,i.75000.99999,not.citizen,never,public,without.disability,not.working,with.insurance,white
2018HU0170989,5,2,51095,3,40_49,f,civilian.employed,same.house,i.75000.99999,naturalization,married,no.schooling,without.disability,private.profit,with.insurance,asian
2018HU0220426,5,1,51225,3,60_69,f,not.in.labor.force,same.house,i.0.9999,naturalization,never,no.schooling,without.disability,federal,with.insurance,asian
2018HU0257288,5,1,1301,3,0_9,f,not.in.labor.force,same.house,i.75000.99999,us.born,never,private,without.disability,not.working,with.insurance,two.
2018HU0139083,5,1,51154,3,60_69,f,civilian.employed,same.house,i.75000.99999,us.born,married,no.schooling,without.disability,private.profit,with.insurance,white
2018HU0986930,5,1,51246,3,20_29,f,civilian.employed,diff.us.house,i.75000.99999,us.born,never,no.schooling,without.disability,private.profit,with.insurance,black
2018HU0642410,5,3,51120,3,30_39,f,civilian.employed,same.house,i.10000.14999,us.born,married,no.schooling,without.disability,self.employed.corp,with.insurance,white
2018HU0521059,5,1,51235,3,50_59,f,civilian.employed,same.house,i.15000.24999,not.citizen,married,no.schooling,without.disability,private.profit,with.insurance,asian
2018HU0328922,5,2,59301,3,70_79,m,not.in.labor.force,same.house,i.0.9999,not.citizen,married,no.schooling,with.disability,not.working,with.insurance,white
2018HU0394118,5,1,51206,3,60_69,m,civilian.employed,same.house,i.75000.99999,us.born,never,no.schooling,without.disability,federal,with.insurance,white
2018HU0949602,5,1,51020,3,80_89,f,not.in.labor.force,same.house,i.0.9999,us.born,divorced,no.schooling,without.disability,not.working,with.insurance,white
2018HU0283246,5,1,51145,3,10_19,m,not.in.labor.force,diff.us.house,i.75000.99999,us.born,never,private,without.disability,not.working,with.insurance,white
2018HU0380030,5,1,51167,3,10_19,m,not.in.labor.force,same.house,i.75000.99999,abroad.born,never,public,without.disability,not.working,with.insurance,two.
2018HU0741551,5,1,51154,3,40_49,f,civilian.employed,diff.us.house,i.50000.64999,us.born,married,no.schooling,without.disability,federal,with.insurance,white
2018HU0882865,5,2,59301,3,40_49,f,civilian.employed,same.house,i.0.9999,naturalization,never,no.schooling,without.disability,private.profit,with.insurance,asian
2018HU1204720,5,1,10703,3,50_59,f,civilian.employed,same.house,i.10000.14999,naturalization,married,no.schooling,without.disability,private.profit,with.insurance,asian
2018HU0195895,5,3,51245,3,20_29,f,civilian.employed,same.house,i.10000.14999,us.born,never,public,without.disability,private.profit,with.insurance,asian
2018HU1192683,5,1,51040,3,40_49,f,civilian.employed,same.house,i.75000.99999,naturalization,married,no.schooling,without.disability,federal,with.insurance,white
2018HU1131865,5,1,55002,3,30_39,m,civilian.employed,same.house,i.65000.74999,us.born,married,no.schooling,without.disability,local,with.insurance,white
2018HU1334250,5,1,51040,3,60_69,m,civilian.employed,same.house,i.75000.99999,puerto.rico.born,married,no.schooling,without.disability,federal,with.insurance,white
2018HU0531941,5,1,51105,3,50_59,f,civilian.employed,same.house,i.75000.99999,us.born,divorced,no.schooling,without.disability,federal,with.insurance,black
2018HU0506630,5,1,51125,3,40_49,m,civilian.employed,same.house,i.50000.64999,naturalization,never,no.schooling,without.disability,private.profit,without.insurance,white
2018HU0329517,5,1,51095,3,50_59,f,civilian.employed,same.house,i.25000.34999,us.born,married,no.schooling,without.disability,local,with.insurance,white
2018HU1145249,5,7,55002,3,60_69,f,not.in.labor.force,same.house,i.0.9999,naturalization,married,no.schooling,without.disability,not.working,with.insurance,white
2018HU0402164,5,2,51090,3,30_39,f,not.in.labor.force,same.house,i.0.9999,not.citizen,married,no.schooling,without.disability,not.working,with.insurance,white
2018HU0151883,5,4,59303,3,30_39,m,not.in.labor.force,same.house,i.35000.49999,us.born,never,no.schooling,without.disability,private.profit,with.insurance,white
2018HU0610816,5,1,51154,3,10_19,f,not.in.labor.force,diff.us.house,i.75000.99999,not.citizen,never,public,without.disability,not.working,with.insurance,white
2018HU0233561,5,4,51246,3,0_9,f,not.in.labor.force,same.house,i.75000.99999,us.born,never,no.schooling,without.disability,not.working,with.insurance,white
2018HU0550838,5,1,59308,3,50_59,m,civilian.employed,same.house,i.15000.24999,naturalization,married,no.schooling,without.disability,self.employed.corp,with.insurance,asian
2018HU1237976,5,1,51245,3,10_19,f,not.in.labor.force,same.house,i.75000.99999,us.born,never,public,without.disability,not.working,with.insurance,white
2018HU1239317,5,2,51097,3,0_9,m,not.in.labor.force,diff.us.house,i.75000.99999,us.born,never,no.schooling,without.disability,not.working,with.insurance,asian
2018HU1357838,5,4,51206,3,60_69,m,civilian.employed,same.house,i.75000.99999,us.born,married,no.schooling,without.disability,federal,with.insurance,white
2018HU0438166,5,1,51125,3,20_29,m,civilian.employed,same.house,i.15000.24999,us.born,married,no.schooling,without.disability,private.profit,with.insurance,white
2018HU0806194,5,2,51155,3,60_69,f,civilian.employed,same.house,i.75000.99999,us.born,divorced,no.schooling,without.disability,private.profit,with.insurance,white
2018HU1013791,5,2,10701,3,40_49,m,armed.forces,same.house,i.75000.99999,us.born,married,no.schooling,without.disability,federal,with.insurance,white
2018HU0769217,5,1,51154,3,60_69,f,civilian.employed,same.house,i.65000.74999,us.born,never,no.schooling,without.disability,private.no.profit,with.insurance,white
2018HU0226473,5,1,51044,3,30_39,f,civilian.employed,same.house,i.35000.49999,us.born,married,no.schooling,without.disability,private.profit,with.insurance,white
2018HU0411438,5,5,51167,3,10_19,f,not.in.labor.force,same.house,i.0.9999,abroad.born,never,public,without.disability,not.working,with.insurance,two.
2018HU0173077,5,3,51120,3,10_19,f,not.in.labor.force,same.house,i.75000.99999,us.born,never,public,without.disability,not.working,with.insurance,white
2018HU1296093,5,1,51044,3,0_9,f,not.in.labor.force,same.house,i.75000.99999,us.born,never,public,without.disability,not.working,with.insurance,black
2018HU1358618,5,3,59301,3,10_19,m,not.in.labor.force,same.house,i.0.9999,us.born,never,public,without.disability,private.profit,with.insurance,asian
2018HU0018844,5,2,51167,3,20_29,f,civilian.employed,same.house,i.50000.64999,us.born,married,no.schooling,without.disability,private.profit,with.insurance,white
2018HU0253233,5,2,51020,3,20_29,m,civilian.employed,same.house,i.0.9999,us.born,never,public,without.disability,private.profit,without.insurance,white
2018HU1233369,5,1,51096,3,20_29,f,civilian.employed,same.house,i.15000.24999,us.born,never,no.schooling,without.disability,private.profit,with.insurance,white
2018HU0058885,5,1,59301,3,30_39,f,not.in.labor.force,same.house,i.0.9999,us.born,married,no.schooling,with.disability,not.working,with.insurance,white
2018HU0954719,5,1,51097,3,10_19,f,not.in.labor.force,same.house,i.75000.99999,us.born,never,public,without.disability,not.working,with.insurance,white
2018HU1257133,5,2,51010,3,40_49,m,armed.forces,diff.us.house,i.75000.99999,us.born,married,no.schooling,without.disability,federal,with.insurance,white
2018HU0824307,5,1,51215,3,30_39,f,civilian.employed,same.house,i.15000.24999,not.citizen,married,no.schooling,without.disability,federal,with.insurance,black
2018HU1066704,5,2,51120,3,50_59,m,civilian.employed,same.house,i.65000.74999,abroad.born,married,no.schooling,without.disability,private.profit,with.insurance,white
2018HU1183313,5,1,10703,3,50_59,m,civilian.employed,same.house,i.75000.99999,naturalization,married,no.schooling,without.disability,private.profit,with.insurance,white
2018HU0631903,5,2,59304,3,10_19,m,civilian.employed,diff.us.house,i.0.9999,us.born,never,public,without.disability,private.profit,with.insurance,black
2018HU0748540,5,1,51135,3,30_39,m,not.in.labor.force,same.house,i.0.9999,us.born,never,no.schooling,without.disability,not.working,without.insurance,white
2018HU0997738,5,1,51215,3,50_59,f,not.in.labor.force,same.house,i.0.9999,us.born,married,no.schooling,without.disability,not.working,with.insurance,white
2018HU0643917,5,1,51090,3,0_9,m,not.in.labor.force,same.house,i.75000.99999,us.born,never,no.schooling,without.disability,not.working,with.insurance,white
2018HU1005173,5,1,51097,3,40_49,f,civilian.employed,same.house,i.50000.64999,us.born,married,no.schooling,without.disability,private.profit,with.insurance,white
2018HU0587354,5,1,51235,3,10_19,m,not.in.labor.force,same.house,i.0.9999,us.born,never,public,without.disability,private.no.profit,with.insurance,white
2018HU0635276,5,3,51105,3,30_39,m,civilian.employed,same.house,i.75000.99999,us.born,married,no.schooling,without.disability,federal,with.insurance,white
2018HU1347915,5,1,59303,3,60_69,m,civilian.employed,same.house,i.10000.14999,us.born,never,no.schooling,without.disability,private.profit,with.insurance,white
2018HU1246398,5,3,51120,3,20_29,f,civilian.employed,same.house,i.15000.24999,us.born,never,public,without.disability,private.profit,without.insurance,white
2018HU0183091,5,1,51010,3,30_39,f,civilian.employed,diff.us.house,i.15000.24999,us.born,never,public,without.disability,private.profit,with.insurance,black
2018HU0169213,5,2,51120,3,40_49,f,unemployed,same.house,i.75000.99999,us.born,married,no.schooling,without.disability,private.profit,with.insurance,white
2018HU0950398,5,1,4101,3,40_49,f,civilian.employed,same.house,i.65000.74999,naturalization,married,no.schooling,without.disability,federal,with.insurance,asian
2018HU1091501,5,2,51186,3,20_29,m,civilian.employed,diff.us.house,i.0.9999,us.born,married,no.schooling,without.disability,private.profit,with.insurance,white
2018GQ0040678,5,1,51125,3,60_69,m,not.in.labor.force,same.house,i.0.9999,us.born,never,no.schooling,without.disability,not.working,with.insurance,black
2018HU1364747,5,1,59306,3,30_39,f,civilian.employed,same.house,i.75000.99999,us.born,married,public,without.disability,private.profit,with.insurance,white
2018HU0368555,5,2,51155,3,30_39,m,civilian.employed,diff.us.house,i.75000.99999,us.born,married,no.schooling,without.disability,private.no.profit,with.insurance,white
2018HU0096047,5,1,59304,3,60_69,m,civilian.employed,same.house,i.75000.99999,us.born,married,no.schooling,without.disability,private.profit,with.insurance,white
2018HU0069851,5,2,51040,3,50_59,f,civilian.employed,same.house,i.35000.49999,us.born,married,no.schooling,without.disability,private.no.profit,with.insurance,white
2018HU0816255,5,1,51186,3,10_19,m,not.in.labor.force,same.house,i.75000.99999,us.born,never,public,without.disability,not.working,with.insurance,white
2018HU1091501,5,2,51186,3,20_29,m,civilian.employed,diff.us.house,i.0.9999,us.born,married,no.schooling,without.disability,private.profit,with.insurance,white
2018HU0830260,5,3,51245,3,0_9,f,not.in.labor.force,same.house,i.75000.99999,us.born,never,public,without.disability,not.working,with.insurance,white
2018HU0642410,5,3,51120,3,30_39,f,civilian.employed,same.house,i.10000.14999,us.born,married,no.schooling,without.disability,self.employed.corp,with.insurance,white
2018HU0409989,5,1,51235,3,10_19,m,not.in.labor.force,diff.us.house,i.0.9999,abroad.born,never,public,without.disability,not.working,with.insurance,two.
2018HU1020098,5,1,59303,3,0_9,f,not.in.labor.force,same.house,i.75000.99999,us.born,never,private,without.disability,not.working,with.insurance,white
2018HU1223164,5,1,51096,3,70_79,f,not.in.labor.force,same.house,i.0.9999,abroad.born,married,no.schooling,without.disability,private.profit,with.insurance,asian
2018HU0274323,5,1,51010,3,0_9,f,not.in.labor.force,same.house,i.75000.99999,us.born,never,no.schooling,without.disability,not.working,without.insurance,white
2018HU0712873,5,1,51040,3,80_89,m,not.in.labor.force,same.house,i.0.9999,us.born,married,no.schooling,with.disability,not.working,with.insurance,white
2018HU1383461,5,4,51235,3,30_39,m,civilian.employed,same.house,i.75000.99999,us.born,married,public,without.disability,private.profit,with.insurance,white
2018HU0215324,5,1,59307,3,30_39,f,civilian.employed,diff.us.house,i.75000.99999,us.born,married,no.schooling,without.disability,private.no.profit,with.insurance,white
2018HU0204789,5,1,51096,3,0_9,m,not.in.labor.force,same.house,i.75000.99999,us.born,never,public,without.disability,not.working,with.insurance,white
2018HU0899065,5,3,59308,3,60_69,f,civilian.employed,same.house,i.75000.99999,us.born,never,no.schooling,without.disability,federal,with.insurance,black
2018HU0592086,5,2,51215,3,80_89,m,not.in.labor.force,same.house,i.0.9999,us.born,widowed,no.schooling,with.disability,not.working,with.insurance,white
2018HU0822080,5,1,51044,3,50_59,f,civilian.employed,same.house,i.35000.49999,naturalization,married,no.schooling,without.disability,private.profit,with.insurance,asian
2018HU1187188,5,1,51135,3,70_79,f,not.in.labor.force,same.house,i.0.9999,us.born,widowed,no.schooling,without.disability,local,with.insurance,white
2018HU0955203,5,1,59303,3,20_29,f,civilian.employed,same.house,i.0.9999,us.born,never,no.schooling,without.disability,self.employed.no.corp,without.insurance,white
2018HU0416716,5,2,51045,3,70_79,f,not.in.labor.force,same.house,i.0.9999,naturalization,married,public,without.disability,not.working,with.insurance,asian
2018HU0932063,5,2,55002,3,70_79,f,not.in.labor.force,same.house,i.0.9999,us.born,married,no.schooling,without.disability,not.working,with.insurance,white
2018HU0731753,5,1,51206,3,0_9,m,not.in.labor.force,same.house,i.75000.99999,us.born,never,no.schooling,without.disability,not.working,with.insurance,white
2018HU0123676,5,1,51090,3,60_69,f,not.in.labor.force,same.house,i.0.9999,us.born,widowed,no.schooling,without.disability,local,with.insurance,white
2018HU0108649,5,1,51215,3,50_59,m,civilian.employed,same.house,i.75000.99999,us.born,never,no.schooling,without.disability,private.profit,with.insurance,white
2018HU0889768,5,3,51165,3,20_29,f,civilian.employed,same.house,i.10000.14999,not.citizen,never,private,without.disability,private.profit,with.insurance,white
2018HU0183091,5,1,51135,3,70_79,f,not.in.labor.force,same.house,i.0.9999,us.born,widowed,no.schooling,without.disability,not.working,with.insurance,black
2018HU0102470,5,1,51224,3,50_59,f,civilian.employed,same.house,i.10000.14999,puerto.rico.born,married,no.schooling,without.disability,local,with.insurance,white
2018HU1065644,5,6,51020,3,60_69,f,civilian.employed,same.house,i.75000.99999,us.born,married,no.schooling,without.disability,private.no.profit,with.insurance,white
2018HU0724870,5,1,51225,3,50_59,m,civilian.employed,same.house,i.75000.99999,us.born,married,no.schooling,without.disability,private.no.profit,with.insurance,white
2018HU0118521,5,1,4101,3,50_59,m,unemployed,same.house,i.35000.49999,not.citizen,married,private,without.disability,private.profit,with.insurance,black
2018HU0871805,5,1,51087,3,70_79,f,not.in.labor.force,same.house,i.0.9999,naturalization,married,no.schooling,without.disability,not.working,with.insurance,white
2018HU1300989,5,1,51154,3,70_79,f,civilian.employed,same.house,i.15000.24999,us.born,married,no.schooling,without.disability,private.profit,with.insurance,white
2018HU0134662,5,2,51167,3,30_39,f,civilian.employed,same.house,i.75000.99999,us.born,married,no.schooling,without.disability,federal,with.insurance,asian
2018HU1233031,5,1,51110,3,20_29,m,civilian.employed,same.house,i.0.9999,us.born,never,no.schooling,with.disability,private.no.profit,with.insurance,white
2018HU0738798,5,1,55002,3,30_39,m,civilian.employed,same.house,i.75000.99999,naturalization,married,no.schooling,without.disability,self.employed.corp,with.insurance,asian
2018HU0260599,5,1,59303,3,70_79,f,not.in.labor.force,same.house,i.0.9999,us.born,married,no.schooling,without.disability,private.profit,with.insurance,white
2018HU0358915,5,1,51154,3,60_69,f,civilian.employed,diff.us.house,i.0.9999,us.born,married,no.schooling,without.disability,private.profit,with.insurance,asian
2018HU0472268,5,1,51096,3,0_9,f,not.in.labor.force,same.house,i.75000.99999,us.born,never,public,without.disability,not.working,with.insurance,two.
2018HU0984264,5,1,51154,3,80_89,f,not.in.labor.force,same.house,i.0.9999,us.born,never,no.schooling,without.disability,not.working,with.insurance,white
2018HU0285152,5,1,51244,3,30_39,m,civilian.employed,same.house,i.75000.99999,naturalization,married,no.schooling,without.disability,private.profit,with.insurance,asian
2018HU1201844,5,5,51120,3,40_49,f,not.in.labor.force,same.house,i.0.9999,us.born,married,no.schooling,without.disability,not.working,with.insurance,white
2018HU0389679,5,2,51167,3,50_59,m,civilian.employed,same.house,i.0.9999,us.born,married,no.schooling,without.disability,self.employed.no.corp,with.insurance,white
2018HU1073361,5,4,51087,3,50_59,f,civilian.employed,same.house,i.75000.99999,us.born,married,no.schooling,without.disability,federal,with.insurance,white
2018HU0439161,5,1,59303,3,50_59,f,civilian.employed,same.house,i.25000.34999,naturalization,married,no.schooling,without.disability,self.employed.corp,with.insurance,white
2018HU1361945,5,1,51085,3,40_49,m,civilian.employed,same.house,i.75000.99999,us.born,married,no.schooling,without.disability,private.profit,with.insurance,asian
2018HU0546168,5,1,51154,3,10_19,m,not.in.labor.force,same.house,i.75000.99999,us.born,never,public,without.disability,not.working,with.insurance,white
2018HU0118928,5,5,51045,3,10_19,m,not.in.labor.force,same.house,i.75000.99999,us.born,never,private,with.disability,not.working,with.insurance,white
2018HU0174930,5,2,10703,3,80_89,m,not.in.labor.force,same.house,i.0.9999,us.born,married,no.schooling,with.disability,not.working,with.insurance,white
2018HU1381646,5,2,51235,3,40_49,f,civilian.employed,same.house,i.75000.99999,us.born,never,public,without.disability,private.profit,with.insurance,white
2018HU1240378,5,1,59308,3,0_9,f,not.in.labor.force,same.house,i.75000.99999,us.born,never,public,without.disability,not.working,with.insurance,white
2018HU0187609,5,1,10701,3,50_59,m,civilian.employed,same.house,i.75000.99999,naturalization,married,no.schooling,without.disability,private.profit,with.insurance,white
2018HU1239753,5,5,51097,3,70_79,f,not.in.labor.force,same.house,i.0.9999,us.born,married,no.schooling,without.disability,not.working,with.insurance,white
2018HU0624004,5,2,51154,3,10_19,f,civilian.employed,same.house,i.0.9999,us.born,never,public,with.disability,private.profit,with.insurance,white
2018HU1027772,5,2,51165,3,20_29,m,civilian.employed,same.house,i.35000.49999,us.born,never,no.schooling,without.disability,private.profit,with.insurance,white
2018HU0043244,5,1,51096,3,0_9,m,not.in.labor.force,diff.us.house,i.75000.99999,us.born,never,public,without.disability,not.working,with.insurance,other
2018HU0606536,5,2,51010,3,20_29,m,civilian.employed,same.house,i.15000.24999,not.citizen,never,no.schooling,without.disability,private.profit,without.insurance,other
2018HU0279705,5,1,55002,3,60_69,f,not.in.labor.force,same.house,i.0.9999,us.born,divorced,no.schooling,without.disability,local,with.insurance,white
2018HU0987678,5,3,51224,3,10_19,m,not.in.labor.force,same.house,i.75000.99999,us.born,never,public,without.disability,not.working,with.insurance,white
2018HU1246479,5,1,51206,3,70_79,m,not.in.labor.force,same.house,i.0.9999,us.born,divorced,no.schooling,without.disability,not.working,with.insurance,white
2018HU0702157,5,2,51020,3,50_59,m,not.in.labor.force,same.house,i.0.9999,us.born,divorced,no.schooling,without.disability,not.working,with.insurance,white
2018HU0481488,5,1,51215,3,50_59,f,civilian.employed,same.house,i.75000.99999,abroad.born,married,no.schooling,without.disability,private.profit,with.insurance,white
2018HU0988295,5,2,51090,3,30_39,m,civilian.employed,same.house,i.0.9999,us.born,married,no.schooling,without.disability,self.employed.no.corp,with.insurance,white
2018HU0308943,5,1,51045,3,30_39,f,civilian.employed,same.house,i.65000.74999,us.born,never,no.schooling,without.disability,private.profit,with.insurance,white
2018HU1115348,5,2,1302,3,40_49,m,civilian.employed,same.house,i.75000.99999,us.born,married,no.schooling,without.disability,private.no.profit,with.insurance,white
2018HU0211565,5,1,51096,3,30_39,f,not.in.labor.force,same.house,i.0.9999,not.citizen,married,no.schooling,without.disability,not.working,with.insurance,asian
2018HU0671923,5,1,51020,3,0_9,m,not.in.labor.force,same.house,i.75000.99999,us.born,never,public,without.disability,not.working,with.insurance,two.
2018HU1102790,5,2,51097,3,10_19,f,not.in.labor.force,same.house,i.0.9999,us.born,never,public,without.disability,not.working,with.insurance,other
2018HU0988145,5,3,10701,3,50_59,m,civilian.employed,same.house,i.65000.74999,us.born,married,no.schooling,without.disability,private.no.profit,with.insurance,white
2018HU0909700,5,1,51154,3,50_59,f,civilian.employed,same.house,i.50000.64999,us.born,married,no.schooling,without.disability,private.no.profit,with.insurance,white
2018HU0587354,5,1,51235,3,10_19,m,not.in.labor.force,same.house,i.0.9999,us.born,never,public,without.disability,private.no.profit,with.insurance,white
2018HU1084091,5,1,51235,3,30_39,m,civilian.employed,diff.us.house,i.75000.99999,not.citizen,married,no.schooling,without.disability,private.profit,with.insurance,asian
2018HU1073968,5,2,51080,3,40_49,f,civilian.employed,same.house,i.75000.99999,us.born,never,no.schooling,without.disability,private.profit,with.insurance,white
2018HU0923596,5,5,51096,3,70_79,f,not.in.labor.force,same.house,i.0.9999,naturalization,married,no.schooling,without.disability,state,with.insurance,asian
2018HU1231422,5,1,51010,3,30_39,m,civilian.employed,same.house,i.0.9999,not.citizen,married,no.schooling,without.disability,self.employed.no.corp,with.insurance,black
2018HU0222196,5,2,51045,3,60_69,m,civilian.employed,same.house,i.75000.99999,us.born,married,no.schooling,without.disability,federal,with.insurance,white
2018HU0883908,5,1,51097,3,10_19,m,not.in.labor.force,same.house,i.0.9999,us.born,never,public,without.disability,private.profit,with.insurance,white
2018HU0495725,5,1,59302,3,30_39,m,civilian.employed,same.house,i.75000.99999,abroad.born,married,no.schooling,without.disability,private.profit,with.insurance,white
2018HU1077430,5,1,51105,3,50_59,m,civilian.employed,same.house,i.25000.34999,us.born,divorced,no.schooling,with.disability,private.profit,with.insurance,black
2018HU0373881,5,3,10701,3,20_29,m,civilian.employed,same.house,i.35000.49999,us.born,never,public,without.disability,private.profit,with.insurance,white
2018HU0112855,5,1,51135,3,60_69,m,civilian.employed,same.house,i.75000.99999,us.born,married,no.schooling,without.disability,federal,with.insurance,white
2018HU0552508,5,1,51010,3,10_19,m,not.in.labor.force,same.house,i.75000.99999,us.born,never,public,without.disability,not.working,with.insurance,white
2018HU1326598,5,1,59306,3,10_19,m,not.in.labor.force,same.house,i.75000.99999,us.born,never,public,without.disability,not.working,with.insurance,asian
2018HU0820617,5,1,51206,3,10_19,m,not.in.labor.force,same.house,i.75000.99999,us.born,never,public,without.disability,not.working,with.insurance,white
2018HU1395868,5,1,51154,3,30_39,f,civilian.employed,same.house,i.50000.64999,naturalization,married,no.schooling,without.disability,private.profit,with.insurance,two.
2018HU1152032,5,1,51120,3,50_59,m,civilian.employed,same.house,i.50000.64999,not.citizen,married,no.schooling,without.disability,private.profit,with.insurance,other
2018HU0642828,5,1,55002,3,50_59,f,civilian.employed,diff.us.house,i.75000.99999,us.born,married,no.schooling,without.disability,federal,with.insurance,white
2018HU0156229,5,5,55001,3,50_59,f,civilian.employed,same.house,i.75000.99999,us.born,divorced,no.schooling,without.disability,federal,with.insurance,white
2018HU1029747,5,4,51087,3,20_29,m,civilian.employed,same.house,i.35000.49999,us.born,married,no.schooling,without.disability,private.no.profit,with.insurance,white
2018HU0060820,5,2,51175,3,0_9,m,not.in.labor.force,same.house,i.75000.99999,us.born,never,no.schooling,without.disability,not.working,with.insurance,white
2018HU1230259,5,1,55002,3,60_69,f,civilian.employed,same.house,i.75000.99999,us.born,widowed,no.schooling,without.disability,local,with.insurance,white
2018HU0770917,5,1,1301,3,10_19,m,not.in.labor.force,same.house,i.75000.99999,us.born,never,public,without.disability,not.working,with.insurance,white
2018HU1371452,5,1,51175,3,0_9,m,not.in.labor.force,same.house,i.75000.99999,us.born,never,no.schooling,without.disability,not.working,with.insurance,two.
2018HU0712103,5,1,51235,3,30_39,f,civilian.employed,same.house,i.75000.99999,us.born,married,no.schooling,without.disability,self.employed.corp,with.insurance,white
2018HU1094167,5,2,51096,3,30_39,m,civilian.employed,same.house,i.0.9999,us.born,married,public,without.disability,self.employed.no.corp,with.insurance,asian
2018HU1173868,5,3,51135,3,10_19,f,not.in.labor.force,same.house,i.75000.99999,us.born,never,public,without.disability,not.working,with.insurance,asian
2018HU1183108,5,2,51235,3,50_59,m,civilian.employed,same.house,i.75000.99999,us.born,married,no.schooling,without.disability,private.no.profit,with.insurance,white
2018HU1011639,5,1,51206,3,60_69,f,civilian.employed,same.house,i.75000.99999,us.born,never,no.schooling,without.disability,private.no.profit,with.insurance,white
2018HU1012866,5,1,51155,3,50_59,f,civilian.employed,same.house,i.75000.99999,us.born,married,no.schooling,without.disability,state,with.insurance,white
2018HU0579257,5,1,1302,3,10_19,f,not.in.labor.force,diff.us.house,i.0.9999,us.born,never,private,without.disability,not.working,with.insurance,white
2018HU1005021,5,1,59309,3,70_79,f,not.in.labor.force,same.house,i.0.9999,us.born,married,no.schooling,without.disability,not.working,with.insurance,white
2018HU0922436,5,1,51010,3,10_19,m,not.in.labor.force,same.house,i.75000.99999,us.born,never,public,without.disability,not.working,with.insurance,other
2018HU0314351,5,1,51186,3,30_39,m,civilian.employed,same.house,i.75000.99999,naturalization,never,private,without.disability,private.profit,with.insurance,asian
2018HU0544366,5,5,51090,3,0_9,m,not.in.labor.force,same.house,i.75000.99999,us.born,never,public,without.disability,not.working,with.insurance,white
2018HU0820272,5,2,51087,3,40_49,f,civilian.employed,diff.us.house,i.0.9999,us.born,married,no.schooling,without.disability,self.employed.no.corp,with.insurance,white
2018HU1369291,5,2,4102,3,50_59,f,not.in.labor.force,same.house,i.0.9999,naturalization,married,no.schooling,without.disability,not.working,with.insurance,asian
2018HU0471823,5,1,51145,3,60_69,m,not.in.labor.force,same.house,i.0.9999,us.born,married,no.schooling,without.disability,self.employed.corp,with.insurance,white
2018HU0650297,5,4,59302,3,30_39,f,not.in.labor.force,diff.us.house,i.0.9999,us.born,married,private,without.disability,private.profit,with.insurance,white
2018HU0317519,5,1,51097,3,30_39,f,civilian.employed,same.house,i.75000.99999,us.born,never,no.schooling,without.disability,private.profit,with.insurance,two.
2018HU0298824,5,1,51097,3,0_9,m,not.in.labor.force,same.house,i.75000.99999,us.born,never,no.schooling,without.disability,not.working,with.insurance,black
2018HU0359986,5,2,10701,3,60_69,m,civilian.employed,same.house,i.75000.99999,us.born,married,no.schooling,without.disability,private.profit,with.insurance,white
2018HU1194943,5,2,51115,3,40_49,m,civilian.employed,same.house,i.75000.99999,naturalization,married,no.schooling,without.disability,private.no.profit,with.insurance,white
2018HU0341203,5,1,51235,3,20_29,f,civilian.employed,same.house,i.35000.49999,naturalization,married,public,without.disability,private.profit,with.insurance,asian
2018HU0661424,5,2,51120,3,0_9,m,not.in.labor.force,same.house,i.75000.99999,us.born,never,no.schooling,without.disability,not.working,with.insurance,asian
2018HU1361262,5,3,51105,3,30_39,m,civilian.employed,same.house,i.35000.49999,us.born,married,no.schooling,without.disability,local,with.insurance,asian
2018HU0770905,5,1,51045,3,60_69,m,not.in.labor.force,same.house,i.0.9999,us.born,married,no.schooling,without.disability,private.profit,with.insurance,white
2018HU0816668,5,2,51246,3,10_19,f,civilian.employed,same.house,i.0.9999,us.born,never,public,without.disability,private.profit,with.insurance,asian
2018HU1011803,5,3,51186,3,40_49,f,not.in.labor.force,same.house,i.0.9999,naturalization,married,no.schooling,without.disability,not.working,without.insurance,asian
2018HU0799379,5,1,51154,3,70_79,f,not.in.labor.force,same.house,i.0.9999,us.born,married,no.schooling,with.disability,private.profit,with.insurance,asian
2018HU0140702,5,1,51186,3,40_49,f,civilian.employed,same.house,i.75000.99999,naturalization,married,no.schooling,without.disability,private.no.profit,with.insurance,white
2018HU1093997,5,1,51246,3,70_79,f,not.in.labor.force,same.house,i.0.9999,naturalization,widowed,no.schooling,without.disability,not.working,with.insurance,asian
2018HU0453393,5,2,51135,3,60_69,m,civilian.employed,same.house,i.75000.99999,us.born,never,no.schooling,without.disability,federal,with.insurance,white
2018HU1362191,5,1,51154,3,0_9,m,not.in.labor.force,same.house,i.75000.99999,us.born,never,public,with.disability,not.working,with.insurance,white
2018HU0888175,5,1,51105,3,0_9,f,not.in.labor.force,same.house,i.75000.99999,abroad.born,never,public,without.disability,not.working,with.insurance,white
2018HU0460301,5,1,10702,3,30_39,m,civilian.employed,same.house,i.75000.99999,us.born,married,no.schooling,without.disability,private.profit,with.insurance,white
2018HU1165005,5,1,51125,3,10_19,m,civilian.employed,same.house,i.0.9999,us.born,never,public,without.disability,private.profit,with.insurance,white
2018HU1348283,5,2,59308,3,40_49,m,civilian.employed,same.house,i.0.9999,us.born,divorced,no.schooling,without.disability,private.no.profit,with.insurance,white
2018HU0716702,5,1,55002,3,70_79,f,not.in.labor.force,same.house,i.0.9999,naturalization,widowed,no.schooling,without.disability,not.working,with.insurance,white
2018HU0429468,5,2,51010,3,20_29,m,not.in.labor.force,same.house,i.0.9999,us.born,never,public,with.disability,not.working,with.insurance,white
2018HU0896514,5,1,51245,3,20_29,m,civilian.employed,same.house,i.15000.24999,us.born,never,no.schooling,without.disability,private.profit,with.insurance,white
2018HU1343650,5,2,51154,3,0_9,m,not.in.labor.force,same.house,i.75000.99999,us.born,never,no.schooling,without.disability,not.working,with.insurance,white
2018HU1133578,5,1,51135,3,50_59,f,not.in.labor.force,same.house,i.0.9999,us.born,married,no.schooling,without.disability,not.working,with.insurance,white
2018HU1240710,5,3,59308,3,60_69,f,not.in.labor.force,same.house,i.0.9999,us.born,never,no.schooling,without.disability,not.working,with.insurance,white
2018HU0827829,5,1,4101,3,30_39,m,civilian.employed,abroad.house,i.75000.99999,not.citizen,married,no.schooling,without.disability,federal,with.insurance,white
2018HU0053086,5,1,51235,3,30_39,m,unemployed,same.house,i.0.9999,us.born,never,no.schooling,without.disability,private.profit,without.insurance,white
2018HU0979797,5,1,51244,3,80_89,m,not.in.labor.force,same.house,i.0.9999,us.born,married,no.schooling,without.disability,not.working,with.insurance,white
2018HU0425077,5,1,51255,3,40_49,f,not.in.labor.force,diff.us.house,i.0.9999,us.born,married,no.schooling,without.disability,private.profit,with.insurance,white
2018HU0887557,5,3,51095,3,40_49,f,civilian.employed,same.house,i.75000.99999,us.born,married,no.schooling,without.disability,private.profit,with.insurance,white
2018HU1136772,5,1,51235,3,10_19,f,civilian.employed,same.house,i.0.9999,us.born,never,public,without.disability,private.profit,with.insurance,white
2018HU0336685,5,4,4102,3,20_29,m,civilian.employed,same.house,i.0.9999,us.born,never,public,without.disability,private.profit,with.insurance,two.
2018HU0830563,5,1,4101,3,20_29,m,civilian.employed,same.house,i.15000.24999,not.citizen,never,no.schooling,without.disability,private.profit,with.insurance,asian
2018HU0842253,5,1,51045,3,50_59,f,civilian.employed,same.house,i.35000.49999,naturalization,divorced,no.schooling,without.disability,private.profit,with.insurance,asian
2018HU1054568,5,2,51225,3,30_39,f,civilian.employed,diff.us.house,i.75000.99999,us.born,married,no.schooling,without.disability,private.profit,with.insurance,white
2018HU1258821,5,1,51135,3,10_19,m,not.in.labor.force,same.house,i.75000.99999,us.born,never,private,without.disability,not.working,with.insurance,white
2018HU0192256,5,1,51175,3,30_39,m,civilian.employed,diff.us.house,i.75000.99999,us.born,married,no.schooling,without.disability,private.profit,with.insurance,white
2018HU0911624,5,2,51084,3,30_39,m,civilian.employed,diff.us.house,i.35000.49999,us.born,married,public,without.disability,private.profit,with.insurance,white
2018HU1162792,5,1,51110,3,30_39,f,civilian.employed,same.house,i.0.9999,naturalization,married,public,without.disability,private.no.profit,with.insurance,other
2018HU0617554,5,1,51164,3,70_79,m,civilian.employed,same.house,i.75000.99999,us.born,married,no.schooling,without.disability,self.employed.corp,with.insurance,white
2018HU0961795,5,3,51175,3,20_29,f,civilian.employed,same.house,i.0.9999,us.born,never,public,without.disability,local,with.insurance,white
2018HU1184644,5,1,51145,3,60_69,m,civilian.employed,same.house,i.0.9999,naturalization,married,no.schooling,without.disability,self.employed.no.corp,with.insurance,asian
2018HU0572864,5,1,51154,3,10_19,m,not.in.labor.force,same.house,i.75000.99999,us.born,never,public,without.disability,not.working,with.insurance,white
2018HU0631367,5,1,51154,3,60_69,m,not.in.labor.force,same.house,i.0.9999,us.born,married,no.schooling,without.disability,not.working,with.insurance,black
2018HU1306474,5,1,51040,3,30_39,f,civilian.employed,same.house,i.75000.99999,us.born,divorced,no.schooling,with.disability,federal,with.insurance,white
2018HU0167249,5,1,51235,3,40_49,f,civilian.employed,same.house,i.65000.74999,us.born,never,no.schooling,without.disability,private.profit,with.insurance,asian
2018HU0976435,5,1,4101,3,70_79,f,not.in.labor.force,same.house,i.0.9999,us.born,never,no.schooling,without.disability,not.working,with.insurance,white
2018HU0561376,5,4,51154,3,60_69,f,civilian.employed,same.house,i.75000.99999,us.born,married,no.schooling,without.disability,private.profit,with.insurance,white
2018HU0883908,5,5,51097,3,10_19,f,not.in.labor.force,same.house,i.0.9999,us.born,never,public,without.disability,not.working,with.insurance,white
2018HU0946772,5,5,51040,3,10_19,m,not.in.labor.force,same.house,i.0.9999,us.born,never,public,without.disability,not.working,with.insurance,white
2018HU0657217,5,2,51087,3,40_49,f,civilian.employed,same.house,i.0.9999,not.citizen,married,no.schooling,without.disability,private.profit,without.insurance,black
2018HU0635276,5,3,51105,3,30_39,m,civilian.employed,same.house,i.75000.99999,us.born,married,no.schooling,without.disability,federal,with.insurance,white
2018HU1266142,5,4,51044,3,30_39,m,civilian.employed,same.house,i.25000.34999,not.citizen,married,no.schooling,without.disability,private.profit,without.insurance,white
2018HU1242247,5,1,55002,3,50_59,m,unemployed,same.house,i.25000.34999,naturalization,never,no.schooling,without.disability,self.employed.corp,without.insurance,black
2018HU1325092,5,1,51096,3,60_69,f,not.in.labor.force,same.house,i.0.9999,us.born,married,no.schooling,without.disability,federal,with.insurance,white
2018HU0526778,5,1,51206,3,50_59,m,civilian.employed,same.house,i.50000.64999,naturalization,married,no.schooling,without.disability,private.profit,with.insurance,asian
2018HU0214945,5,1,51206,3,50_59,m,civilian.employed,same.house,i.75000.99999,us.born,married,no.schooling,without.disability,federal,with.insurance,white
2018HU0913917,5,1,55001,3,30_39,m,civilian.employed,same.house,i.75000.99999,us.born,married,no.schooling,without.disability,private.profit,with.insurance,white
2018HU0760391,5,3,51020,3,10_19,m,not.in.labor.force,same.house,i.0.9999,us.born,never,public,without.disability,not.working,with.insurance,white
2018HU0204789,5,1,51096,3,0_9,m,not.in.labor.force,same.house,i.75000.99999,us.born,never,public,without.disability,not.working,with.insurance,white
2018HU0003375,5,2,51084,3,40_49,f,civilian.employed,same.house,i.75000.99999,us.born,divorced,no.schooling,without.disability,private.no.profit,with.insurance,white
2018HU1390685,5,1,51040,3,10_19,f,not.in.labor.force,same.house,i.75000.99999,us.born,never,private,without.disability,not.working,with.insurance,white
2018HU0469614,5,1,51165,3,10_19,f,not.in.labor.force,same.house,i.75000.99999,us.born,never,private,without.disability,not.working,without.insurance,white
2018HU0596638,5,2,51045,3,30_39,m,civilian.employed,same.house,i.75000.99999,us.born,married,no.schooling,without.disability,private.profit,with.insurance,white
2018HU0198382,5,1,51045,3,60_69,m,civilian.employed,same.house,i.65000.74999,naturalization,married,no.schooling,without.disability,private.profit,with.insurance,white
2018HU0610567,5,1,51105,3,10_19,m,not.in.labor.force,same.house,i.75000.99999,us.born,never,public,without.disability,not.working,with.insurance,white
2018HU1234805,5,2,51090,3,0_9,m,not.in.labor.force,same.house,i.75000.99999,us.born,never,public,without.disability,not.working,with.insurance,white
2018HU0206622,5,1,51120,3,50_59,f,not.in.labor.force,same.house,i.0.9999,naturalization,divorced,no.schooling,without.disability,not.working,with.insurance,white
2018HU0360052,5,1,51096,3,50_59,f,civilian.employed,same.house,i.75000.99999,abroad.born,married,no.schooling,without.disability,private.profit,with.insurance,white
2018HU0714927,5,1,51044,3,50_59,f,not.in.labor.force,same.house,i.0.9999,us.born,never,no.schooling,with.disability,not.working,with.insurance,two.
2018HU1007009,5,2,59307,3,30_39,m,not.in.labor.force,diff.us.house,i.0.9999,naturalization,married,no.schooling,without.disability,private.profit,with.insurance,two.
2018HU1373221,5,1,51215,3,60_69,f,not.in.labor.force,same.house,i.0.9999,us.born,married,no.schooling,without.disability,federal,with.insurance,white
2018HU0168516,5,3,51155,3,60_69,f,civilian.employed,same.house,i.0.9999,us.born,never,no.schooling,without.disability,private.profit,with.insurance,black
2018HU0728567,5,3,55002,3,10_19,m,not.in.labor.force,same.house,i.0.9999,us.born,never,public,without.disability,not.working,with.insurance,two.
2018HU0801968,5,1,51010,3,0_9,f,not.in.labor.force,same.house,i.75000.99999,us.born,never,no.schooling,without.disability,not.working,with.insurance,asian
2018HU0221591,5,3,51225,3,50_59,f,not.in.labor.force,same.house,i.0.9999,naturalization,married,no.schooling,without.disability,not.working,with.insurance,black
2018HU1073770,5,1,59301,3,0_9,m,not.in.labor.force,same.house,i.75000.99999,us.born,never,public,without.disability,not.working,with.insurance,white
2018HU1134441,5,1,51040,3,0_9,f,not.in.labor.force,same.house,i.75000.99999,us.born,never,public,without.disability,not.working,with.insurance,white
2018HU0506630,5,1,51125,3,40_49,m,civilian.employed,same.house,i.50000.64999,naturalization,never,no.schooling,without.disability,private.profit,without.insurance,white
2018HU0285738,5,1,51110,3,60_69,f,not.in.labor.force,same.house,i.0.9999,us.born,widowed,no.schooling,with.disability,not.working,with.insurance,white
2018HU0731753,5,1,51206,3,0_9,m,not.in.labor.force,same.house,i.75000.99999,us.born,never,no.schooling,without.disability,not.working,with.insurance,white
2018HU0624004,5,2,59301,3,10_19,m,not.in.labor.force,same.house,i.75000.99999,us.born,never,public,with.disability,not.working,with.insurance,white
2018HU0275657,5,1,51040,3,60_69,f,not.in.labor.force,same.house,i.0.9999,us.born,married,no.schooling,with.disability,federal,with.insurance,white
2018HU1342155,5,3,51175,3,70_79,f,not.in.labor.force,same.house,i.0.9999,us.born,divorced,no.schooling,without.disability,self.employed.no.corp,with.insurance,white
2018HU0717780,5,1,51087,3,30_39,m,not.in.labor.force,same.house,i.0.9999,us.born,never,no.schooling,without.disability,private.profit,with.insurance,white
2018HU0304044,5,3,51255,3,40_49,m,civilian.employed,same.house,i.75000.99999,us.born,married,no.schooling,without.disability,private.profit,with.insurance,white
2018GQ0128726,5,1,51154,3,50_59,f,not.in.labor.force,diff.us.house,i.0.9999,us.born,never,no.schooling,with.disability,not.working,with.insurance,white
2018HU0501566,5,1,51175,3,70_79,f,civilian.employed,diff.us.house,i.25000.34999,naturalization,married,no.schooling,without.disability,private.profit,with.insurance,asian
2018HU0854757,5,1,51235,3,0_9,m,not.in.labor.force,same.house,i.75000.99999,us.born,never,private,without.disability,not.working,with.insurance,white
2018HU1303288,5,3,59307,3,10_19,m,not.in.labor.force,same.house,i.75000.99999,us.born,never,public,without.disability,not.working,with.insurance,white
2018HU0125778,5,1,51010,3,20_29,f,not.in.labor.force,same.house,i.0.9999,us.born,never,public,with.disability,private.profit,with.insurance,white
2018HU0570841,5,2,51244,3,70_79,f,not.in.labor.force,same.house,i.0.9999,us.born,married,no.schooling,without.disability,not.working,with.insurance,white
2018HU0314840,5,1,51120,3,40_49,f,civilian.employed,same.house,i.75000.99999,us.born,married,no.schooling,without.disability,federal,with.insurance,white
2018HU1359242,5,2,4103,3,70_79,m,civilian.employed,same.house,i.10000.14999,not.citizen,married,no.schooling,without.disability,private.profit,without.insurance,asian
2018HU0290641,5,5,51115,3,0_9,f,not.in.labor.force,same.house,i.75000.99999,puerto.rico.born,never,no.schooling,without.disability,not.working,with.insurance,other
2018HU0974682,5,3,59308,3,60_69,f,civilian.employed,diff.us.house,i.35000.49999,naturalization,never,no.schooling,without.disability,private.profit,with.insurance,white
2018HU0176353,5,1,51167,3,20_29,f,civilian.employed,same.house,i.0.9999,us.born,never,no.schooling,without.disability,private.profit,with.insurance,white
2018HU0173664,5,3,51215,3,40_49,f,civilian.employed,same.house,i.75000.99999,us.born,married,no.schooling,without.disability,private.profit,with.insurance,white
2018HU1315877,5,1,51045,3,50_59,f,civilian.employed,same.house,i.65000.74999,not.citizen,never,no.schooling,without.disability,private.profit,with.insurance,asian
2018HU0710553,5,1,51255,3,50_59,m,civilian.employed,same.house,i.75000.99999,us.born,married,no.schooling,without.disability,private.profit,with.insurance,white
2018HU0830563,5,4,51020,3,40_49,m,civilian.employed,same.house,i.75000.99999,naturalization,married,no.schooling,without.disability,private.profit,with.insurance,asian
2018HU1198502,5,1,1302,3,0_9,m,not.in.labor.force,same.house,i.75000.99999,us.born,never,private,without.disability,not.working,with.insurance,white
2018HU0113215,5,2,4101,3,50_59,f,civilian.employed,same.house,i.15000.24999,not.citizen,never,no.schooling,without.disability,private.profit,without.insurance,white
2018HU0849547,5,2,51080,3,50_59,m,civilian.employed,same.house,i.0.9999,us.born,divorced,public,without.disability,self.employed.no.corp,with.insurance,white
2018HU1372780,5,1,51154,3,50_59,f,civilian.employed,same.house,i.50000.64999,abroad.born,divorced,no.schooling,without.disability,private.no.profit,with.insurance,asian
2018HU1383648,5,2,51125,3,70_79,f,not.in.labor.force,same.house,i.0.9999,naturalization,married,no.schooling,with.disability,not.working,with.insurance,black
2018HU0502704,5,1,51040,3,40_49,m,civilian.employed,same.house,i.75000.99999,us.born,married,no.schooling,without.disability,federal,with.insurance,white
2018HU0480308,5,1,51040,3,30_39,f,unemployed,abroad.house,i.0.9999,us.born,married,no.schooling,without.disability,private.profit,with.insurance,white
2018HU1043135,5,1,51010,3,40_49,f,civilian.employed,same.house,i.75000.99999,us.born,never,no.schooling,without.disability,federal,with.insurance,white
2018HU0696174,5,1,51115,3,10_19,f,civilian.employed,same.house,i.0.9999,abroad.born,never,public,without.disability,private.profit,with.insurance,asian
2018HU0359986,5,2,10701,3,60_69,m,civilian.employed,same.house,i.75000.99999,us.born,married,no.schooling,without.disability,private.profit,with.insurance,white
2018HU0764291,5,1,51215,3,10_19,f,not.in.labor.force,same.house,i.0.9999,us.born,never,public,without.disability,private.profit,with.insurance,white
2018HU0954599,5,1,51084,3,70_79,m,civilian.employed,same.house,i.65000.74999,us.born,married,no.schooling,without.disability,private.profit,with.insurance,white
2018HU0690637,5,3,59305,3,20_29,f,civilian.employed,same.house,i.0.9999,us.born,never,public,without.disability,private.profit,with.insurance,white
2018HU0589080,5,6,51115,3,0_9,f,not.in.labor.force,same.house,i.75000.99999,us.born,never,public,without.disability,not.working,with.insurance,two.
2018HU0939063,5,1,51154,3,70_79,f,civilian.employed,same.house,i.0.9999,us.born,married,no.schooling,without.disability,self.employed.no.corp,with.insurance,white
2018HU0763072,5,1,51105,3,20_29,m,civilian.employed,same.house,i.50000.64999,us.born,never,no.schooling,without.disability,private.profit,with.insurance,asian
2018HU0620863,5,2,51089,3,30_39,m,civilian.employed,same.house,i.65000.74999,us.born,never,no.schooling,without.disability,private.profit,with.insurance,black
2018HU1035420,5,3,51165,3,50_59,m,civilian.employed,diff.us.house,i.50000.64999,us.born,widowed,no.schooling,without.disability,federal,with.insurance,black
2018HU0529689,5,1,51089,3,10_19,f,not.in.labor.force,diff.us.house,i.75000.99999,us.born,never,public,with.disability,not.working,with.insurance,white
2018HU0206006,5,1,51206,3,60_69,f,civilian.employed,diff.us.house,i.65000.74999,us.born,divorced,no.schooling,without.disability,local,with.insurance,white
2018HU0132829,5,1,51020,3,40_49,m,civilian.employed,same.house,i.75000.99999,us.born,married,no.schooling,without.disability,federal,with.insurance,white
2018HU0022320,5,1,55002,3,80_89,m,civilian.employed,same.house,i.65000.74999,us.born,married,no.schooling,without.disability,private.profit,with.insurance,white
2018HU0361353,5,1,51135,3,60_69,m,civilian.employed,same.house,i.50000.64999,naturalization,married,no.schooling,without.disability,private.profit,with.insurance,asian
2018HU1140572,5,1,51097,3,50_59,f,civilian.employed,same.house,i.25000.34999,us.born,married,no.schooling,without.disability,self.employed.corp,with.insurance,white
2018HU0359312,5,1,51206,3,0_9,f,not.in.labor.force,same.house,i.75000.99999,us.born,never,no.schooling,without.disability,not.working,with.insurance,white
2018HU1284757,5,4,51095,3,0_9,m,not.in.labor.force,same.house,i.75000.99999,us.born,never,no.schooling,without.disability,not.working,with.insurance,black
2018GQ0058586,5,1,51040,3,80_89,m,not.in.labor.force,same.house,i.0.9999,us.born,widowed,no.schooling,with.disability,not.working,with.insurance,white
2018HU1391960,5,3,51175,3,30_39,f,civilian.employed,diff.us.house,i.0.9999,not.citizen,married,no.schooling,without.disability,self.employed.no.corp,with.insurance,asian
2018HU0461303,5,2,1302,3,0_9,m,not.in.labor.force,same.house,i.75000.99999,us.born,never,public,without.disability,not.working,with.insurance,white
2018HU1162466,5,1,59302,3,40_49,m,civilian.employed,same.house,i.0.9999,us.born,married,no.schooling,without.disability,self.employed.no.corp,with.insurance,white
2018HU0334380,5,1,10702,3,30_39,m,not.in.labor.force,same.house,i.0.9999,us.born,never,no.schooling,without.disability,private.profit,without.insurance,white
2018HU0233561,5,2,51246,3,30_39,f,civilian.employed,same.house,i.65000.74999,abroad.born,married,no.schooling,without.disability,local,with.insurance,white
2018HU0413481,5,2,59306,3,10_19,m,not.in.labor.force,same.house,i.75000.99999,us.born,never,public,without.disability,not.working,with.insurance,other
2018HU1329294,5,2,51235,3,0_9,f,not.in.labor.force,same.house,i.75000.99999,us.born,never,private,without.disability,not.working,with.insurance,white
2018HU0118928,5,4,51045,3,40_49,m,civilian.employed,same.house,i.75000.99999,us.born,married,no.schooling,without.disability,private.profit,with.insurance,white
2018HU1066704,5,1,4103,3,0_9,f,not.in.labor.force,same.house,i.75000.99999,us.born,never,private,without.disability,not.working,with.insurance,white
2018HU1015160,5,2,51155,3,60_69,m,not.in.labor.force,same.house,i.75000.99999,us.born,married,no.schooling,with.disability,private.profit,with.insurance,white
2018HU1307483,5,3,51097,3,20_29,m,civilian.employed,same.house,i.0.9999,us.born,never,no.schooling,without.disability,private.profit,with.insurance,black
2018HU0865982,5,2,51246,3,60_69,f,not.in.labor.force,same.house,i.0.9999,us.born,married,no.schooling,without.disability,federal,with.insurance,white
2018HU0127224,5,3,51115,3,70_79,m,not.in.labor.force,same.house,i.0.9999,us.born,married,no.schooling,without.disability,not.working,with.insurance,white
2018HU0200415,5,3,59308,3,50_59,f,civilian.employed,same.house,i.50000.64999,us.born,never,no.schooling,without.disability,private.profit,with.insurance,black
2018HU1329294,5,1,51165,3,30_39,m,civilian.employed,same.house,i.75000.99999,us.born,married,no.schooling,without.disability,private.profit,with.insurance,white
2018HU0055277,5,1,51096,3,20_29,f,civilian.employed,same.house,i.35000.49999,us.born,never,no.schooling,without.disability,private.profit,with.insurance,white
2018HU0126902,5,2,51040,3,60_69,m,civilian.employed,same.house,i.75000.99999,us.born,married,no.schooling,with.disability,self.employed.no.corp,with.insurance,white
2018HU1192607,5,1,51154,3,60_69,f,civilian.employed,same.house,i.10000.14999,naturalization,married,no.schooling,without.disability,local,with.insurance,asian
2018HU0168118,5,1,51155,3,50_59,m,civilian.employed,same.house,i.75000.99999,us.born,married,no.schooling,with.disability,private.no.profit,with.insurance,white
2018HU0025548,5,1,51010,3,50_59,f,civilian.employed,same.house,i.50000.64999,naturalization,married,no.schooling,without.disability,federal,with.insurance,asian
2018HU0378216,5,3,59308,3,40_49,m,not.in.labor.force,same.house,i.0.9999,naturalization,married,no.schooling,without.disability,self.employed.no.corp,with.insurance,asian
2018HU0632483,5,1,51090,3,0_9,f,not.in.labor.force,same.house,i.75000.99999,us.born,never,public,without.disability,not.working,with.insurance,asian
2018HU0785914,5,1,51044,3,40_49,m,civilian.employed,same.house,i.50000.64999,naturalization,married,no.schooling,without.disability,local,with.insurance,asian
2018HU0720109,5,1,51085,3,60_69,m,civilian.employed,diff.us.house,i.75000.99999,us.born,divorced,no.schooling,without.disability,private.profit,with.insurance,white
2018HU0319394,5,1,51090,3,70_79,f,civilian.employed,same.house,i.0.9999,naturalization,married,no.schooling,without.disability,private.no.profit,with.insurance,white
2018HU0825047,5,1,51167,3,0_9,m,not.in.labor.force,same.house,i.75000.99999,us.born,never,no.schooling,without.disability,not.working,with.insurance,two.
2018HU0502383,5,1,51215,3,10_19,f,not.in.labor.force,same.house,i.75000.99999,us.born,never,public,without.disability,not.working,with.insurance,white
2018HU0685162,5,1,59301,3,60_69,f,not.in.labor.force,same.house,i.0.9999,us.born,never,no.schooling,without.disability,not.working,with.insurance,white
2018HU0407133,5,3,51215,3,20_29,f,civilian.employed,same.house,i.50000.64999,us.born,never,private,without.disability,private.profit,with.insurance,white
2018HU1141289,5,3,51246,3,40_49,f,armed.forces,same.house,i.65000.74999,us.born,married,no.schooling,without.disability,federal,with.insurance,white
2018HU0376636,5,1,51154,3,50_59,m,civilian.employed,same.house,i.75000.99999,naturalization,married,no.schooling,without.disability,private.profit,with.insurance,white
2018HU0344945,5,1,51135,3,60_69,m,civilian.employed,same.house,i.15000.24999,not.citizen,married,no.schooling,without.disability,private.profit,with.insurance,asian
2018HU1151296,5,2,59303,3,20_29,f,civilian.employed,same.house,i.35000.49999,us.born,never,public,without.disability,federal,with.insurance,white
2018HU0579871,5,1,59301,3,30_39,m,civilian.employed,same.house,i.25000.34999,us.born,never,no.schooling,without.disability,private.profit,with.insurance,black
2018HU1262214,5,2,51206,3,50_59,m,not.in.labor.force,same.house,i.0.9999,us.born,married,no.schooling,without.disability,not.working,with.insurance,white
2018HU0676408,5,2,59308,3,60_69,f,civilian.employed,same.house,i.35000.49999,us.born,married,no.schooling,without.disability,private.profit,with.insurance,white
2018HU0734519,5,1,51110,3,0_9,f,not.in.labor.force,same.house,i.75000.99999,us.born,never,no.schooling,without.disability,not.working,with.insurance,white
2018HU0044172,5,3,59306,3,70_79,f,not.in.labor.force,same.house,i.0.9999,us.born,separated,no.schooling,without.disability,not.working,with.insurance,white
2018HU0279506,5,1,51010,3,30_39,f,civilian.employed,diff.us.house,i.50000.64999,us.born,married,no.schooling,without.disability,private.profit,with.insurance,black
2018HU0533163,5,1,51044,3,0_9,f,not.in.labor.force,same.house,i.75000.99999,us.born,never,private,without.disability,not.working,with.insurance,asian
2018HU1160143,5,2,51105,3,60_69,m,civilian.employed,same.house,i.0.9999,us.born,divorced,no.schooling,with.disability,self.employed.no.corp,with.insurance,two.
2018HU1049776,5,1,51245,3,20_29,f,civilian.employed,same.house,i.0.9999,us.born,never,no.schooling,without.disability,private.profit,with.insurance,white
2018HU0815540,5,1,51090,3,60_69,f,civilian.employed,same.house,i.75000.99999,us.born,never,no.schooling,without.disability,private.profit,without.insurance,other
2018HU0049341,5,3,55002,3,10_19,m,not.in.labor.force,same.house,i.75000.99999,us.born,never,no.schooling,without.disability,not.working,with.insurance,two.
2018HU0482849,5,3,55002,3,40_49,f,civilian.employed,same.house,i.25000.34999,us.born,married,no.schooling,without.disability,private.no.profit,with.insurance,white
2018HU0404013,5,2,59304,3,60_69,f,not.in.labor.force,same.house,i.0.9999,us.born,married,no.schooling,with.disability,not.working,with.insurance,other
2018HU0130766,5,1,51125,3,0_9,m,not.in.labor.force,same.house,i.75000.99999,us.born,never,public,without.disability,not.working,with.insurance,white
2018HU0575662,5,2,51020,3,10_19,m,not.in.labor.force,same.house,i.0.9999,us.born,never,public,without.disability,not.working,with.insurance,asian
2018HU0754944,5,1,51097,3,10_19,m,not.in.labor.force,same.house,i.75000.99999,not.citizen,never,public,without.disability,not.working,without.insurance,other
2018HU0890987,5,1,51089,3,70_79,m,civilian.employed,same.house,i.0.9999,us.born,divorced,no.schooling,with.disability,federal,with.insurance,white
2018HU1192253,5,3,10703,3,40_49,m,civilian.employed,same.house,i.75000.99999,us.born,married,no.schooling,without.disability,federal,with.insurance,white
2018HU1125504,5,2,51145,3,60_69,f,not.in.labor.force,same.house,i.0.9999,us.born,married,no.schooling,without.disability,not.working,with.insurance,white
2018HU0198542,5,5,51245,3,60_69,f,civilian.employed,same.house,i.0.9999,us.born,married,no.schooling,without.disability,self.employed.no.corp,with.insurance,asian
2018HU1181853,5,1,51135,3,50_59,f,not.in.labor.force,same.house,i.0.9999,us.born,married,no.schooling,without.disability,not.working,with.insurance,white
2018HU0672805,5,1,51175,3,50_59,f,civilian.employed,same.house,i.15000.24999,us.born,married,no.schooling,without.disability,local,with.insurance,white
2018HU0092534,5,1,51097,3,60_69,m,not.in.labor.force,same.house,i.0.9999,us.born,married,no.schooling,without.disability,private.profit,with.insurance,white
2018GQ0113106,5,2,51215,3,50_59,f,not.in.labor.force,diff.us.house,i.0.9999,us.born,never,no.schooling,with.disability,not.working,with.insurance,white
2018HU1144496,5,1,51245,3,40_49,m,civilian.employed,same.house,i.35000.49999,us.born,married,no.schooling,without.disability,private.profit,with.insurance,white
2018HU0819091,5,1,51246,3,20_29,m,not.in.labor.force,diff.us.house,i.0.9999,us.born,never,public,without.disability,private.profit,with.insurance,white
2018HU0848473,5,1,51080,3,50_59,f,not.in.labor.force,same.house,i.0.9999,naturalization,never,no.schooling,with.disability,not.working,with.insurance,asian
2018HU1328190,5,2,51020,3,40_49,f,civilian.employed,same.house,i.75000.99999,us.born,married,no.schooling,without.disability,private.profit,with.insurance,white
2018HU0027344,5,1,51155,3,20_29,m,civilian.employed,diff.us.house,i.75000.99999,us.born,never,no.schooling,without.disability,private.profit,with.insurance,white
2018HU0690480,5,5,51246,3,20_29,f,not.in.labor.force,same.house,i.0.9999,naturalization,married,no.schooling,without.disability,not.working,with.insurance,white
2018HU0112706,5,1,51090,3,10_19,m,not.in.labor.force,same.house,i.75000.99999,us.born,never,private,without.disability,not.working,with.insurance,white
2018HU0861025,5,2,51246,3,50_59,m,civilian.employed,same.house,i.65000.74999,us.born,married,no.schooling,without.disability,private.profit,with.insurance,black
2018HU0919418,5,1,51084,3,50_59,m,civilian.employed,same.house,i.75000.99999,us.born,married,no.schooling,without.disability,private.profit,with.insurance,white
2018HU1187188,5,1,51135,3,70_79,f,not.in.labor.force,same.house,i.0.9999,us.born,widowed,no.schooling,without.disability,local,with.insurance,white
2018HU0211132,5,5,51120,3,30_39,f,civilian.employed,same.house,i.15000.24999,us.born,married,no.schooling,without.disability,private.no.profit,without.insurance,white
2018HU0591331,5,2,51125,3,30_39,f,civilian.employed,same.house,i.75000.99999,us.born,married,no.schooling,without.disability,private.no.profit,with.insurance,white
2018HU1037114,5,1,51175,3,10_19,m,not.in.labor.force,same.house,i.75000.99999,us.born,never,no.schooling,without.disability,not.working,without.insurance,black
2018HU1234805,5,2,51090,3,0_9,m,not.in.labor.force,same.house,i.75000.99999,us.born,never,public,without.disability,not.working,with.insurance,white
2018HU0558512,5,1,51175,3,30_39,f,not.in.labor.force,same.house,i.0.9999,us.born,married,no.schooling,without.disability,not.working,without.insurance,two.
2018HU1248995,5,1,51186,3,70_79,m,not.in.labor.force,same.house,i.0.9999,us.born,married,no.schooling,with.disability,not.working,with.insurance,white
2018HU1106292,5,1,51085,3,50_59,m,civilian.employed,same.house,i.75000.99999,us.born,married,no.schooling,without.disability,private.profit,with.insurance,white
2018HU0429127,5,1,51085,3,60_69,f,civilian.employed,same.house,i.75000.99999,us.born,divorced,no.schooling,without.disability,federal,with.insurance,white
2018HU0348807,5,1,51115,3,30_39,f,civilian.employed,diff.us.house,i.75000.99999,naturalization,separated,no.schooling,without.disability,private.profit,with.insurance,two.
2018HU1243393,5,1,51224,3,30_39,f,civilian.employed,diff.us.house,i.0.9999,naturalization,married,no.schooling,without.disability,self.employed.no.corp,with.insurance,asian
2018HU1341707,5,1,51235,3,70_79,f,not.in.labor.force,same.house,i.0.9999,us.born,married,no.schooling,with.disability,not.working,with.insurance,white
2018HU0619233,5,2,59303,3,60_69,f,not.in.labor.force,same.house,i.0.9999,us.born,married,no.schooling,without.disability,private.profit,with.insurance,white
2018HU0208513,5,2,51215,3,50_59,m,civilian.employed,same.house,i.75000.99999,us.born,never,no.schooling,without.disability,private.profit,with.insurance,black
2018HU0888175,5,1,51105,3,0_9,f,not.in.labor.force,same.house,i.75000.99999,abroad.born,never,public,without.disability,not.working,with.insurance,white
2018HU1045825,5,1,51090,3,40_49,m,civilian.employed,same.house,i.75000.99999,us.born,married,no.schooling,without.disability,private.profit,with.insurance,white
2018HU0526982,5,2,51235,3,30_39,f,civilian.employed,diff.us.house,i.35000.49999,naturalization,married,no.schooling,without.disability,self.employed.no.corp,with.insurance,asian
2018HU0384344,5,1,51135,3,30_39,f,not.in.labor.force,same.house,i.0.9999,naturalization,married,no.schooling,without.disability,private.profit,with.insurance,asian
2018HU0060820,5,2,51175,3,0_9,m,not.in.labor.force,same.house,i.75000.99999,us.born,never,no.schooling,without.disability,not.working,with.insurance,white
2018HU1072295,5,1,51135,3,80_89,f,not.in.labor.force,same.house,i.0.9999,us.born,married,no.schooling,without.disability,not.working,with.insurance,white
2018HU0278463,5,1,51224,3,80_89,f,not.in.labor.force,same.house,i.0.9999,us.born,widowed,no.schooling,with.disability,not.working,with.insurance,white
2018HU1317956,5,1,51040,3,0_9,f,not.in.labor.force,same.house,i.75000.99999,us.born,never,public,without.disability,not.working,with.insurance,black
2018HU0059144,5,3,51020,3,30_39,m,civilian.employed,same.house,i.75000.99999,us.born,married,public,without.disability,federal,with.insurance,white
2018HU0690637,5,4,59305,3,0_9,f,not.in.labor.force,diff.us.house,i.75000.99999,us.born,never,public,without.disability,not.working,with.insurance,white
2018HU0248387,5,1,51080,3,60_69,f,civilian.employed,same.house,i.75000.99999,naturalization,married,no.schooling,without.disability,federal,with.insurance,asian
2018HU0033633,5,1,51120,3,10_19,m,not.in.labor.force,same.house,i.75000.99999,us.born,never,public,without.disability,not.working,with.insurance,white
2018HU0129628,5,2,59303,3,40_49,f,civilian.employed,same.house,i.35000.49999,us.born,married,no.schooling,without.disability,local,with.insurance,white
2018HU0828048,5,1,51165,3,60_69,f,not.in.labor.force,same.house,i.35000.49999,us.born,married,public,with.disability,private.profit,with.insurance,white
2018HU0652775,5,1,51135,3,40_49,f,civilian.employed,same.house,i.50000.64999,naturalization,married,no.schooling,without.disability,private.profit,with.insurance,white
2018HU1165005,5,2,51125,3,10_19,f,not.in.labor.force,same.house,i.0.9999,us.born,never,public,without.disability,not.working,with.insurance,white
2018HU0885426,5,1,51186,3,20_29,f,civilian.employed,same.house,i.0.9999,us.born,never,no.schooling,without.disability,private.profit,without.insurance,asian
2018HU0919085,5,3,59305,3,30_39,f,civilian.employed,diff.us.house,i.75000.99999,us.born,married,no.schooling,without.disability,private.no.profit,with.insurance,white
2018HU1093293,5,1,51165,3,30_39,f,civilian.employed,diff.us.house,i.0.9999,us.born,married,no.schooling,without.disability,self.employed.no.corp,with.insurance,white
2018HU0409989,5,1,51154,3,10_19,m,not.in.labor.force,diff.us.house,i.75000.99999,us.born,never,public,without.disability,not.working,with.insurance,two.
2018HU0163056,5,4,10702,3,40_49,m,civilian.employed,same.house,i.0.9999,us.born,married,no.schooling,without.disability,self.employed.no.corp,with.insurance,white
2018HU0014414,5,1,51154,3,40_49,m,civilian.employed,same.house,i.75000.99999,us.born,divorced,no.schooling,without.disability,private.profit,with.insurance,white
2018HU1319987,5,1,59306,3,30_39,f,civilian.employed,same.house,i.75000.99999,us.born,married,no.schooling,without.disability,private.profit,with.insurance,black
2018HU1395260,5,1,55002,3,10_19,f,not.in.labor.force,same.house,i.75000.99999,us.born,never,public,without.disability,not.working,without.insurance,black
2018HU0924866,5,1,10702,3,30_39,f,civilian.employed,same.house,i.35000.49999,naturalization,married,no.schooling,without.disability,private.profit,with.insurance,white
2018HU0422160,5,1,51245,3,30_39,m,civilian.employed,same.house,i.75000.99999,us.born,married,no.schooling,without.disability,private.profit,with.insurance,white
2018HU0153202,5,1,51090,3,50_59,f,civilian.employed,same.house,i.75000.99999,us.born,divorced,no.schooling,without.disability,private.profit,with.insurance,white
2018HU0671604,5,1,51246,3,40_49,m,civilian.employed,same.house,i.75000.99999,not.citizen,married,no.schooling,without.disability,private.profit,with.insurance,asian
2018HU1198885,5,2,51045,3,60_69,f,not.in.labor.force,same.house,i.0.9999,naturalization,married,no.schooling,without.disability,not.working,with.insurance,white
2018HU1236413,5,1,51155,3,30_39,m,civilian.employed,same.house,i.15000.24999,us.born,never,no.schooling,without.disability,private.profit,with.insurance,white
2018HU0453393,5,2,51135,3,60_69,m,civilian.employed,same.house,i.75000.99999,us.born,never,no.schooling,without.disability,federal,with.insurance,white
2018HU0814989,5,3,59304,3,50_59,f,civilian.employed,same.house,i.75000.99999,us.born,widowed,no.schooling,without.disability,private.profit,with.insurance,white
2018HU0539048,5,1,51206,3,70_79,m,civilian.employed,same.house,i.75000.99999,us.born,married,no.schooling,without.disability,private.profit,with.insurance,black
2018HU0485681,5,2,59309,3,20_29,f,civilian.employed,diff.us.house,i.50000.64999,us.born,never,no.schooling,without.disability,private.profit,with.insurance,white
2018HU0816611,5,1,51105,3,50_59,f,civilian.employed,same.house,i.75000.99999,us.born,divorced,no.schooling,without.disability,federal,with.insurance,white
2018HU0916313,5,2,51135,3,70_79,f,not.in.labor.force,same.house,i.0.9999,us.born,married,no.schooling,without.disability,not.working,with.insurance,white
2018HU1241718,5,2,51245,3,30_39,f,not.in.labor.force,same.house,i.0.9999,us.born,married,no.schooling,without.disability,not.working,with.insurance,white
2018HU0040773,5,1,51020,3,60_69,f,not.in.labor.force,same.house,i.0.9999,us.born,married,no.schooling,without.disability,not.working,with.insurance,white
2018HU0455618,5,2,51154,3,0_9,f,not.in.labor.force,same.house,i.75000.99999,us.born,never,public,without.disability,not.working,with.insurance,white
2018HU0704314,5,1,59303,3,20_29,f,not.in.labor.force,diff.us.house,i.0.9999,not.citizen,married,no.schooling,without.disability,not.working,with.insurance,white
2018HU0075464,5,1,51225,3,10_19,m,not.in.labor.force,same.house,i.75000.99999,us.born,never,public,without.disability,not.working,with.insurance,two.
2018HU0225014,5,1,51110,3,20_29,m,civilian.employed,same.house,i.50000.64999,naturalization,never,no.schooling,without.disability,private.profit,with.insurance,other
2018HU0580868,5,2,51110,3,50_59,m,civilian.employed,same.house,i.75000.99999,not.citizen,married,no.schooling,without.disability,private.profit,with.insurance,white
2018HU0537254,5,1,51105,3,60_69,f,civilian.employed,same.house,i.50000.64999,us.born,divorced,no.schooling,without.disability,federal,with.insurance,black
2018HU0433375,5,1,51154,3,40_49,f,civilian.employed,same.house,i.0.9999,us.born,married,no.schooling,without.disability,self.employed.no.corp,with.insurance,white
2018HU1178048,5,2,51084,3,0_9,m,not.in.labor.force,same.house,i.75000.99999,us.born,never,no.schooling,without.disability,not.working,with.insurance,white
2018HU0402418,5,1,51125,3,30_39,m,civilian.employed,same.house,i.0.9999,not.citizen,married,no.schooling,without.disability,self.employed.no.corp,without.insurance,white
2018HU0046082,5,1,51044,3,30_39,m,civilian.employed,same.house,i.75000.99999,us.born,married,no.schooling,without.disability,federal,with.insurance,white
2018HU0044040,5,1,51040,3,20_29,m,civilian.employed,diff.us.house,i.35000.49999,us.born,never,no.schooling,without.disability,private.profit,with.insurance,white
2018HU0530968,5,1,51125,3,0_9,m,not.in.labor.force,same.house,i.75000.99999,us.born,never,no.schooling,without.disability,not.working,with.insurance,two.
2018HU0573792,5,4,51155,3,10_19,m,not.in.labor.force,same.house,i.75000.99999,us.born,never,public,without.disability,not.working,with.insurance,white
2018HU0768682,5,2,59307,3,50_59,f,civilian.employed,same.house,i.15000.24999,naturalization,married,no.schooling,without.disability,private.profit,with.insurance,asian
2018HU0787217,5,1,51246,3,40_49,m,civilian.employed,same.house,i.10000.14999,naturalization,married,no.schooling,without.disability,private.profit,without.insurance,asian
2018HU0082438,5,2,51164,3,10_19,m,not.in.labor.force,diff.us.house,i.0.9999,us.born,never,public,without.disability,not.working,with.insurance,white
2018HU0363694,5,2,59301,3,30_39,f,civilian.employed,same.house,i.75000.99999,us.born,married,no.schooling,without.disability,private.no.profit,with.insurance,white
2018HU1041502,5,1,51090,3,80_89,m,not.in.labor.force,same.house,i.0.9999,us.born,married,no.schooling,with.disability,not.working,with.insurance,white
2018HU0344945,5,1,51186,3,50_59,f,civilian.employed,same.house,i.15000.24999,naturalization,married,no.schooling,without.disability,private.profit,with.insurance,asian
2018HU1190390,5,1,51080,3,0_9,m,not.in.labor.force,same.house,i.75000.99999,us.born,never,no.schooling,without.disability,not.working,with.insurance,asian
2018HU1018373,5,1,4103,3,50_59,f,civilian.employed,same.house,i.75000.99999,us.born,married,no.schooling,without.disability,private.profit,with.insurance,white
2018HU0338712,5,3,59302,3,10_19,m,not.in.labor.force,same.house,i.75000.99999,us.born,never,public,without.disability,not.working,with.insurance,white
2018HU0152951,5,1,51105,3,80_89,f,not.in.labor.force,same.house,i.0.9999,us.born,married,no.schooling,with.disability,not.working,with.insurance,white
2018HU0154834,5,1,51105,3,50_59,m,not.in.labor.force,same.house,i.0.9999,us.born,never,no.schooling,with.disability,not.working,with.insurance,white
2018HU0423601,5,1,51045,3,0_9,m,not.in.labor.force,same.house,i.75000.99999,us.born,never,no.schooling,without.disability,not.working,with.insurance,white
2018HU0144293,5,1,1302,3,30_39,m,civilian.employed,same.house,i.35000.49999,not.citizen,never,no.schooling,without.disability,private.profit,without.insurance,other
2018HU0696798,5,1,51020,3,50_59,f,not.in.labor.force,same.house,i.0.9999,us.born,married,no.schooling,without.disability,private.profit,with.insurance,white
2018HU0330148,5,3,59305,3,40_49,m,civilian.employed,same.house,i.75000.99999,naturalization,married,no.schooling,without.disability,local,with.insurance,white
2018HU0416926,5,1,51186,3,50_59,f,civilian.employed,same.house,i.75000.99999,us.born,married,no.schooling,without.disability,private.no.profit,with.insurance,white
2018HU0334421,5,2,51044,3,50_59,f,unemployed,same.house,i.0.9999,not.citizen,widowed,no.schooling,without.disability,not.working,with.insurance,asian
2018HU1189199,5,2,51255,3,40_49,m,civilian.employed,same.house,i.75000.99999,naturalization,married,no.schooling,without.disability,private.profit,with.insurance,asian
2018HU0724075,5,1,51154,3,70_79,f,civilian.employed,same.house,i.75000.99999,us.born,divorced,no.schooling,without.disability,local,with.insurance,white
2018HU1084568,5,1,51145,3,60_69,f,not.in.labor.force,same.house,i.0.9999,us.born,married,no.schooling,without.disability,not.working,with.insurance,white
2018HU1379889,5,3,51244,3,20_29,m,civilian.employed,same.house,i.75000.99999,us.born,married,no.schooling,without.disability,private.profit,with.insurance,white
2018HU1325092,5,1,51096,3,60_69,f,not.in.labor.force,same.house,i.0.9999,us.born,married,no.schooling,without.disability,federal,with.insurance,white
2018GQ0032353,5,4,51155,3,80_89,m,not.in.labor.force,same.house,i.0.9999,us.born,widowed,no.schooling,with.disability,not.working,with.insurance,white
2018HU0197863,5,1,51105,3,30_39,f,civilian.employed,same.house,i.35000.49999,us.born,married,no.schooling,without.disability,state,with.insurance,white
2018HU0083911,5,1,4101,3,40_49,f,civilian.employed,same.house,i.50000.64999,us.born,married,no.schooling,without.disability,private.profit,with.insurance,white
2018HU1132222,5,1,51175,3,40_49,m,civilian.employed,same.house,i.75000.99999,us.born,separated,no.schooling,without.disability,private.profit,with.insurance,white
2018HU1022572,5,1,51224,3,30_39,f,civilian.employed,same.house,i.75000.99999,us.born,married,no.schooling,without.disability,federal,with.insurance,asian
2018HU0648418,5,1,59305,3,0_9,f,not.in.labor.force,same.house,i.75000.99999,us.born,never,private,without.disability,not.working,with.insurance,white
2018HU1016268,5,2,4101,3,70_79,f,not.in.labor.force,same.house,i.0.9999,us.born,married,no.schooling,with.disability,not.working,with.insurance,white
2018HU0572864,5,1,51096,3,30_39,f,civilian.employed,same.house,i.0.9999,not.citizen,married,no.schooling,without.disability,self.employed.no.corp,without.insurance,white
2018HU0704314,5,1,59303,3,20_29,f,not.in.labor.force,diff.us.house,i.0.9999,not.citizen,married,no.schooling,without.disability,not.working,with.insurance,white
2018HU1371234,5,2,51044,3,30_39,m,civilian.employed,same.house,i.65000.74999,us.born,married,no.schooling,without.disability,private.no.profit,with.insurance,white
2018HU0049760,5,1,51097,3,80_89,f,not.in.labor.force,same.house,i.0.9999,us.born,widowed,no.schooling,with.disability,not.working,with.insurance,black
2018HU0608953,5,1,51175,3,40_49,m,civilian.employed,same.house,i.10000.14999,us.born,never,no.schooling,without.disability,private.profit,with.insurance,black
2018HU0516934,5,1,59305,3,30_39,f,civilian.employed,same.house,i.50000.64999,us.born,married,no.schooling,without.disability,private.no.profit,with.insurance,white
2018HU1308904,5,3,51040,3,30_39,m,civilian.employed,same.house,i.35000.49999,not.citizen,married,no.schooling,without.disability,private.profit,with.insurance,white
2018HU0264861,5,1,51084,3,80_89,m,not.in.labor.force,same.house,i.0.9999,us.born,married,no.schooling,without.disability,not.working,with.insurance,white
2018HU0273193,5,2,51167,3,40_49,f,civilian.employed,diff.us.house,i.0.9999,us.born,separated,no.schooling,without.disability,private.profit,with.insurance,white
2018HU1015162,5,3,51165,3,20_29,f,civilian.employed,same.house,i.50000.64999,us.born,never,no.schooling,without.disability,local,with.insurance,white
2018HU0853992,5,1,51155,3,0_9,m,not.in.labor.force,same.house,i.75000.99999,us.born,never,public,without.disability,not.working,with.insurance,white
2018HU1226695,5,2,51020,3,30_39,f,not.in.labor.force,diff.us.house,i.0.9999,us.born,married,no.schooling,without.disability,private.profit,with.insurance,asian
2018HU0405590,5,2,51010,3,40_49,f,civilian.employed,same.house,i.75000.99999,naturalization,married,no.schooling,without.disability,private.profit,with.insurance,asian
2018HU1005021,5,4,51154,3,80_89,m,not.in.labor.force,same.house,i.0.9999,us.born,married,no.schooling,with.disability,not.working,with.insurance,white
2018HU0446340,5,1,51110,3,60_69,f,civilian.employed,same.house,i.75000.99999,us.born,married,no.schooling,without.disability,federal,with.insurance,white
2018HU1167526,5,1,59303,3,20_29,m,civilian.employed,same.house,i.25000.34999,not.citizen,never,no.schooling,without.disability,private.profit,without.insurance,other
2018HU0972508,5,2,51120,3,60_69,f,civilian.employed,same.house,i.75000.99999,us.born,married,no.schooling,without.disability,private.profit,with.insurance,white
2018HU0666706,5,2,51010,3,0_9,m,not.in.labor.force,same.house,i.75000.99999,us.born,never,public,without.disability,not.working,with.insurance,white
2018HU1338777,5,2,51154,3,0_9,m,not.in.labor.force,same.house,i.75000.99999,us.born,never,no.schooling,without.disability,not.working,with.insurance,white
2018HU0660848,5,3,59304,3,0_9,f,not.in.labor.force,same.house,i.75000.99999,us.born,never,public,without.disability,not.working,with.insurance,white
2018GQ0038828,5,3,51224,3,10_19,m,not.in.labor.force,diff.us.house,i.0.9999,us.born,never,private,with.disability,not.working,with.insurance,white
2018HU0733692,5,1,51145,3,30_39,f,civilian.employed,abroad.house,i.35000.49999,us.born,never,no.schooling,without.disability,private.no.profit,with.insurance,white
2018HU0641836,5,1,51215,3,50_59,m,civilian.employed,same.house,i.75000.99999,us.born,married,no.schooling,without.disability,local,with.insurance,white
2018HU1393699,5,1,51154,3,60_69,m,civilian.employed,same.house,i.75000.99999,us.born,married,no.schooling,without.disability,federal,with.insurance,white
2018HU1258448,5,1,51125,3,60_69,m,civilian.employed,same.house,i.75000.99999,naturalization,widowed,no.schooling,without.disability,federal,with.insurance,asian
2018HU0361023,5,1,51154,3,20_29,m,civilian.employed,same.house,i.0.9999,us.born,never,no.schooling,with.disability,private.profit,with.insurance,white
2018HU0592218,5,1,51020,3,80_89,f,not.in.labor.force,same.house,i.0.9999,us.born,widowed,no.schooling,without.disability,not.working,with.insurance,white
2018HU1239317,5,2,51097,3,0_9,m,not.in.labor.force,diff.us.house,i.75000.99999,us.born,never,no.schooling,without.disability,not.working,with.insurance,asian
2018HU1202860,5,2,1301,3,0_9,m,not.in.labor.force,same.house,i.75000.99999,us.born,never,public,without.disability,not.working,with.insurance,white
2018HU1158356,5,1,59301,3,50_59,m,civilian.employed,same.house,i.75000.99999,naturalization,married,no.schooling,without.disability,private.no.profit,without.insurance,asian
2018HU0152867,5,1,59305,3,50_59,f,civilian.employed,same.house,i.15000.24999,us.born,married,no.schooling,without.disability,self.employed.corp,with.insurance,white
2018HU0820617,5,1,51040,3,40_49,f,civilian.employed,same.house,i.50000.64999,us.born,divorced,no.schooling,without.disability,self.employed.corp,with.insurance,white
2018HU1241283,5,1,51155,3,10_19,f,civilian.employed,same.house,i.0.9999,not.citizen,never,public,without.disability,private.profit,with.insurance,white
2018HU0810692,5,2,1301,3,50_59,f,civilian.employed,same.house,i.35000.49999,naturalization,married,no.schooling,without.disability,local,with.insurance,white
2018HU0374001,5,1,59307,3,50_59,f,civilian.employed,same.house,i.15000.24999,not.citizen,never,no.schooling,without.disability,private.profit,with.insurance,two.
2018HU0837165,5,1,51154,3,30_39,f,civilian.employed,same.house,i.75000.99999,us.born,married,no.schooling,without.disability,federal,with.insurance,asian
2018HU0919085,5,3,59305,3,30_39,f,civilian.employed,diff.us.house,i.75000.99999,us.born,married,no.schooling,without.disability,private.no.profit,with.insurance,white
2018HU0282361,5,1,51246,3,10_19,f,not.in.labor.force,same.house,i.0.9999,us.born,never,public,without.disability,not.working,with.insurance,asian
2018HU1005229,5,1,51120,3,10_19,f,not.in.labor.force,same.house,i.75000.99999,us.born,never,public,without.disability,not.working,with.insurance,white
2018HU0674612,5,1,51080,3,30_39,f,civilian.employed,same.house,i.75000.99999,us.born,married,no.schooling,without.disability,private.profit,with.insurance,white
2018HU0269323,5,1,4103,3,20_29,m,civilian.employed,same.house,i.25000.34999,us.born,never,no.schooling,without.disability,private.profit,with.insurance,black
2018HU1162466,5,1,59306,3,30_39,f,civilian.employed,same.house,i.75000.99999,us.born,married,no.schooling,without.disability,private.no.profit,with.insurance,white
2018HU1309732,5,2,51167,3,60_69,f,not.in.labor.force,same.house,i.0.9999,us.born,never,no.schooling,with.disability,not.working,with.insurance,black
2018HU0270653,5,1,51246,3,70_79,f,civilian.employed,same.house,i.10000.14999,us.born,married,no.schooling,without.disability,private.no.profit,with.insurance,white
2018HU0782438,5,3,59304,3,0_9,m,not.in.labor.force,same.house,i.75000.99999,us.born,never,no.schooling,without.disability,not.working,with.insurance,white
2018HU0246952,5,1,51154,3,50_59,f,civilian.employed,same.house,i.75000.99999,naturalization,married,private,without.disability,private.profit,with.insurance,white
2018HU0641898,5,1,51020,3,20_29,f,not.in.labor.force,same.house,i.0.9999,naturalization,never,private,without.disability,not.working,with.insurance,asian
2018HU0476650,5,1,51165,3,70_79,m,civilian.employed,same.house,i.50000.64999,us.born,married,no.schooling,with.disability,self.employed.corp,with.insurance,white
2018HU0695411,5,1,51215,3,30_39,f,not.in.labor.force,same.house,i.0.9999,not.citizen,married,private,without.disability,not.working,with.insurance,white
2018HU0065762,5,1,51045,3,40_49,f,civilian.employed,same.house,i.65000.74999,naturalization,married,no.schooling,without.disability,private.profit,with.insurance,white
2018HU0997905,5,1,59303,3,60_69,f,civilian.employed,same.house,i.75000.99999,naturalization,married,no.schooling,without.disability,federal,with.insurance,asian
2018HU0033733,5,3,51097,3,10_19,f,not.in.labor.force,same.house,i.75000.99999,us.born,never,public,without.disability,not.working,with.insurance,white
2018HU0611319,5,1,51154,3,40_49,f,civilian.employed,same.house,i.75000.99999,us.born,married,no.schooling,without.disability,state,with.insurance,white
2018HU0368555,5,1,51096,3,0_9,f,not.in.labor.force,diff.us.house,i.75000.99999,us.born,never,public,without.disability,not.working,with.insurance,white
2018HU0456785,5,1,51155,3,50_59,m,civilian.employed,same.house,i.65000.74999,us.born,married,no.schooling,without.disability,private.profit,with.insurance,white
2018HU0131067,5,1,59303,3,60_69,m,civilian.employed,same.house,i.75000.99999,us.born,married,no.schooling,without.disability,private.profit,with.insurance,white
2018HU0383546,5,2,51165,3,10_19,m,not.in.labor.force,same.house,i.75000.99999,us.born,never,public,without.disability,not.working,with.insurance,two.
2018HU1341911,5,1,51186,3,40_49,f,civilian.employed,same.house,i.75000.99999,us.born,widowed,no.schooling,without.disability,private.profit,with.insurance,white
2018HU0764291,5,1,51215,3,10_19,f,not.in.labor.force,same.house,i.0.9999,us.born,never,public,without.disability,private.profit,with.insurance,white
2018HU0289861,5,2,51090,3,10_19,f,not.in.labor.force,same.house,i.75000.99999,us.born,never,public,without.disability,not.working,with.insurance,white
2018HU0185833,5,1,51125,3,40_49,f,not.in.labor.force,same.house,i.0.9999,not.citizen,married,no.schooling,without.disability,not.working,without.insurance,other
2018HU0324360,5,2,59302,3,80_89,f,not.in.labor.force,same.house,i.0.9999,us.born,married,no.schooling,with.disability,not.working,with.insurance,white
2018HU0226473,5,1,55001,3,10_19,f,not.in.labor.force,same.house,i.0.9999,us.born,never,public,without.disability,not.working,with.insurance,white
2018HU0320625,5,2,51045,3,30_39,m,civilian.employed,same.house,i.75000.99999,naturalization,married,no.schooling,without.disability,federal,with.insurance,asian
2018HU1000700,5,1,10701,3,80_89,f,not.in.labor.force,same.house,i.0.9999,us.born,widowed,no.schooling,without.disability,not.working,with.insurance,white
2018HU0176429,5,2,51255,3,0_9,m,not.in.labor.force,same.house,i.75000.99999,us.born,never,no.schooling,without.disability,not.working,with.insurance,white
2018HU0690488,5,1,59306,3,10_19,m,not.in.labor.force,diff.us.house,i.75000.99999,naturalization,never,public,without.disability,not.working,with.insurance,white
2018HU1072460,5,4,51090,3,0_9,m,not.in.labor.force,same.house,i.75000.99999,us.born,never,no.schooling,without.disability,not.working,with.insurance,white
2018HU0442868,5,1,51020,3,40_49,m,civilian.employed,diff.us.house,i.75000.99999,us.born,divorced,no.schooling,without.disability,private.profit,with.insurance,two.
2018HU0807698,5,1,51224,3,20_29,m,civilian.employed,same.house,i.25000.34999,not.citizen,married,no.schooling,without.disability,private.profit,with.insurance,white
2018HU0125778,5,1,51096,3,50_59,m,civilian.employed,same.house,i.75000.99999,us.born,married,no.schooling,without.disability,private.profit,with.insurance,white
2018HU1188471,5,2,59303,3,40_49,m,civilian.employed,same.house,i.35000.49999,not.citizen,divorced,no.schooling,without.disability,private.profit,with.insurance,white
2018HU0034090,5,2,51120,3,0_9,m,not.in.labor.force,diff.us.house,i.75000.99999,us.born,never,private,without.disability,not.working,with.insurance,white
2018HU1035080,5,3,55002,3,70_79,f,not.in.labor.force,same.house,i.0.9999,naturalization,married,no.schooling,without.disability,not.working,with.insurance,asian
2018HU0583837,5,1,51010,3,50_59,f,civilian.employed,same.house,i.0.9999,us.born,married,no.schooling,without.disability,self.employed.no.corp,with.insurance,white
2018HU1314929,5,4,51020,3,50_59,f,civilian.employed,same.house,i.25000.34999,naturalization,married,no.schooling,without.disability,private.profit,with.insurance,white
2018HU0911122,5,3,51095,3,30_39,m,civilian.employed,same.house,i.0.9999,us.born,married,private,without.disability,self.employed.no.corp,with.insurance,white
2018HU0319394,5,1,51090,3,30_39,f,civilian.employed,same.house,i.35000.49999,us.born,divorced,no.schooling,without.disability,private.profit,with.insurance,white
2018HU1357493,5,4,51097,3,30_39,f,civilian.employed,same.house,i.75000.99999,us.born,never,no.schooling,without.disability,federal,with.insurance,white
2018HU1399658,5,1,10701,3,60_69,m,not.in.labor.force,same.house,i.0.9999,us.born,married,no.schooling,with.disability,not.working,with.insurance,white
2018HU0943839,5,1,51167,3,60_69,f,unemployed,same.house,i.0.9999,not.citizen,never,no.schooling,without.disability,federal,with.insurance,white
2018HU0336685,5,2,4102,3,50_59,f,civilian.employed,same.house,i.15000.24999,naturalization,married,no.schooling,without.disability,private.profit,with.insurance,two.
2018HU0191103,5,1,51255,3,50_59,m,civilian.employed,same.house,i.0.9999,us.born,married,no.schooling,without.disability,self.employed.no.corp,with.insurance,white
2018HU1012243,5,2,51115,3,30_39,m,civilian.employed,diff.us.house,i.75000.99999,us.born,never,no.schooling,without.disability,private.profit,with.insurance,white
2018HU1285206,5,2,51120,3,50_59,f,civilian.employed,same.house,i.75000.99999,us.born,married,no.schooling,without.disability,local,with.insurance,white
2018HU0057932,5,2,51135,3,60_69,m,not.in.labor.force,same.house,i.0.9999,us.born,married,no.schooling,without.disability,self.employed.no.corp,with.insurance,white
2018HU0507253,5,2,51080,3,20_29,f,unemployed,diff.us.house,i.0.9999,puerto.rico.born,never,no.schooling,without.disability,private.profit,without.insurance,white
2018HU1213136,5,2,59306,3,70_79,m,not.in.labor.force,same.house,i.0.9999,us.born,married,no.schooling,without.disability,not.working,with.insurance,white
2018HU0978566,5,3,51045,3,40_49,f,not.in.labor.force,same.house,i.0.9999,naturalization,married,no.schooling,without.disability,not.working,with.insurance,asian
2018HU0821191,5,1,51115,3,10_19,m,not.in.labor.force,same.house,i.0.9999,us.born,never,public,without.disability,not.working,with.insurance,asian
2018HU0039458,5,1,51135,3,70_79,m,civilian.employed,same.house,i.50000.64999,us.born,married,no.schooling,without.disability,private.profit,with.insurance,two.
2018HU0390227,5,6,51167,3,70_79,m,civilian.employed,same.house,i.50000.64999,us.born,married,no.schooling,with.disability,self.employed.corp,with.insurance,white
2018HU1289335,5,1,51095,3,40_49,f,civilian.employed,same.house,i.65000.74999,naturalization,married,no.schooling,without.disability,private.profit,with.insurance,white
2018HU0074475,5,2,59306,3,50_59,f,civilian.employed,same.house,i.75000.99999,us.born,married,no.schooling,without.disability,local,with.insurance,white
2018HU1398556,5,1,51224,3,80_89,f,not.in.labor.force,same.house,i.0.9999,us.born,widowed,no.schooling,without.disability,not.working,with.insurance,white
2018HU0285509,5,1,51087,3,30_39,m,civilian.employed,same.house,i.75000.99999,us.born,married,no.schooling,without.disability,federal,with.insurance,white
2018HU0003369,5,2,51087,3,80_89,m,not.in.labor.force,same.house,i.0.9999,naturalization,widowed,no.schooling,with.disability,not.working,with.insurance,asian
2018HU0224459,5,2,51154,3,60_69,f,civilian.employed,same.house,i.10000.14999,not.citizen,married,no.schooling,without.disability,private.profit,with.insurance,asian
2018HU0042057,5,2,51186,3,0_9,m,not.in.labor.force,same.house,i.75000.99999,us.born,never,public,without.disability,not.working,with.insurance,white
2018HU0929213,5,2,51115,3,50_59,m,civilian.employed,same.house,i.75000.99999,us.born,married,no.schooling,without.disability,private.profit,with.insurance,white
2018HU1252353,5,1,51020,3,50_59,m,civilian.employed,same.house,i.75000.99999,naturalization,never,no.schooling,without.disability,local,with.insurance,asian
2018HU1340782,5,2,59306,3,10_19,f,not.in.labor.force,same.house,i.75000.99999,us.born,never,public,without.disability,not.working,without.insurance,white
2018HU0728055,5,4,59303,3,50_59,f,not.in.labor.force,same.house,i.0.9999,us.born,married,no.schooling,without.disability,self.employed.corp,with.insurance,white
2018HU1037247,5,1,51154,3,40_49,f,civilian.employed,same.house,i.25000.34999,not.citizen,married,no.schooling,without.disability,private.profit,with.insurance,other
2018HU0873906,5,2,59309,3,40_49,m,civilian.employed,same.house,i.75000.99999,us.born,married,no.schooling,without.disability,federal,with.insurance,two.
2018HU0035926,5,1,55001,3,20_29,f,civilian.employed,same.house,i.35000.49999,naturalization,never,no.schooling,without.disability,private.no.profit,with.insurance,asian
2018HU0824486,5,1,51115,3,10_19,f,not.in.labor.force,same.house,i.0.9999,us.born,never,public,without.disability,not.working,with.insurance,asian
2018HU1341425,5,1,59305,3,30_39,m,civilian.employed,diff.us.house,i.0.9999,naturalization,married,no.schooling,without.disability,federal,with.insurance,asian
2018HU0485327,5,4,51186,3,10_19,m,not.in.labor.force,same.house,i.0.9999,us.born,never,public,without.disability,not.working,without.insurance,asian
2018HU0195997,5,1,59303,3,40_49,m,civilian.employed,same.house,i.0.9999,not.citizen,married,no.schooling,without.disability,private.profit,with.insurance,other
2018HU0892740,5,3,51125,3,30_39,m,civilian.employed,same.house,i.15000.24999,us.born,never,no.schooling,without.disability,private.profit,without.insurance,asian
2018HU0239342,5,2,4101,3,60_69,f,not.in.labor.force,same.house,i.0.9999,naturalization,divorced,no.schooling,without.disability,self.employed.no.corp,with.insurance,white
2018HU1398054,5,1,51040,3,10_19,m,not.in.labor.force,same.house,i.75000.99999,naturalization,never,public,without.disability,not.working,with.insurance,asian
2018HU0173680,5,1,51020,3,50_59,m,civilian.employed,same.house,i.0.9999,naturalization,married,no.schooling,without.disability,self.employed.no.corp,with.insurance,asian
2018HU0608953,5,1,51175,3,40_49,m,civilian.employed,same.house,i.10000.14999,us.born,never,no.schooling,without.disability,private.profit,with.insurance,black
2018HU0460301,5,5,10702,3,0_9,m,not.in.labor.force,same.house,i.75000.99999,us.born,never,no.schooling,without.disability,not.working,with.insurance,white
2018HU0323662,5,1,51167,3,20_29,m,not.in.labor.force,same.house,i.0.9999,us.born,never,no.schooling,without.disability,not.working,with.insurance,white
2018HU0499647,5,1,59305,3,70_79,f,civilian.employed,same.house,i.0.9999,us.born,married,no.schooling,without.disability,local,with.insurance,white
2018HU1300989,5,4,51154,3,30_39,f,civilian.employed,same.house,i.0.9999,us.born,married,no.schooling,without.disability,self.employed.no.corp,with.insurance,white
2018HU0580038,5,1,4103,3,30_39,f,not.in.labor.force,same.house,i.0.9999,not.citizen,married,no.schooling,without.disability,not.working,without.insurance,asian
2018HU0153037,5,1,51096,3,40_49,f,civilian.employed,same.house,i.0.9999,us.born,married,no.schooling,without.disability,self.employed.no.corp,with.insurance,white
2018HU0494938,5,2,4101,3,0_9,m,not.in.labor.force,same.house,i.75000.99999,us.born,never,no.schooling,without.disability,not.working,with.insurance,two.
2018HU0667742,5,1,51154,3,30_39,m,civilian.employed,same.house,i.75000.99999,us.born,married,no.schooling,without.disability,private.profit,with.insurance,white
2018HU0243925,5,1,51125,3,50_59,m,civilian.employed,same.house,i.75000.99999,us.born,married,no.schooling,without.disability,private.profit,with.insurance,white
2018HU0647386,5,1,51235,3,60_69,m,civilian.employed,same.house,i.75000.99999,naturalization,married,no.schooling,without.disability,private.profit,with.insurance,other
2018HU1040418,5,1,51154,3,0_9,f,not.in.labor.force,same.house,i.75000.99999,us.born,never,public,without.disability,not.working,with.insurance,two.
2018HU0082438,5,2,51164,3,10_19,m,not.in.labor.force,diff.us.house,i.0.9999,us.born,never,public,without.disability,not.working,with.insurance,white
2018HU0274836,5,1,59308,3,0_9,m,not.in.labor.force,same.house,i.75000.99999,us.born,never,no.schooling,without.disability,not.working,with.insurance,white
2018HU0890756,5,1,51154,3,30_39,m,armed.forces,same.house,i.75000.99999,us.born,married,no.schooling,without.disability,federal,with.insurance,white
2018HU0893215,5,1,51105,3,40_49,f,civilian.employed,same.house,i.25000.34999,us.born,married,no.schooling,without.disability,private.profit,with.insurance,white
2018HU0979797,5,2,51244,3,80_89,f,not.in.labor.force,same.house,i.0.9999,naturalization,married,no.schooling,without.disability,not.working,with.insurance,white
2018HU1343650,5,1,51154,3,0_9,m,not.in.labor.force,same.house,i.75000.99999,us.born,never,public,without.disability,not.working,with.insurance,white
2018HU1245135,5,1,59301,3,0_9,f,not.in.labor.force,same.house,i.75000.99999,us.born,never,public,without.disability,not.working,with.insurance,white
2018HU0548350,5,1,59303,3,50_59,f,civilian.employed,same.house,i.10000.14999,naturalization,married,no.schooling,without.disability,private.profit,without.insurance,asian
2018HU0322783,5,1,51215,3,60_69,m,civilian.employed,same.house,i.75000.99999,naturalization,married,no.schooling,without.disability,private.profit,with.insurance,white
2018HU0529689,5,1,51089,3,10_19,f,not.in.labor.force,diff.us.house,i.75000.99999,us.born,never,public,with.disability,not.working,with.insurance,white
2018HU0402099,5,1,51096,3,50_59,f,civilian.employed,same.house,i.0.9999,us.born,married,no.schooling,without.disability,private.profit,with.insurance,white
2018HU1090621,5,1,51085,3,10_19,m,not.in.labor.force,same.house,i.75000.99999,us.born,never,public,without.disability,not.working,with.insurance,white
2018HU0528114,5,2,4103,3,60_69,m,civilian.employed,same.house,i.75000.99999,us.born,divorced,no.schooling,without.disability,state,with.insurance,white
2018HU0606536,5,3,51225,3,20_29,m,civilian.employed,same.house,i.25000.34999,not.citizen,married,no.schooling,without.disability,private.profit,without.insurance,other
2018HU0906202,5,2,4103,3,40_49,m,civilian.employed,same.house,i.75000.99999,us.born,married,no.schooling,without.disability,private.no.profit,with.insurance,white
2018HU0561146,5,1,51090,3,50_59,f,civilian.employed,same.house,i.35000.49999,us.born,widowed,no.schooling,without.disability,self.employed.corp,with.insurance,black
2018HU0854632,5,1,51175,3,50_59,f,civilian.employed,same.house,i.0.9999,naturalization,never,private,without.disability,private.profit,with.insurance,two.
2018HU0819127,5,4,59304,3,80_89,f,not.in.labor.force,same.house,i.0.9999,us.born,widowed,no.schooling,without.disability,not.working,with.insurance,white
2018HU0647386,5,1,59303,3,70_79,f,not.in.labor.force,same.house,i.0.9999,puerto.rico.born,married,no.schooling,without.disability,not.working,with.insurance,white
2018HU1390685,5,1,51090,3,0_9,f,not.in.labor.force,same.house,i.75000.99999,us.born,never,public,without.disability,not.working,with.insurance,white
2018HU1081302,5,1,51135,3,20_29,m,civilian.employed,same.house,i.35000.49999,us.born,never,private,without.disability,private.profit,with.insurance,asian
2018HU1005070,5,2,51155,3,60_69,f,civilian.employed,same.house,i.75000.99999,us.born,married,no.schooling,without.disability,private.no.profit,with.insurance,white
2018HU0882258,5,1,59305,3,80_89,m,not.in.labor.force,same.house,i.0.9999,us.born,married,no.schooling,with.disability,not.working,with.insurance,white
2018HU0862391,5,1,51175,3,20_29,f,civilian.employed,same.house,i.0.9999,us.born,never,public,without.disability,private.profit,with.insurance,white
2018HU0634345,5,1,51155,3,20_29,m,civilian.employed,same.house,i.75000.99999,naturalization,never,private,without.disability,private.no.profit,with.insurance,asian
2018HU0071277,5,4,10701,3,30_39,f,civilian.employed,same.house,i.75000.99999,us.born,never,no.schooling,without.disability,private.profit,with.insurance,other
2018HU1284820,5,3,51235,3,30_39,m,civilian.employed,same.house,i.35000.49999,us.born,married,no.schooling,without.disability,federal,with.insurance,white
2018HU0130232,5,1,51084,3,30_39,f,civilian.employed,same.house,i.35000.49999,us.born,divorced,no.schooling,without.disability,private.profit,with.insurance,white
2018HU0410453,5,5,51120,3,50_59,f,civilian.employed,same.house,i.25000.34999,naturalization,married,no.schooling,without.disability,private.no.profit,with.insurance,asian
2018HU1300989,5,3,51154,3,40_49,m,civilian.employed,same.house,i.0.9999,us.born,never,no.schooling,without.disability,self.employed.no.corp,with.insurance,white
2018HU0985970,5,4,59303,3,0_9,m,not.in.labor.force,same.house,i.75000.99999,us.born,never,private,without.disability,not.working,with.insurance,white
2018HU0516020,5,1,1301,3,20_29,m,civilian.employed,same.house,i.75000.99999,us.born,never,no.schooling,without.disability,private.profit,with.insurance,white
2018HU0785118,5,2,51164,3,10_19,m,not.in.labor.force,diff.us.house,i.0.9999,us.born,never,no.schooling,without.disability,private.profit,with.insurance,white
2018HU0622724,5,2,51120,3,0_9,f,not.in.labor.force,same.house,i.75000.99999,us.born,never,public,without.disability,not.working,with.insurance,two.
2018HU0047097,5,1,51245,3,20_29,f,civilian.employed,same.house,i.75000.99999,us.born,never,no.schooling,without.disability,private.profit,with.insurance,asian
2018HU0244140,5,1,51040,3,70_79,m,not.in.labor.force,same.house,i.0.9999,us.born,married,no.schooling,without.disability,private.profit,with.insurance,white
2018HU0059144,5,3,51020,3,30_39,m,civilian.employed,same.house,i.75000.99999,us.born,married,public,without.disability,federal,with.insurance,white
2018HU0205530,5,1,51167,3,20_29,m,civilian.employed,same.house,i.15000.24999,us.born,never,no.schooling,without.disability,private.profit,with.insurance,white
2018HU0256258,5,2,51145,3,40_49,f,civilian.employed,same.house,i.50000.64999,naturalization,never,no.schooling,without.disability,private.profit,with.insurance,asian
2018GQ0036698,5,1,51010,3,80_89,m,not.in.labor.force,same.house,i.0.9999,us.born,widowed,no.schooling,with.disability,not.working,with.insurance,white
2018HU0207211,5,1,51105,3,30_39,m,civilian.employed,same.house,i.35000.49999,us.born,divorced,no.schooling,without.disability,private.profit,without.insurance,white
2018HU0747998,5,1,51155,3,50_59,f,civilian.employed,same.house,i.75000.99999,us.born,never,no.schooling,without.disability,private.no.profit,with.insurance,white
2018HU0880244,5,1,51165,3,70_79,m,not.in.labor.force,same.house,i.0.9999,us.born,married,no.schooling,without.disability,not.working,with.insurance,white
2018HU0611863,5,4,51096,3,40_49,f,civilian.employed,same.house,i.35000.49999,naturalization,married,no.schooling,without.disability,local,with.insurance,asian
2018HU0274133,5,1,59301,3,70_79,m,not.in.labor.force,same.house,i.0.9999,us.born,married,no.schooling,without.disability,not.working,with.insurance,white
2018HU0010602,5,1,55002,3,30_39,f,civilian.employed,same.house,i.75000.99999,naturalization,married,no.schooling,without.disability,private.profit,with.insurance,asian
2018HU0464592,5,3,51145,3,30_39,f,civilian.employed,same.house,i.75000.99999,us.born,never,no.schooling,without.disability,state,with.insurance,white
2018HU1164419,5,1,51087,3,60_69,f,civilian.employed,diff.us.house,i.15000.24999,us.born,married,no.schooling,without.disability,state,with.insurance,white
2018HU0334691,5,1,51105,3,10_19,f,not.in.labor.force,same.house,i.75000.99999,us.born,never,public,without.disability,not.working,with.insurance,white
2018HU0989304,5,2,51215,3,40_49,m,civilian.employed,same.house,i.75000.99999,us.born,married,no.schooling,without.disability,private.profit,with.insurance,white
2018HU0949747,5,3,51040,3,40_49,m,civilian.employed,same.house,i.0.9999,naturalization,married,no.schooling,without.disability,self.employed.no.corp,with.insurance,two.
2018HU0599341,5,1,51105,3,60_69,f,not.in.labor.force,same.house,i.0.9999,naturalization,widowed,no.schooling,without.disability,private.profit,with.insurance,asian
2018HU0422014,5,1,51080,3,40_49,f,civilian.employed,diff.us.house,i.65000.74999,us.born,married,no.schooling,without.disability,private.profit,with.insurance,white
2018HU1156376,5,1,51235,3,30_39,f,not.in.labor.force,same.house,i.0.9999,naturalization,never,public,without.disability,not.working,with.insurance,black
2018HU1373387,5,1,51186,3,40_49,m,civilian.employed,same.house,i.35000.49999,not.citizen,never,no.schooling,without.disability,private.profit,with.insurance,white
2018HU1052843,5,1,51095,3,70_79,m,not.in.labor.force,same.house,i.0.9999,naturalization,married,no.schooling,without.disability,federal,with.insurance,asian
2018HU0216387,5,1,51145,3,30_39,f,civilian.employed,same.house,i.50000.64999,us.born,married,no.schooling,without.disability,private.profit,with.insurance,white
2018HU0868830,5,1,51097,3,40_49,f,civilian.employed,same.house,i.50000.64999,us.born,divorced,no.schooling,without.disability,local,with.insurance,white
2018HU0308777,5,2,51089,3,40_49,f,civilian.employed,same.house,i.75000.99999,us.born,married,no.schooling,without.disability,private.profit,with.insurance,white
2018HU0336145,5,1,51164,3,0_9,m,not.in.labor.force,same.house,i.75000.99999,us.born,never,no.schooling,without.disability,not.working,with.insurance,white
2018HU0205183,5,1,51105,3,50_59,m,civilian.employed,same.house,i.0.9999,us.born,married,no.schooling,without.disability,self.employed.no.corp,with.insurance,white
2018HU0478456,5,1,51175,3,50_59,m,civilian.employed,same.house,i.35000.49999,us.born,married,no.schooling,without.disability,private.no.profit,with.insurance,white
2018HU0531566,5,6,51085,3,10_19,f,not.in.labor.force,same.house,i.75000.99999,not.citizen,never,public,without.disability,not.working,without.insurance,asian
2018HU0989970,5,3,51110,3,40_49,m,civilian.employed,same.house,i.50000.64999,naturalization,married,private,without.disability,private.profit,with.insurance,asian
2018HU1379889,5,3,51244,3,20_29,m,civilian.employed,same.house,i.75000.99999,us.born,married,no.schooling,without.disability,private.profit,with.insurance,white
2018HU0783664,5,1,59301,3,40_49,m,civilian.employed,same.house,i.75000.99999,us.born,married,no.schooling,without.disability,private.profit,with.insurance,white
2018HU0748540,5,1,51040,3,10_19,m,not.in.labor.force,same.house,i.75000.99999,us.born,never,public,without.disability,not.working,with.insurance,white
2018HU0969854,5,3,51244,3,10_19,m,civilian.employed,same.house,i.0.9999,us.born,never,public,without.disability,private.profit,with.insurance,white
2018HU1202860,5,2,51244,3,0_9,m,not.in.labor.force,same.house,i.75000.99999,us.born,never,public,without.disability,not.working,with.insurance,white
2018HU0658577,5,1,51175,3,30_39,f,civilian.employed,diff.us.house,i.25000.34999,not.citizen,married,no.schooling,without.disability,private.profit,with.insurance,black
2018HU0213491,5,1,51125,3,0_9,m,not.in.labor.force,same.house,i.75000.99999,us.born,never,no.schooling,without.disability,not.working,with.insurance,white
2018HU0507180,5,3,51110,3,70_79,f,civilian.employed,same.house,i.15000.24999,us.born,divorced,no.schooling,without.disability,self.employed.corp,with.insurance,white
2018HU0359179,5,1,51235,3,40_49,m,civilian.employed,same.house,i.75000.99999,us.born,divorced,no.schooling,without.disability,private.profit,with.insurance,white
2018HU1274464,5,4,51235,3,20_29,f,civilian.employed,same.house,i.50000.64999,us.born,never,no.schooling,without.disability,private.profit,with.insurance,white
2018HU1266142,5,3,51044,3,30_39,f,civilian.employed,same.house,i.25000.34999,not.citizen,married,no.schooling,without.disability,private.profit,without.insurance,white
2018HU0595457,5,6,51105,3,70_79,f,not.in.labor.force,same.house,i.0.9999,us.born,married,no.schooling,without.disability,not.working,with.insurance,white
2018HU1192683,5,1,51040,3,0_9,m,not.in.labor.force,same.house,i.75000.99999,us.born,never,private,without.disability,not.working,without.insurance,white
2018HU0731753,5,1,51090,3,0_9,f,not.in.labor.force,same.house,i.75000.99999,us.born,never,no.schooling,without.disability,not.working,with.insurance,white
2018HU1151190,5,4,4102,3,50_59,m,civilian.employed,diff.us.house,i.75000.99999,us.born,married,no.schooling,without.disability,private.profit,with.insurance,white
2018HU0521635,5,1,55002,3,0_9,m,not.in.labor.force,same.house,i.75000.99999,us.born,never,public,without.disability,not.working,with.insurance,black
2018HU0813557,5,4,59303,3,0_9,f,not.in.labor.force,same.house,i.75000.99999,us.born,never,public,without.disability,not.working,with.insurance,white
2018HU0191103,5,3,59307,3,10_19,f,not.in.labor.force,same.house,i.75000.99999,us.born,never,public,without.disability,not.working,with.insurance,white
2018HU0642828,5,1,55002,3,50_59,f,civilian.employed,diff.us.house,i.75000.99999,us.born,married,no.schooling,without.disability,federal,with.insurance,white
2018HU1178518,5,1,51115,3,30_39,f,civilian.employed,same.house,i.0.9999,not.citizen,married,no.schooling,without.disability,private.profit,with.insurance,white
2018HU0300334,5,1,51040,3,20_29,f,civilian.employed,diff.us.house,i.0.9999,not.citizen,never,no.schooling,without.disability,private.profit,with.insurance,other
2018HU1023268,5,3,51110,3,70_79,m,not.in.labor.force,same.house,i.0.9999,us.born,married,no.schooling,without.disability,not.working,with.insurance,white
2018HU0816176,5,2,51089,3,60_69,f,not.in.labor.force,same.house,i.0.9999,us.born,married,no.schooling,with.disability,local,with.insurance,white
2018HU1392404,5,1,51084,3,70_79,f,not.in.labor.force,same.house,i.0.9999,us.born,married,no.schooling,without.disability,not.working,with.insurance,white
2018HU1255920,5,1,51246,3,50_59,m,civilian.employed,same.house,i.75000.99999,us.born,divorced,no.schooling,without.disability,federal,with.insurance,black
2018HU0138713,5,2,51244,3,30_39,f,civilian.employed,diff.us.house,i.35000.49999,naturalization,never,no.schooling,without.disability,private.no.profit,with.insurance,asian
2018HU0801628,5,3,51095,3,50_59,f,civilian.employed,same.house,i.25000.34999,not.citizen,married,no.schooling,without.disability,private.profit,with.insurance,white
2018HU0840878,5,1,51045,3,0_9,m,not.in.labor.force,same.house,i.75000.99999,us.born,never,public,without.disability,not.working,with.insurance,asian
2018HU0787176,5,1,51145,3,50_59,f,civilian.employed,same.house,i.0.9999,us.born,married,no.schooling,without.disability,private.no.profit,with.insurance,white
2018HU0419287,5,1,51235,3,40_49,f,civilian.employed,same.house,i.75000.99999,abroad.born,never,no.schooling,without.disability,private.profit,with.insurance,white
2018HU0465546,5,2,51235,3,0_9,m,not.in.labor.force,same.house,i.75000.99999,us.born,never,no.schooling,without.disability,not.working,with.insurance,white
2018HU0670030,5,5,59302,3,20_29,f,civilian.employed,same.house,i.25000.34999,us.born,never,no.schooling,without.disability,private.profit,with.insurance,white
2018HU0604267,5,1,51045,3,40_49,m,civilian.employed,same.house,i.15000.24999,us.born,never,no.schooling,without.disability,private.profit,without.insurance,white
2018HU0308943,5,1,51045,3,30_39,f,civilian.employed,same.house,i.65000.74999,us.born,never,no.schooling,without.disability,private.profit,with.insurance,white
2018HU0325266,5,1,10701,3,60_69,m,civilian.employed,diff.us.house,i.75000.99999,us.born,married,no.schooling,without.disability,private.profit,with.insurance,white
2018HU1295938,5,3,51096,3,10_19,m,not.in.labor.force,same.house,i.75000.99999,us.born,never,public,without.disability,not.working,with.insurance,white
2018HU0049252,5,1,51125,3,30_39,m,civilian.employed,same.house,i.75000.99999,us.born,married,no.schooling,with.disability,federal,with.insurance,white
2018HU1255920,5,1,51080,3,40_49,f,civilian.employed,same.house,i.75000.99999,us.born,divorced,no.schooling,without.disability,private.profit,with.insurance,white
2018HU0043265,5,2,59306,3,10_19,m,not.in.labor.force,same.house,i.0.9999,us.born,never,public,without.disability,private.profit,with.insurance,white
2018HU0210145,5,1,51115,3,40_49,m,armed.forces,same.house,i.75000.99999,us.born,married,no.schooling,with.disability,federal,with.insurance,white
2018HU1346537,5,1,59302,3,50_59,m,civilian.employed,same.house,i.75000.99999,us.born,married,no.schooling,without.disability,federal,with.insurance,asian
2018HU0833609,5,1,51175,3,60_69,f,not.in.labor.force,same.house,i.0.9999,naturalization,married,no.schooling,without.disability,state,with.insurance,asian
2018HU0402894,5,3,51120,3,50_59,f,civilian.employed,same.house,i.75000.99999,naturalization,married,no.schooling,without.disability,self.employed.corp,with.insurance,asian
2018HU0577881,5,2,51115,3,70_79,f,civilian.employed,same.house,i.75000.99999,not.citizen,divorced,no.schooling,without.disability,local,with.insurance,white
2018HU0035889,5,2,51120,3,0_9,m,not.in.labor.force,same.house,i.75000.99999,us.born,never,public,without.disability,not.working,with.insurance,asian
2018HU0006728,5,1,51206,3,70_79,m,not.in.labor.force,same.house,i.0.9999,us.born,married,no.schooling,without.disability,not.working,with.insurance,white
2018HU0709331,5,4,1301,3,0_9,f,not.in.labor.force,same.house,i.75000.99999,us.born,never,public,without.disability,not.working,with.insurance,white
2018HU1326526,5,2,51215,3,0_9,f,not.in.labor.force,same.house,i.75000.99999,us.born,never,public,without.disability,not.working,with.insurance,white
2018HU0898877,5,1,51097,3,10_19,m,not.in.labor.force,same.house,i.10000.14999,us.born,never,public,without.disability,private.profit,without.insurance,black
2018HU1176889,5,1,51125,3,80_89,m,civilian.employed,same.house,i.0.9999,naturalization,married,no.schooling,with.disability,self.employed.no.corp,with.insurance,asian
2018HU1195755,5,1,1302,3,60_69,m,civilian.employed,same.house,i.75000.99999,us.born,married,no.schooling,without.disability,private.profit,with.insurance,white
2018HU0347922,5,4,51045,3,80_89,m,not.in.labor.force,same.house,i.0.9999,naturalization,married,no.schooling,without.disability,not.working,with.insurance,asian
2018HU0154688,5,1,51096,3,0_9,m,not.in.labor.force,same.house,i.75000.99999,us.born,never,public,without.disability,not.working,without.insurance,white
2018HU0961760,5,1,51089,3,50_59,m,civilian.employed,same.house,i.75000.99999,us.born,never,no.schooling,without.disability,private.profit,with.insurance,white
2018HU0059144,5,2,51020,3,30_39,f,civilian.employed,same.house,i.50000.64999,us.born,married,no.schooling,without.disability,private.profit,with.insurance,white
2018HU1371397,5,3,51206,3,50_59,f,civilian.employed,same.house,i.75000.99999,us.born,married,no.schooling,without.disability,private.profit,with.insurance,white
2018HU0693424,5,1,51154,3,50_59,m,civilian.employed,abroad.house,i.35000.49999,not.citizen,married,no.schooling,without.disability,private.profit,without.insurance,white
2018HU0066454,5,1,51105,3,30_39,m,civilian.employed,diff.us.house,i.0.9999,not.citizen,married,no.schooling,without.disability,self.employed.no.corp,without.insurance,white
2018HU0836960,5,1,51145,3,40_49,m,civilian.employed,same.house,i.75000.99999,naturalization,divorced,no.schooling,without.disability,private.profit,with.insurance,asian
2018HU0736671,5,1,51040,3,60_69,f,not.in.labor.force,same.house,i.0.9999,abroad.born,married,no.schooling,without.disability,private.no.profit,with.insurance,white
2018HU0578303,5,4,59304,3,20_29,m,civilian.employed,diff.us.house,i.50000.64999,us.born,never,no.schooling,without.disability,local,with.insurance,white
2018HU0413481,5,1,51085,3,0_9,m,not.in.labor.force,same.house,i.75000.99999,us.born,never,public,with.disability,not.working,with.insurance,other
2018HU0163056,5,4,10702,3,40_49,m,civilian.employed,same.house,i.0.9999,us.born,married,no.schooling,without.disability,self.employed.no.corp,with.insurance,white
2018HU0682772,5,1,51090,3,40_49,m,civilian.employed,same.house,i.75000.99999,naturalization,married,no.schooling,without.disability,state,with.insurance,white
2018HU0755781,5,1,51096,3,10_19,m,not.in.labor.force,same.house,i.0.9999,us.born,never,public,without.disability,not.working,with.insurance,asian
2018HU0341203,5,1,51235,3,20_29,f,civilian.employed,same.house,i.35000.49999,naturalization,married,public,without.disability,private.profit,with.insurance,asian
2018HU1136772,5,1,51145,3,50_59,f,civilian.employed,same.house,i.75000.99999,us.born,married,no.schooling,without.disability,federal,with.insurance,white
2018HU0902768,5,2,51085,3,70_79,f,not.in.labor.force,same.house,i.0.9999,naturalization,married,no.schooling,without.disability,not.working,with.insurance,asian
2018HU0702157,5,2,51020,3,50_59,m,not.in.labor.force,same.house,i.0.9999,us.born,divorced,no.schooling,without.disability,not.working,with.insurance,white
2018HU0222554,5,1,51105,3,0_9,f,not.in.labor.force,same.house,i.75000.99999,us.born,never,private,without.disability,not.working,with.insurance,two.
2018HU0131067,5,1,59303,3,60_69,m,civilian.employed,same.house,i.75000.99999,us.born,married,no.schooling,without.disability,private.profit,with.insurance,white
2018HU1262214,5,2,51206,3,50_59,m,not.in.labor.force,same.house,i.0.9999,us.born,married,no.schooling,without.disability,not.working,with.insurance,white
2018HU0829561,5,2,51080,3,10_19,f,not.in.labor.force,same.house,i.75000.99999,us.born,never,public,without.disability,not.working,with.insurance,two.
2018HU0131006,5,2,51215,3,60_69,m,civilian.employed,same.house,i.35000.49999,naturalization,married,no.schooling,without.disability,private.profit,with.insurance,white
2018HU0799674,5,1,4101,3,20_29,f,civilian.employed,same.house,i.15000.24999,us.born,never,no.schooling,without.disability,private.profit,with.insurance,white
2018HU0952563,5,1,51087,3,70_79,m,not.in.labor.force,same.house,i.0.9999,us.born,married,no.schooling,without.disability,not.working,with.insurance,white
2018HU1376828,5,1,51255,3,10_19,m,not.in.labor.force,same.house,i.0.9999,us.born,never,private,without.disability,not.working,with.insurance,white
2018HU0886543,5,1,1301,3,40_49,m,civilian.employed,same.house,i.75000.99999,us.born,married,no.schooling,without.disability,private.profit,with.insurance,white
2018HU1130311,5,1,51080,3,20_29,f,civilian.employed,same.house,i.50000.64999,naturalization,divorced,public,without.disability,local,with.insurance,two.
2018HU1127346,5,2,51097,3,0_9,m,not.in.labor.force,same.house,i.75000.99999,us.born,never,private,without.disability,not.working,with.insurance,asian
2018HU0210457,5,1,51165,3,50_59,m,civilian.employed,same.house,i.75000.99999,us.born,married,no.schooling,without.disability,private.no.profit,with.insurance,white
2018HU1127344,5,1,51206,3,40_49,m,civilian.employed,same.house,i.10000.14999,us.born,married,no.schooling,without.disability,self.employed.no.corp,with.insurance,white
2018HU1347065,5,3,51010,3,10_19,m,not.in.labor.force,diff.us.house,i.0.9999,us.born,never,public,without.disability,not.working,with.insurance,white
2018HU0582258,5,1,51040,3,40_49,m,civilian.employed,diff.us.house,i.10000.14999,not.citizen,married,no.schooling,without.disability,private.profit,with.insurance,two.
2018HU1089904,5,3,51096,3,10_19,m,not.in.labor.force,same.house,i.75000.99999,us.born,never,public,without.disability,not.working,with.insurance,white
2018HU0884564,5,1,51135,3,70_79,m,not.in.labor.force,same.house,i.0.9999,us.born,married,no.schooling,without.disability,not.working,with.insurance,white
2018HU0830834,5,1,51155,3,40_49,f,civilian.employed,same.house,i.50000.64999,us.born,never,no.schooling,without.disability,private.profit,with.insurance,white
2018HU0480308,5,1,51115,3,70_79,m,civilian.employed,same.house,i.0.9999,naturalization,married,no.schooling,with.disability,self.employed.no.corp,with.insurance,white
2018HU0526982,5,2,51235,3,30_39,f,civilian.employed,diff.us.house,i.35000.49999,naturalization,married,no.schooling,without.disability,self.employed.no.corp,with.insurance,asian
2018HU1073968,5,2,51080,3,40_49,f,civilian.employed,same.house,i.75000.99999,us.born,never,no.schooling,without.disability,private.profit,with.insurance,white
2018HU0167676,5,3,51246,3,60_69,m,civilian.employed,same.house,i.25000.34999,naturalization,married,no.schooling,without.disability,private.profit,with.insurance,white
2018HU0958580,5,1,51135,3,80_89,m,not.in.labor.force,same.house,i.0.9999,us.born,married,no.schooling,with.disability,not.working,with.insurance,white
2018HU0200758,5,1,51155,3,20_29,m,not.in.labor.force,same.house,i.0.9999,us.born,never,no.schooling,with.disability,not.working,with.insurance,white
2018HU1195147,5,2,51080,3,50_59,m,civilian.employed,same.house,i.75000.99999,us.born,married,no.schooling,without.disability,private.profit,with.insurance,white
2018HU0249257,5,1,10702,3,0_9,f,not.in.labor.force,same.house,i.75000.99999,us.born,never,no.schooling,without.disability,not.working,with.insurance,white
2018HU0370447,5,2,4102,3,40_49,f,civilian.employed,same.house,i.75000.99999,us.born,married,no.schooling,without.disability,federal,with.insurance,white
2018HU0354389,5,5,51085,3,10_19,f,not.in.labor.force,same.house,i.75000.99999,us.born,never,public,without.disability,not.working,with.insurance,black
2018HU0274274,5,1,1301,3,30_39,m,civilian.employed,same.house,i.65000.74999,us.born,married,no.schooling,without.disability,private.profit,with.insurance,white
2018HU0084373,5,1,59303,3,60_69,f,civilian.employed,same.house,i.10000.14999,naturalization,married,no.schooling,without.disability,private.profit,with.insurance,asian
2018HU1128864,5,1,4103,3,40_49,f,civilian.employed,same.house,i.35000.49999,naturalization,married,no.schooling,without.disability,private.profit,with.insurance,asian
2018HU0279321,5,1,51215,3,80_89,f,not.in.labor.force,same.house,i.0.9999,naturalization,widowed,no.schooling,with.disability,not.working,with.insurance,asian
2018HU1275649,5,1,51215,3,20_29,m,civilian.employed,same.house,i.15000.24999,us.born,never,no.schooling,without.disability,private.profit,with.insurance,black
2018HU0718394,5,1,59301,3,70_79,f,not.in.labor.force,same.house,i.0.9999,not.citizen,widowed,no.schooling,with.disability,not.working,with.insurance,white
2018HU0593244,5,1,59305,3,40_49,f,civilian.employed,same.house,i.65000.74999,naturalization,married,no.schooling,without.disability,private.no.profit,with.insurance,two.
2018HU1194174,5,1,51096,3,0_9,f,not.in.labor.force,same.house,i.75000.99999,us.born,never,no.schooling,without.disability,not.working,with.insurance,white
2018HU1152032,5,1,51096,3,60_69,f,civilian.employed,same.house,i.15000.24999,not.citizen,married,no.schooling,without.disability,self.employed.corp,with.insurance,other
2018HU0600203,5,1,59302,3,0_9,m,not.in.labor.force,same.house,i.75000.99999,us.born,never,public,without.disability,not.working,with.insurance,white
2018HU0035926,5,1,55001,3,20_29,f,civilian.employed,same.house,i.35000.49999,naturalization,never,no.schooling,without.disability,private.no.profit,with.insurance,asian
2018HU0169213,5,1,51215,3,10_19,f,not.in.labor.force,same.house,i.75000.99999,us.born,never,public,without.disability,not.working,with.insurance,two.
2018HU0154118,5,2,51040,3,10_19,m,civilian.employed,same.house,i.0.9999,us.born,never,public,without.disability,private.profit,with.insurance,white
2018HU0186688,5,1,10701,3,20_29,f,civilian.employed,diff.us.house,i.75000.99999,not.citizen,never,no.schooling,without.disability,private.profit,with.insurance,asian
2018HU0434485,5,1,51105,3,20_29,m,civilian.employed,same.house,i.10000.14999,not.citizen,never,no.schooling,without.disability,self.employed.corp,without.insurance,white
2018HU1252875,5,2,59307,3,50_59,m,civilian.employed,same.house,i.35000.49999,abroad.born,divorced,no.schooling,without.disability,private.profit,with.insurance,white
2018HU1123406,5,2,51175,3,30_39,f,not.in.labor.force,abroad.house,i.0.9999,not.citizen,married,no.schooling,without.disability,private.profit,with.insurance,asian
2018HU0223210,5,2,59306,3,10_19,m,not.in.labor.force,diff.us.house,i.75000.99999,us.born,never,public,without.disability,not.working,with.insurance,black
2018HU0365743,5,1,51115,3,60_69,f,not.in.labor.force,same.house,i.0.9999,us.born,widowed,no.schooling,without.disability,not.working,with.insurance,white
2018HU0960819,5,1,51087,3,30_39,m,civilian.employed,same.house,i.75000.99999,us.born,never,no.schooling,without.disability,federal,with.insurance,white
2018HU0705364,5,1,51089,3,40_49,m,civilian.employed,same.house,i.75000.99999,abroad.born,married,no.schooling,without.disability,self.employed.corp,with.insurance,white
2018HU0349536,5,1,51115,3,60_69,f,civilian.employed,same.house,i.75000.99999,us.born,married,no.schooling,without.disability,private.no.profit,with.insurance,white
2018HU0420875,5,1,59308,3,40_49,m,civilian.employed,diff.us.house,i.75000.99999,abroad.born,never,no.schooling,without.disability,private.profit,with.insurance,two.
2018HU1091831,5,3,55002,3,70_79,f,not.in.labor.force,same.house,i.0.9999,naturalization,widowed,no.schooling,without.disability,state,with.insurance,asian
2018GQ0144083,5,1,51105,3,60_69,m,not.in.labor.force,diff.us.house,i.35000.49999,not.citizen,divorced,no.schooling,without.disability,private.profit,without.insurance,white
2018HU0109299,5,1,51080,3,20_29,f,civilian.employed,same.house,i.15000.24999,naturalization,married,no.schooling,without.disability,private.profit,without.insurance,asian
2018HU0817634,5,1,51105,3,10_19,f,civilian.employed,diff.us.house,i.0.9999,us.born,never,public,without.disability,private.profit,with.insurance,two.
2018HU1082756,5,3,51225,3,20_29,m,unemployed,same.house,i.0.9999,us.born,never,no.schooling,without.disability,private.profit,without.insurance,black
2018HU0870964,5,4,59301,3,60_69,m,civilian.employed,same.house,i.75000.99999,us.born,married,no.schooling,without.disability,self.employed.corp,with.insurance,white
2018HU0511054,5,2,10702,3,40_49,f,civilian.employed,diff.us.house,i.75000.99999,naturalization,married,no.schooling,without.disability,federal,with.insurance,asian
2018HU0883564,5,3,51096,3,50_59,f,civilian.employed,same.house,i.0.9999,us.born,married,no.schooling,without.disability,local,with.insurance,white
2018HU1105878,5,3,1302,3,70_79,m,not.in.labor.force,diff.us.house,i.0.9999,us.born,married,no.schooling,with.disability,not.working,with.insurance,white
2018HU0924211,5,4,59302,3,0_9,m,not.in.labor.force,diff.us.house,i.75000.99999,abroad.born,never,private,without.disability,not.working,with.insurance,black
2018HU0528114,5,2,4103,3,60_69,m,civilian.employed,same.house,i.75000.99999,us.born,divorced,no.schooling,without.disability,state,with.insurance,white
2018HU0542366,5,1,51020,3,0_9,m,not.in.labor.force,same.house,i.75000.99999,us.born,never,public,without.disability,not.working,with.insurance,white
2018HU0405590,5,1,51010,3,40_49,m,civilian.employed,same.house,i.75000.99999,naturalization,married,no.schooling,without.disability,private.no.profit,with.insurance,asian
2018HU0507627,5,1,51154,3,40_49,f,civilian.employed,same.house,i.25000.34999,not.citizen,married,no.schooling,without.disability,private.profit,with.insurance,asian
2018HU0821191,5,2,51154,3,40_49,f,civilian.employed,same.house,i.35000.49999,naturalization,divorced,no.schooling,without.disability,private.profit,with.insurance,asian
2018HU0690637,5,1,59305,3,20_29,f,civilian.employed,diff.us.house,i.50000.64999,us.born,never,no.schooling,without.disability,private.profit,with.insurance,white
2018HU1238133,5,2,51090,3,60_69,m,not.in.labor.force,same.house,i.0.9999,naturalization,married,no.schooling,with.disability,not.working,with.insurance,white
2018HU1283669,5,1,51110,3,60_69,m,not.in.labor.force,same.house,i.0.9999,naturalization,married,no.schooling,without.disability,self.employed.no.corp,with.insurance,other
2018HU0292562,5,1,51215,3,50_59,m,civilian.employed,same.house,i.75000.99999,us.born,married,no.schooling,without.disability,federal,with.insurance,black
2018HU1209935,5,1,51089,3,70_79,f,not.in.labor.force,same.house,i.0.9999,us.born,married,no.schooling,with.disability,not.working,with.insurance,white
2018HU0891732,5,2,10703,3,50_59,m,civilian.employed,same.house,i.75000.99999,us.born,married,no.schooling,without.disability,private.no.profit,with.insurance,white
2018HU0444418,5,1,51206,3,40_49,m,civilian.employed,same.house,i.75000.99999,us.born,married,no.schooling,without.disability,private.profit,with.insurance,white
2018HU0843436,5,1,51096,3,0_9,m,not.in.labor.force,same.house,i.75000.99999,us.born,never,public,without.disability,not.working,with.insurance,asian
2018HU0932535,5,3,51246,3,10_19,m,not.in.labor.force,same.house,i.0.9999,us.born,never,public,without.disability,not.working,with.insurance,asian
2018HU0085731,5,3,59306,3,10_19,f,not.in.labor.force,same.house,i.75000.99999,us.born,never,public,without.disability,not.working,with.insurance,black
2018HU1364924,5,4,59306,3,40_49,f,civilian.employed,same.house,i.75000.99999,naturalization,married,no.schooling,without.disability,private.profit,with.insurance,white
2018HU0690637,5,2,59305,3,20_29,m,civilian.employed,same.house,i.15000.24999,us.born,never,no.schooling,without.disability,private.profit,with.insurance,white
2018HU0132959,5,3,51044,3,60_69,m,not.in.labor.force,same.house,i.25000.34999,us.born,married,no.schooling,without.disability,private.profit,with.insurance,white
2018HU1283782,5,2,51020,3,70_79,m,civilian.employed,same.house,i.10000.14999,us.born,married,no.schooling,without.disability,private.no.profit,with.insurance,white
2018HU0829373,5,1,51246,3,60_69,m,not.in.labor.force,same.house,i.0.9999,us.born,divorced,no.schooling,without.disability,state,with.insurance,white
2018HU0503590,5,1,51164,3,70_79,f,not.in.labor.force,same.house,i.0.9999,naturalization,married,no.schooling,without.disability,not.working,with.insurance,asian
2018HU0250496,5,1,51010,3,70_79,f,not.in.labor.force,same.house,i.0.9999,us.born,married,no.schooling,without.disability,not.working,with.insurance,white
2018HU1036596,5,3,51165,3,80_89,f,not.in.labor.force,same.house,i.0.9999,not.citizen,widowed,no.schooling,with.disability,not.working,without.insurance,asian
2018HU0042398,5,1,10702,3,30_39,f,civilian.employed,same.house,i.75000.99999,naturalization,married,no.schooling,without.disability,federal,with.insurance,asian
2018HU0229765,5,1,51090,3,50_59,f,civilian.employed,same.house,i.75000.99999,us.born,separated,no.schooling,without.disability,private.profit,with.insurance,white
2018HU0015624,5,1,51115,3,20_29,f,civilian.employed,same.house,i.0.9999,us.born,never,public,without.disability,private.profit,with.insurance,white
2018HU0807924,5,1,51090,3,30_39,m,civilian.employed,same.house,i.75000.99999,us.born,married,no.schooling,without.disability,federal,with.insurance,white
2018HU0150696,5,1,51255,3,0_9,f,not.in.labor.force,diff.us.house,i.75000.99999,us.born,never,no.schooling,without.disability,not.working,with.insurance,two.
2018HU0921194,5,1,51110,3,30_39,f,civilian.employed,same.house,i.75000.99999,us.born,married,no.schooling,without.disability,self.employed.no.corp,with.insurance,asian
2018HU0203759,5,1,55002,3,70_79,f,not.in.labor.force,same.house,i.0.9999,not.citizen,married,no.schooling,without.disability,not.working,with.insurance,white
2018HU0043244,5,2,51095,3,0_9,f,not.in.labor.force,diff.us.house,i.75000.99999,us.born,never,no.schooling,without.disability,not.working,with.insurance,other
2018HU1133578,5,2,51135,3,50_59,m,civilian.employed,same.house,i.75000.99999,us.born,married,no.schooling,without.disability,private.profit,with.insurance,white
2018HU0531764,5,1,59306,3,0_9,f,not.in.labor.force,same.house,i.75000.99999,us.born,never,no.schooling,without.disability,not.working,with.insurance,white
2018HU0208077,5,1,59302,3,50_59,f,not.in.labor.force,same.house,i.0.9999,naturalization,married,no.schooling,without.disability,self.employed.corp,with.insurance,white
2018HU0708512,5,1,1301,3,30_39,f,civilian.employed,same.house,i.75000.99999,us.born,never,no.schooling,without.disability,federal,with.insurance,black
2018HU1265994,5,1,4101,3,20_29,f,not.in.labor.force,same.house,i.0.9999,not.citizen,never,public,without.disability,not.working,with.insurance,asian
2018HU0482992,5,2,51186,3,50_59,m,civilian.employed,same.house,i.75000.99999,us.born,divorced,no.schooling,without.disability,private.profit,with.insurance,white
2018HU0121779,5,1,51135,3,20_29,m,civilian.employed,same.house,i.15000.24999,not.citizen,divorced,public,without.disability,private.profit,with.insurance,asian
2018HU1399857,5,4,51097,3,10_19,m,not.in.labor.force,same.house,i.75000.99999,us.born,never,no.schooling,with.disability,not.working,with.insurance,asian
2018HU0380030,5,3,10703,3,10_19,f,not.in.labor.force,same.house,i.0.9999,abroad.born,never,public,without.disability,not.working,with.insurance,two.
2018HU1146011,5,1,51165,3,70_79,m,unemployed,same.house,i.0.9999,us.born,married,no.schooling,without.disability,private.profit,with.insurance,white
2018HU1031745,5,1,51115,3,60_69,f,not.in.labor.force,same.house,i.0.9999,us.born,married,no.schooling,without.disability,not.working,with.insurance,white
2018HU0145580,5,2,51167,3,50_59,m,civilian.employed,same.house,i.15000.24999,us.born,married,no.schooling,without.disability,self.employed.corp,with.insurance,white
2018HU0935560,5,2,10701,3,20_29,f,not.in.labor.force,same.house,i.0.9999,us.born,married,no.schooling,with.disability,private.profit,with.insurance,white
2018HU1270800,5,2,55002,3,40_49,f,civilian.employed,same.house,i.75000.99999,us.born,married,no.schooling,without.disability,federal,with.insurance,white
2018HU0480907,5,3,51245,3,30_39,m,civilian.employed,same.house,i.75000.99999,not.citizen,never,no.schooling,without.disability,private.profit,with.insurance,white
2018HU0137839,5,1,55002,3,60_69,f,civilian.employed,same.house,i.75000.99999,us.born,divorced,no.schooling,with.disability,private.profit,with.insurance,white
2018HU0060820,5,4,10702,3,30_39,m,civilian.employed,same.house,i.75000.99999,naturalization,married,no.schooling,with.disability,private.profit,with.insurance,white
2018HU1097066,5,1,51090,3,30_39,f,civilian.employed,same.house,i.25000.34999,us.born,married,private,without.disability,local,with.insurance,other
2018HU0843436,5,1,51045,3,40_49,f,civilian.employed,same.house,i.75000.99999,naturalization,married,no.schooling,without.disability,private.no.profit,with.insurance,asian
2018HU1365938,5,1,51084,3,70_79,f,not.in.labor.force,same.house,i.0.9999,naturalization,widowed,no.schooling,without.disability,not.working,with.insurance,white
2018HU0358643,5,1,51095,3,30_39,m,civilian.employed,same.house,i.75000.99999,us.born,married,no.schooling,without.disability,self.employed.corp,with.insurance,black
2018HU0427555,5,1,59306,3,20_29,m,not.in.labor.force,same.house,i.0.9999,us.born,never,no.schooling,with.disability,local,with.insurance,white
2018HU0359312,5,5,51215,3,10_19,m,not.in.labor.force,same.house,i.75000.99999,us.born,never,public,without.disability,not.working,with.insurance,white
2018HU0671946,5,1,55001,3,0_9,m,not.in.labor.force,same.house,i.75000.99999,us.born,never,no.schooling,without.disability,not.working,with.insurance,black
2018HU1290507,5,3,51097,3,10_19,m,not.in.labor.force,diff.us.house,i.75000.99999,abroad.born,never,public,without.disability,not.working,with.insurance,two.
2018HU0929213,5,2,51115,3,50_59,m,civilian.employed,same.house,i.75000.99999,us.born,married,no.schooling,without.disability,private.profit,with.insurance,white
2018HU1166659,5,2,51167,3,0_9,m,not.in.labor.force,same.house,i.75000.99999,us.born,never,public,with.disability,not.working,with.insurance,white
2018HU0911567,5,2,4102,3,10_19,f,not.in.labor.force,same.house,i.75000.99999,us.born,never,public,without.disability,not.working,with.insurance,white
2018HU0073546,5,1,51225,3,0_9,m,not.in.labor.force,same.house,i.75000.99999,us.born,never,public,without.disability,not.working,with.insurance,white
2018HU0145580,5,1,51255,3,10_19,f,not.in.labor.force,same.house,i.75000.99999,us.born,never,public,without.disability,not.working,with.insurance,white
2018HU1165304,5,3,51125,3,40_49,f,civilian.employed,same.house,i.75000.99999,us.born,married,no.schooling,without.disability,federal,with.insurance,white
2018HU0097273,5,2,51097,3,10_19,m,not.in.labor.force,same.house,i.0.9999,us.born,never,public,without.disability,not.working,with.insurance,white
2018HU1194380,5,3,59304,3,50_59,f,not.in.labor.force,same.house,i.65000.74999,puerto.rico.born,married,no.schooling,without.disability,local,with.insurance,two.
2018HU0647386,5,1,59303,3,70_79,f,not.in.labor.force,same.house,i.0.9999,puerto.rico.born,married,no.schooling,without.disability,not.working,with.insurance,white
2018HU1217286,5,1,51045,3,40_49,f,unemployed,abroad.house,i.0.9999,us.born,married,no.schooling,without.disability,not.working,with.insurance,white
2018HU0402909,5,1,51090,3,40_49,f,civilian.employed,same.house,i.25000.34999,naturalization,married,no.schooling,with.disability,private.profit,without.insurance,asian
2018HU0958942,5,5,51087,3,40_49,m,civilian.employed,same.house,i.75000.99999,us.born,married,no.schooling,without.disability,private.profit,with.insurance,white
2018HU1369291,5,1,4102,3,60_69,m,civilian.employed,same.house,i.10000.14999,naturalization,married,no.schooling,without.disability,state,with.insurance,asian
2018HU0421893,5,1,51206,3,40_49,f,civilian.employed,same.house,i.0.9999,us.born,divorced,no.schooling,without.disability,self.employed.no.corp,with.insurance,white
2018HU0023557,5,1,51105,3,60_69,f,civilian.employed,same.house,i.0.9999,naturalization,separated,no.schooling,with.disability,local,with.insurance,white
2018HU0505638,5,1,55001,3,50_59,m,civilian.employed,same.house,i.75000.99999,naturalization,married,no.schooling,without.disability,self.employed.corp,with.insurance,asian
2018HU0396414,5,3,59309,3,60_69,f,not.in.labor.force,same.house,i.0.9999,us.born,married,no.schooling,without.disability,not.working,with.insurance,white
2018HU0487480,5,1,51090,3,60_69,m,not.in.labor.force,same.house,i.25000.34999,us.born,married,no.schooling,without.disability,private.profit,with.insurance,white
2018HU0648755,5,2,59309,3,80_89,f,not.in.labor.force,same.house,i.0.9999,naturalization,widowed,no.schooling,without.disability,not.working,with.insurance,asian
2018HU1302578,5,1,51084,3,10_19,f,not.in.labor.force,same.house,i.75000.99999,us.born,never,public,without.disability,not.working,with.insurance,white
2018HU0257653,5,1,51135,3,40_49,m,civilian.employed,same.house,i.75000.99999,not.citizen,never,no.schooling,without.disability,federal,with.insurance,white
2018HU0294457,5,1,51224,3,70_79,f,not.in.labor.force,same.house,i.0.9999,us.born,married,no.schooling,with.disability,not.working,with.insurance,white
2018HU0359179,5,1,51235,3,40_49,m,civilian.employed,same.house,i.75000.99999,us.born,divorced,no.schooling,without.disability,private.profit,with.insurance,white
2018HU0985970,5,2,59303,3,50_59,m,civilian.employed,same.house,i.75000.99999,us.born,married,no.schooling,without.disability,local,with.insurance,white
2018HU1122328,5,2,59303,3,70_79,f,civilian.employed,same.house,i.0.9999,us.born,married,no.schooling,without.disability,private.profit,with.insurance,white
2018HU1158356,5,1,59301,3,50_59,m,civilian.employed,same.house,i.75000.99999,naturalization,married,no.schooling,without.disability,private.no.profit,without.insurance,asian
2018HU1258373,5,2,51120,3,10_19,m,not.in.labor.force,same.house,i.75000.99999,us.born,never,public,without.disability,not.working,with.insurance,asian
2018HU0524806,5,1,51206,3,0_9,m,not.in.labor.force,same.house,i.75000.99999,us.born,never,no.schooling,without.disability,not.working,with.insurance,asian
2018HU0163367,5,1,51135,3,30_39,m,civilian.employed,same.house,i.75000.99999,us.born,married,no.schooling,without.disability,private.profit,with.insurance,white
2018HU0194241,5,3,59304,3,40_49,f,civilian.employed,same.house,i.0.9999,us.born,married,no.schooling,without.disability,private.no.profit,with.insurance,white
2018HU0988145,5,3,10701,3,50_59,m,civilian.employed,same.house,i.65000.74999,us.born,married,no.schooling,without.disability,private.no.profit,with.insurance,white
2018HU0603469,5,1,59302,3,50_59,f,civilian.employed,same.house,i.75000.99999,naturalization,divorced,no.schooling,without.disability,private.profit,with.insurance,asian
2018HU0200758,5,1,55002,3,60_69,m,not.in.labor.force,same.house,i.0.9999,us.born,married,no.schooling,without.disability,not.working,with.insurance,white
2018HU0733140,5,1,51105,3,0_9,m,not.in.labor.force,same.house,i.75000.99999,us.born,never,no.schooling,with.disability,not.working,with.insurance,white
2018HU0144881,5,2,51155,3,60_69,f,civilian.employed,same.house,i.75000.99999,naturalization,married,no.schooling,without.disability,private.profit,with.insurance,white
2018HU0041248,5,5,51135,3,50_59,f,civilian.employed,same.house,i.75000.99999,us.born,married,no.schooling,without.disability,private.no.profit,without.insurance,white
2018HU1248995,5,1,51175,3,60_69,f,civilian.employed,same.house,i.0.9999,us.born,married,no.schooling,with.disability,self.employed.no.corp,with.insurance,white
2018HU1258998,5,2,51095,3,80_89,f,not.in.labor.force,same.house,i.0.9999,us.born,widowed,no.schooling,without.disability,not.working,with.insurance,white
2018HU0082438,5,2,51164,3,10_19,m,not.in.labor.force,diff.us.house,i.0.9999,us.born,never,public,without.disability,not.working,with.insurance,white
2018HU0299147,5,1,51215,3,10_19,m,not.in.labor.force,same.house,i.0.9999,us.born,never,public,without.disability,not.working,without.insurance,white
2018HU0117747,5,1,51224,3,20_29,f,civilian.employed,same.house,i.50000.64999,us.born,never,no.schooling,without.disability,private.profit,without.insurance,white
2018HU0285152,5,2,51080,3,0_9,f,not.in.labor.force,same.house,i.75000.99999,us.born,never,no.schooling,without.disability,not.working,with.insurance,asian
2018HU1246099,5,1,55001,3,50_59,m,civilian.employed,same.house,i.50000.64999,puerto.rico.born,married,no.schooling,without.disability,private.profit,with.insurance,white
2018HU0481872,5,1,51089,3,10_19,m,not.in.labor.force,same.house,i.0.9999,abroad.born,never,public,without.disability,not.working,with.insurance,white
2018HU1345399,5,2,59302,3,0_9,m,not.in.labor.force,same.house,i.75000.99999,us.born,never,private,without.disability,not.working,with.insurance,white
2018HU1187913,5,1,51044,3,60_69,m,civilian.employed,same.house,i.75000.99999,us.born,married,no.schooling,without.disability,private.profit,with.insurance,white
2018HU0846058,5,1,51206,3,50_59,m,civilian.employed,same.house,i.75000.99999,us.born,divorced,public,without.disability,private.profit,with.insurance,other
2018HU0776040,5,5,51246,3,80_89,f,not.in.labor.force,same.house,i.0.9999,us.born,widowed,no.schooling,without.disability,not.working,with.insurance,white
2018HU0569740,5,1,51096,3,20_29,f,civilian.employed,diff.us.house,i.50000.64999,us.born,never,no.schooling,without.disability,private.profit,with.insurance,white
2018HU0611888,5,2,59309,3,0_9,f,not.in.labor.force,same.house,i.75000.99999,us.born,never,public,without.disability,not.working,with.insurance,asian
2018HU0256258,5,2,51145,3,40_49,f,civilian.employed,same.house,i.50000.64999,naturalization,never,no.schooling,without.disability,private.profit,with.insurance,asian
2018HU0779055,5,3,4102,3,30_39,f,civilian.employed,same.house,i.65000.74999,naturalization,married,no.schooling,without.disability,private.profit,with.insurance,asian
2018HU0799104,5,1,51154,3,20_29,f,not.in.labor.force,same.house,i.0.9999,not.citizen,married,no.schooling,without.disability,not.working,without.insurance,other
2018HU0968314,5,2,51045,3,30_39,m,civilian.employed,diff.us.house,i.35000.49999,us.born,never,no.schooling,without.disability,self.employed.corp,without.insurance,white
2018HU0880389,5,1,51040,3,40_49,m,civilian.employed,same.house,i.75000.99999,naturalization,married,no.schooling,without.disability,federal,with.insurance,asian
2018HU0770437,5,1,51154,3,20_29,m,civilian.employed,same.house,i.75000.99999,not.citizen,never,no.schooling,without.disability,private.profit,with.insurance,asian
2018HU0378358,5,4,59309,3,30_39,m,civilian.employed,same.house,i.35000.49999,us.born,married,no.schooling,without.disability,state,with.insurance,white
2018HU0784994,5,1,51097,3,60_69,f,not.in.labor.force,same.house,i.0.9999,us.born,married,no.schooling,without.disability,not.working,with.insurance,white
2018HU1028739,5,3,59303,3,10_19,f,not.in.labor.force,same.house,i.75000.99999,us.born,never,public,without.disability,not.working,with.insurance,white
2018HU0639485,5,2,51125,3,50_59,f,civilian.employed,same.house,i.15000.24999,naturalization,married,no.schooling,without.disability,private.profit,with.insurance,asian
2018HU0377255,5,1,59303,3,50_59,f,not.in.labor.force,same.house,i.25000.34999,naturalization,married,no.schooling,without.disability,federal,with.insurance,asian
2018HU1398178,5,2,51040,3,60_69,m,not.in.labor.force,same.house,i.0.9999,us.born,divorced,no.schooling,without.disability,federal,with.insurance,black
2018HU1168202,5,1,51087,3,0_9,m,not.in.labor.force,same.house,i.75000.99999,us.born,never,private,without.disability,not.working,with.insurance,white
2018HU0961795,5,3,51175,3,20_29,f,civilian.employed,same.house,i.0.9999,us.born,never,public,without.disability,local,with.insurance,white
2018HU0960156,5,1,4103,3,30_39,f,civilian.employed,same.house,i.75000.99999,us.born,married,no.schooling,without.disability,federal,with.insurance,black
2018HU1173191,5,4,1302,3,60_69,m,not.in.labor.force,same.house,i.0.9999,us.born,married,no.schooling,without.disability,federal,with.insurance,white
2018HU0985495,5,3,51154,3,0_9,f,not.in.labor.force,same.house,i.75000.99999,us.born,never,private,without.disability,not.working,with.insurance,white
2018HU0427030,5,1,51154,3,40_49,m,armed.forces,same.house,i.75000.99999,puerto.rico.born,married,no.schooling,without.disability,federal,with.insurance,white
2018HU0470310,5,3,51206,3,50_59,f,not.in.labor.force,same.house,i.0.9999,naturalization,married,public,without.disability,not.working,with.insurance,asian
2018HU0522054,5,2,51105,3,70_79,m,not.in.labor.force,same.house,i.0.9999,abroad.born,divorced,no.schooling,without.disability,not.working,with.insurance,white
2018HU1140131,5,4,55002,3,30_39,f,civilian.employed,diff.us.house,i.25000.34999,naturalization,divorced,no.schooling,without.disability,private.profit,with.insurance,two.
2018HU0521635,5,6,51145,3,20_29,f,civilian.employed,same.house,i.15000.24999,us.born,never,no.schooling,without.disability,private.no.profit,with.insurance,black
2018HU0034014,5,2,59306,3,30_39,m,civilian.employed,diff.us.house,i.75000.99999,us.born,married,no.schooling,without.disability,private.profit,with.insurance,white
2018HU0516934,5,1,51120,3,0_9,m,not.in.labor.force,same.house,i.75000.99999,us.born,never,private,without.disability,not.working,with.insurance,white
2018HU1399905,5,4,10701,3,70_79,m,not.in.labor.force,same.house,i.0.9999,us.born,married,no.schooling,without.disability,not.working,with.insurance,white
2018HU0260902,5,1,51135,3,50_59,f,civilian.employed,same.house,i.75000.99999,naturalization,married,no.schooling,without.disability,private.profit,with.insurance,white
2018HU0427555,5,1,51135,3,50_59,f,civilian.employed,same.house,i.50000.64999,us.born,separated,no.schooling,without.disability,local,with.insurance,white
2018HU0817842,5,1,51040,3,70_79,m,not.in.labor.force,same.house,i.0.9999,us.born,married,no.schooling,with.disability,not.working,with.insurance,white
2018HU1170132,5,1,51175,3,40_49,m,civilian.employed,same.house,i.75000.99999,us.born,married,no.schooling,without.disability,federal,with.insurance,white
2018HU0934735,5,2,51120,3,20_29,f,civilian.employed,same.house,i.10000.14999,not.citizen,married,no.schooling,without.disability,private.profit,with.insurance,two.
2018HU0579644,5,3,51235,3,50_59,f,civilian.employed,same.house,i.50000.64999,us.born,never,no.schooling,without.disability,federal,with.insurance,white
2018GQ0144083,5,1,51105,3,60_69,m,not.in.labor.force,diff.us.house,i.35000.49999,not.citizen,divorced,no.schooling,without.disability,private.profit,without.insurance,white
2018HU0858646,5,1,51154,3,80_89,m,civilian.employed,same.house,i.15000.24999,us.born,married,no.schooling,without.disability,federal,with.insurance,white
2018HU0602975,5,1,51224,3,0_9,m,not.in.labor.force,same.house,i.75000.99999,us.born,never,public,without.disability,not.working,with.insurance,white
2018HU0461303,5,1,59305,3,40_49,f,not.in.labor.force,same.house,i.0.9999,us.born,married,no.schooling,without.disability,not.working,with.insurance,white
2018HU1236738,5,1,51125,3,50_59,m,civilian.employed,same.house,i.75000.99999,naturalization,married,no.schooling,without.disability,private.profit,with.insurance,asian
2018HU0643455,5,4,10703,3,20_29,m,civilian.employed,diff.us.house,i.75000.99999,us.born,never,no.schooling,without.disability,private.profit,with.insurance,white
2018HU0728567,5,4,55002,3,20_29,m,unemployed,same.house,i.0.9999,us.born,never,no.schooling,without.disability,private.profit,with.insurance,two.
2018HU0029891,5,1,51040,3,0_9,m,not.in.labor.force,same.house,i.75000.99999,us.born,never,no.schooling,without.disability,not.working,with.insurance,two.
2018HU0638403,5,2,51167,3,50_59,f,not.in.labor.force,same.house,i.0.9999,us.born,married,no.schooling,with.disability,not.working,with.insurance,white
2018HU0320656,5,1,51040,3,30_39,m,civilian.employed,same.house,i.35000.49999,us.born,never,no.schooling,without.disability,private.no.profit,with.insurance,white
2018HU0642828,5,1,55002,3,50_59,f,civilian.employed,diff.us.house,i.75000.99999,us.born,married,no.schooling,without.disability,federal,with.insurance,white
2018HU1251103,5,1,51154,3,20_29,m,civilian.employed,same.house,i.25000.34999,not.citizen,never,no.schooling,without.disability,private.profit,without.insurance,other
2018HU0674612,5,1,51080,3,30_39,f,civilian.employed,same.house,i.75000.99999,us.born,married,no.schooling,without.disability,private.profit,with.insurance,white
2018HU0303628,5,1,51135,3,50_59,m,civilian.employed,same.house,i.15000.24999,naturalization,married,no.schooling,without.disability,private.profit,with.insurance,asian
2018HU1258373,5,2,51120,3,10_19,m,not.in.labor.force,same.house,i.75000.99999,us.born,never,public,without.disability,not.working,with.insurance,asian
2018HU1073770,5,3,51167,3,30_39,m,civilian.employed,same.house,i.75000.99999,us.born,married,no.schooling,without.disability,private.no.profit,with.insurance,white
2018HU1202860,5,1,1301,3,0_9,f,not.in.labor.force,same.house,i.75000.99999,us.born,never,public,without.disability,not.working,with.insurance,white
2018HU0021188,5,1,51096,3,10_19,f,not.in.labor.force,same.house,i.75000.99999,us.born,never,public,without.disability,not.working,with.insurance,white
2018HU0695411,5,1,59303,3,10_19,m,not.in.labor.force,same.house,i.0.9999,naturalization,never,public,without.disability,not.working,with.insurance,white
2018HU1209512,5,1,51040,3,50_59,m,unemployed,same.house,i.0.9999,us.born,married,public,without.disability,private.no.profit,with.insurance,white
2018HU0887557,5,2,51045,3,10_19,f,not.in.labor.force,same.house,i.75000.99999,us.born,never,public,without.disability,not.working,with.insurance,white
2018HU0259964,5,2,51154,3,50_59,f,civilian.employed,same.house,i.75000.99999,naturalization,married,no.schooling,without.disability,private.profit,with.insurance,asian
2018HU0868830,5,1,51097,3,40_49,f,civilian.employed,same.house,i.50000.64999,us.born,divorced,no.schooling,without.disability,local,with.insurance,white
2018HU1145570,5,3,4102,3,0_9,m,not.in.labor.force,same.house,i.75000.99999,us.born,never,private,without.disability,not.working,with.insurance,white
2018HU0723488,5,1,59303,3,60_69,m,civilian.employed,same.house,i.75000.99999,us.born,divorced,no.schooling,without.disability,private.no.profit,with.insurance,white
2018HU1034312,5,1,51175,3,10_19,f,not.in.labor.force,same.house,i.75000.99999,us.born,never,public,without.disability,not.working,with.insurance,white
2018HU1208038,5,1,51246,3,40_49,m,civilian.employed,same.house,i.75000.99999,abroad.born,married,no.schooling,without.disability,private.profit,with.insurance,white
2018HU0562448,5,1,51255,3,30_39,f,unemployed,same.house,i.0.9999,not.citizen,widowed,no.schooling,without.disability,self.employed.no.corp,with.insurance,white
2018HU0699304,5,2,10701,3,30_39,m,civilian.employed,diff.us.house,i.75000.99999,us.born,married,public,without.disability,private.profit,with.insurance,white
2018HU0441878,5,1,51164,3,70_79,m,not.in.labor.force,same.house,i.0.9999,us.born,married,no.schooling,without.disability,not.working,with.insurance,white
2018HU0603045,5,1,51145,3,30_39,f,civilian.employed,same.house,i.50000.64999,us.born,married,no.schooling,without.disability,local,with.insurance,white
2018HU0535136,5,1,51010,3,40_49,f,not.in.labor.force,same.house,i.0.9999,us.born,divorced,private,with.disability,not.working,with.insurance,black
2018HU1190647,5,1,51040,3,40_49,f,civilian.employed,same.house,i.0.9999,not.citizen,married,no.schooling,without.disability,local,with.insurance,white
2018HU0683039,5,1,59303,3,0_9,m,not.in.labor.force,same.house,i.75000.99999,us.born,never,public,without.disability,not.working,with.insurance,white
2018HU0204225,5,2,55002,3,50_59,m,civilian.employed,same.house,i.50000.64999,us.born,married,no.schooling,without.disability,private.profit,with.insurance,white
2018HU0937354,5,1,51215,3,50_59,f,civilian.employed,same.house,i.75000.99999,us.born,married,no.schooling,without.disability,private.profit,with.insurance,white
2018HU1136651,5,1,51215,3,30_39,f,civilian.employed,same.house,i.75000.99999,not.citizen,married,no.schooling,without.disability,private.profit,with.insurance,asian
2018HU1206260,5,1,51154,3,0_9,m,not.in.labor.force,same.house,i.75000.99999,us.born,never,private,without.disability,not.working,with.insurance,white
2018HU0505924,5,1,59307,3,10_19,m,not.in.labor.force,diff.us.house,i.75000.99999,us.born,never,public,without.disability,not.working,with.insurance,white
2018HU0332561,5,2,51010,3,50_59,m,civilian.employed,same.house,i.75000.99999,us.born,married,no.schooling,without.disability,federal,with.insurance,white
2018HU0191103,5,1,51255,3,50_59,m,civilian.employed,same.house,i.0.9999,us.born,married,no.schooling,without.disability,self.employed.no.corp,with.insurance,white
2018HU0816255,5,1,51215,3,40_49,m,civilian.employed,same.house,i.65000.74999,naturalization,married,no.schooling,without.disability,private.profit,with.insurance,white
2018HU0273043,5,1,51045,3,70_79,m,not.in.labor.force,same.house,i.0.9999,us.born,married,no.schooling,with.disability,federal,with.insurance,white
2018HU1176889,5,1,51125,3,80_89,m,civilian.employed,same.house,i.0.9999,naturalization,married,no.schooling,with.disability,self.employed.no.corp,with.insurance,asian
2018HU0491909,5,4,51145,3,60_69,m,civilian.employed,same.house,i.50000.64999,us.born,married,no.schooling,without.disability,private.no.profit,with.insurance,white
2018HU1113029,5,1,1302,3,10_19,m,not.in.labor.force,same.house,i.0.9999,us.born,never,private,without.disability,private.profit,with.insurance,white
2018HU1243545,5,2,51225,3,0_9,f,not.in.labor.force,abroad.house,i.75000.99999,not.citizen,never,no.schooling,without.disability,not.working,with.insurance,asian
2018HU0444976,5,1,4102,3,0_9,f,not.in.labor.force,diff.us.house,i.75000.99999,us.born,never,public,without.disability,not.working,with.insurance,white
2018HU0298824,5,1,51096,3,30_39,f,civilian.employed,same.house,i.65000.74999,naturalization,divorced,no.schooling,without.disability,state,with.insurance,black
2018HU1232492,5,2,59304,3,50_59,f,not.in.labor.force,same.house,i.0.9999,us.born,married,no.schooling,without.disability,not.working,with.insurance,white
2018HU0739850,5,1,59305,3,70_79,f,not.in.labor.force,same.house,i.0.9999,naturalization,married,no.schooling,without.disability,not.working,with.insurance,white
2018HU0485327,5,3,51186,3,40_49,f,civilian.employed,same.house,i.15000.24999,abroad.born,divorced,no.schooling,without.disability,private.no.profit,with.insurance,asian
2018HU0721857,5,2,51110,3,60_69,f,civilian.employed,same.house,i.75000.99999,us.born,never,no.schooling,without.disability,local,with.insurance,black
2018HU0660003,5,1,51154,3,30_39,f,civilian.employed,same.house,i.75000.99999,us.born,married,no.schooling,without.disability,private.profit,with.insurance,white
2018HU0974893,5,2,51215,3,20_29,m,armed.forces,diff.us.house,i.50000.64999,us.born,married,public,without.disability,federal,with.insurance,black
2018HU0926619,5,2,51154,3,10_19,m,not.in.labor.force,same.house,i.75000.99999,us.born,never,public,without.disability,not.working,with.insurance,white
2018HU1077053,5,2,59309,3,60_69,m,not.in.labor.force,same.house,i.0.9999,naturalization,married,no.schooling,without.disability,not.working,with.insurance,asian
2018HU1333608,5,3,59303,3,0_9,m,not.in.labor.force,same.house,i.75000.99999,us.born,never,public,without.disability,not.working,with.insurance,white
2018HU0969506,5,1,51044,3,60_69,m,not.in.labor.force,same.house,i.0.9999,us.born,married,no.schooling,without.disability,not.working,with.insurance,white
2018HU0191103,5,1,51224,3,40_49,f,civilian.employed,same.house,i.0.9999,us.born,married,no.schooling,without.disability,not.working,with.insurance,white
2018HU0359986,5,2,10701,3,60_69,m,civilian.employed,same.house,i.75000.99999,us.born,married,no.schooling,without.disability,private.profit,with.insurance,white
2018HU1084374,5,1,51145,3,20_29,f,civilian.employed,diff.us.house,i.75000.99999,not.citizen,never,private,without.disability,private.profit,with.insurance,asian
2018HU0707325,5,1,51097,3,0_9,f,not.in.labor.force,same.house,i.75000.99999,us.born,never,no.schooling,without.disability,not.working,with.insurance,white
2018HU1372402,5,4,59306,3,50_59,m,civilian.employed,same.house,i.75000.99999,us.born,married,no.schooling,without.disability,private.profit,with.insurance,white
2018HU0748243,5,3,51246,3,70_79,f,not.in.labor.force,same.house,i.0.9999,us.born,widowed,no.schooling,without.disability,not.working,with.insurance,white
2018HU0201352,5,1,51120,3,30_39,m,civilian.employed,same.house,i.75000.99999,us.born,married,no.schooling,without.disability,federal,with.insurance,white
2018HU1144433,5,1,51096,3,40_49,m,civilian.employed,diff.us.house,i.50000.64999,us.born,married,no.schooling,without.disability,private.profit,with.insurance,white
2018HU0247375,5,3,59302,3,20_29,f,civilian.employed,same.house,i.15000.24999,us.born,married,no.schooling,without.disability,private.profit,with.insurance,white
2018HU0175859,5,5,10703,3,30_39,m,civilian.employed,same.house,i.10000.14999,us.born,never,no.schooling,without.disability,private.profit,with.insurance,white
2018HU1181102,5,2,51097,3,30_39,f,civilian.employed,same.house,i.50000.64999,us.born,married,no.schooling,without.disability,private.profit,with.insurance,black
2018HU0345652,5,2,59303,3,0_9,f,not.in.labor.force,diff.us.house,i.75000.99999,us.born,never,public,without.disability,not.working,with.insurance,asian
2018HU0191899,5,1,51010,3,10_19,f,not.in.labor.force,same.house,i.75000.99999,us.born,never,public,without.disability,not.working,with.insurance,white
2018HU1316050,5,3,55002,3,50_59,m,civilian.employed,same.house,i.75000.99999,us.born,married,no.schooling,without.disability,federal,with.insurance,white
2018HU0275657,5,1,51125,3,60_69,m,civilian.employed,same.house,i.75000.99999,us.born,married,no.schooling,without.disability,private.profit,with.insurance,white
2018HU0462765,5,4,51045,3,0_9,m,not.in.labor.force,same.house,i.75000.99999,us.born,never,private,without.disability,not.working,with.insurance,white
2018HU0813209,5,2,51165,3,50_59,m,civilian.employed,abroad.house,i.75000.99999,abroad.born,married,no.schooling,with.disability,federal,with.insurance,white
2018HU0988965,5,2,59305,3,60_69,m,not.in.labor.force,same.house,i.0.9999,us.born,married,no.schooling,without.disability,federal,with.insurance,white
2018HU1076217,5,2,51105,3,50_59,f,civilian.employed,same.house,i.25000.34999,us.born,married,no.schooling,without.disability,private.profit,with.insurance,white
2018HU0144115,5,1,59303,3,10_19,m,not.in.labor.force,same.house,i.0.9999,us.born,married,public,without.disability,private.no.profit,with.insurance,asian
2018HU0363305,5,1,51154,3,60_69,m,civilian.employed,same.house,i.75000.99999,us.born,married,no.schooling,with.disability,local,with.insurance,white
2018HU0526489,5,6,10702,3,0_9,m,not.in.labor.force,same.house,i.75000.99999,us.born,never,public,without.disability,not.working,with.insurance,white
2018HU0192638,5,1,51125,3,40_49,f,civilian.employed,same.house,i.75000.99999,us.born,divorced,no.schooling,without.disability,local,with.insurance,white
2018HU0575662,5,1,51020,3,30_39,m,civilian.employed,same.house,i.75000.99999,us.born,married,no.schooling,without.disability,private.profit,with.insurance,asian
2018HU1266283,5,2,51135,3,30_39,m,civilian.employed,same.house,i.75000.99999,us.born,married,no.schooling,without.disability,federal,with.insurance,white
2018HU0638268,5,2,51090,3,10_19,f,not.in.labor.force,same.house,i.75000.99999,us.born,never,public,without.disability,not.working,with.insurance,white
2018HU1073490,5,1,51165,3,50_59,m,civilian.employed,same.house,i.75000.99999,us.born,married,no.schooling,without.disability,private.profit,with.insurance,white
2018HU0988965,5,1,51145,3,20_29,m,not.in.labor.force,same.house,i.0.9999,us.born,never,no.schooling,with.disability,not.working,with.insurance,white
2018HU1350190,5,1,51105,3,0_9,f,not.in.labor.force,diff.us.house,i.75000.99999,abroad.born,never,no.schooling,without.disability,not.working,with.insurance,white
2018HU0376670,5,1,51225,3,50_59,m,civilian.employed,same.house,i.75000.99999,us.born,married,no.schooling,with.disability,private.profit,with.insurance,white
2018HU0796317,5,1,51115,3,80_89,f,not.in.labor.force,same.house,i.0.9999,naturalization,married,no.schooling,without.disability,not.working,with.insurance,white
2018HU0580954,5,2,51110,3,20_29,f,civilian.employed,same.house,i.0.9999,puerto.rico.born,never,private,without.disability,private.profit,with.insurance,white
2018HU0040773,5,1,51020,3,60_69,f,not.in.labor.force,same.house,i.0.9999,us.born,married,no.schooling,without.disability,not.working,with.insurance,white
2018HU0954719,5,1,51097,3,10_19,f,not.in.labor.force,same.house,i.75000.99999,us.born,never,public,without.disability,not.working,with.insurance,white
2018HU0491341,5,1,59307,3,20_29,f,civilian.employed,same.house,i.0.9999,us.born,married,no.schooling,without.disability,self.employed.no.corp,with.insurance,white
2018HU1303683,5,4,51224,3,0_9,m,not.in.labor.force,same.house,i.75000.99999,us.born,never,public,without.disability,not.working,with.insurance,asian
2018HU0932535,5,4,51246,3,10_19,f,not.in.labor.force,same.house,i.75000.99999,us.born,never,public,without.disability,not.working,with.insurance,asian
2018HU0533163,5,1,51044,3,0_9,f,not.in.labor.force,same.house,i.75000.99999,us.born,never,private,without.disability,not.working,with.insurance,asian
2018HU1389600,5,2,59308,3,60_69,m,civilian.employed,same.house,i.75000.99999,us.born,married,no.schooling,without.disability,self.employed.corp,with.insurance,white
2018HU0949105,5,1,51040,3,30_39,m,not.in.labor.force,same.house,i.0.9999,us.born,never,private,without.disability,local,with.insurance,white
2018HU0666659,5,1,51044,3,50_59,f,civilian.employed,same.house,i.75000.99999,naturalization,divorced,no.schooling,without.disability,federal,with.insurance,asian
2018HU0037491,5,1,51164,3,70_79,m,civilian.employed,same.house,i.75000.99999,us.born,married,no.schooling,without.disability,self.employed.corp,with.insurance,white
2018HU0183504,5,1,51145,3,30_39,f,civilian.employed,same.house,i.15000.24999,us.born,divorced,no.schooling,with.disability,private.profit,with.insurance,white
2018HU0591437,5,2,51105,3,30_39,m,civilian.employed,diff.us.house,i.75000.99999,us.born,married,no.schooling,without.disability,private.no.profit,without.insurance,white
2018HU0111783,5,1,51135,3,30_39,f,civilian.employed,diff.us.house,i.75000.99999,us.born,married,no.schooling,without.disability,private.no.profit,with.insurance,white
2018HU0330457,5,1,51010,3,40_49,m,unemployed,same.house,i.0.9999,us.born,married,no.schooling,without.disability,self.employed.no.corp,with.insurance,white
2018HU0964306,5,1,51105,3,70_79,f,not.in.labor.force,same.house,i.0.9999,us.born,married,no.schooling,without.disability,not.working,with.insurance,white
2018HU0696734,5,1,10701,3,50_59,f,civilian.employed,same.house,i.75000.99999,us.born,married,no.schooling,without.disability,private.profit,with.insurance,black
2018HU0176727,5,1,51105,3,0_9,f,not.in.labor.force,same.house,i.75000.99999,us.born,never,public,without.disability,not.working,with.insurance,white
2018HU1047775,5,3,59309,3,40_49,m,civilian.employed,same.house,i.50000.64999,naturalization,married,no.schooling,without.disability,private.profit,with.insurance,white
2018HU0953147,5,1,10701,3,50_59,f,civilian.employed,diff.us.house,i.0.9999,us.born,married,no.schooling,without.disability,private.profit,with.insurance,white
2018HU0602975,5,1,51224,3,0_9,m,not.in.labor.force,same.house,i.75000.99999,us.born,never,public,without.disability,not.working,with.insurance,white
2018HU0418908,5,2,51165,3,0_9,m,not.in.labor.force,same.house,i.75000.99999,us.born,never,no.schooling,without.disability,not.working,with.insurance,white
2018HU0359312,5,2,51215,3,30_39,f,not.in.labor.force,same.house,i.0.9999,naturalization,married,no.schooling,without.disability,private.profit,with.insurance,white
2018HU0728688,5,2,51206,3,30_39,m,unemployed,same.house,i.0.9999,us.born,never,no.schooling,with.disability,private.no.profit,with.insurance,white
2018HU0683039,5,1,51206,3,30_39,f,armed.forces,same.house,i.75000.99999,us.born,married,no.schooling,without.disability,federal,with.insurance,white
2018HU0329327,5,6,10702,3,30_39,m,civilian.employed,same.house,i.75000.99999,us.born,never,no.schooling,without.disability,private.profit,with.insurance,asian
2018HU0367268,5,1,51175,3,70_79,f,not.in.labor.force,same.house,i.0.9999,us.born,married,no.schooling,without.disability,private.no.profit,with.insurance,white
2018HU0822918,5,1,51084,3,80_89,f,not.in.labor.force,same.house,i.0.9999,us.born,married,no.schooling,without.disability,not.working,with.insurance,white
2018HU0098500,5,3,51155,3,50_59,m,civilian.employed,same.house,i.75000.99999,naturalization,married,no.schooling,without.disability,federal,with.insurance,asian
2018HU1067973,5,2,59304,3,80_89,m,not.in.labor.force,same.house,i.0.9999,us.born,married,no.schooling,with.disability,not.working,with.insurance,white
2018HU1054568,5,2,51225,3,30_39,f,civilian.employed,diff.us.house,i.75000.99999,us.born,married,no.schooling,without.disability,private.profit,with.insurance,white
2018HU0897004,5,1,51154,3,80_89,m,not.in.labor.force,same.house,i.0.9999,not.citizen,married,no.schooling,without.disability,not.working,with.insurance,asian
2018HU0343362,5,2,51165,3,10_19,f,not.in.labor.force,same.house,i.0.9999,us.born,never,public,without.disability,private.no.profit,with.insurance,white
2018HU1325134,5,1,51186,3,0_9,f,not.in.labor.force,same.house,i.75000.99999,us.born,never,no.schooling,without.disability,not.working,with.insurance,white
2018HU0526238,5,1,51135,3,30_39,f,not.in.labor.force,same.house,i.0.9999,naturalization,married,no.schooling,without.disability,private.no.profit,with.insurance,asian
2018HU0237825,5,1,59306,3,40_49,m,civilian.employed,diff.us.house,i.75000.99999,us.born,married,no.schooling,without.disability,private.profit,with.insurance,white
2018HU0975827,5,1,1302,3,50_59,m,civilian.employed,same.house,i.75000.99999,us.born,married,no.schooling,without.disability,private.profit,with.insurance,white
2018HU0472308,5,2,51154,3,20_29,f,civilian.employed,same.house,i.25000.34999,not.citizen,married,public,without.disability,private.profit,with.insurance,white
2018HU0523723,5,1,51040,3,50_59,m,civilian.employed,same.house,i.75000.99999,naturalization,divorced,no.schooling,without.disability,private.profit,with.insurance,white
2018HU0854632,5,1,51115,3,10_19,m,not.in.labor.force,same.house,i.0.9999,us.born,never,public,with.disability,not.working,with.insurance,black
2018HU0257653,5,1,51135,3,40_49,m,civilian.employed,same.house,i.75000.99999,not.citizen,never,no.schooling,without.disability,federal,with.insurance,white
2018HU0964306,5,1,51105,3,70_79,f,not.in.labor.force,same.house,i.0.9999,us.born,married,no.schooling,without.disability,not.working,with.insurance,white
2018HU0569830,5,1,51090,3,30_39,f,civilian.employed,same.house,i.35000.49999,us.born,married,no.schooling,without.disability,private.profit,with.insurance,white
2018HU0330457,5,3,51164,3,30_39,m,civilian.employed,same.house,i.75000.99999,us.born,married,no.schooling,without.disability,private.profit,with.insurance,white
2018HU0359179,5,1,51135,3,20_29,f,civilian.employed,same.house,i.10000.14999,us.born,never,no.schooling,without.disability,private.profit,with.insurance,white
2018HU1112572,5,3,51020,3,40_49,m,civilian.employed,same.house,i.0.9999,naturalization,never,no.schooling,without.disability,self.employed.no.corp,with.insurance,asian
2018HU0655476,5,3,51255,3,60_69,m,not.in.labor.force,same.house,i.0.9999,us.born,divorced,no.schooling,without.disability,federal,with.insurance,white
2018HU0108190,5,2,51246,3,50_59,m,armed.forces,same.house,i.75000.99999,us.born,married,no.schooling,without.disability,federal,with.insurance,white
2018HU0281819,5,1,51090,3,20_29,f,civilian.employed,same.house,i.25000.34999,us.born,never,public,without.disability,private.profit,with.insurance,white
2018HU1303683,5,1,59303,3,0_9,m,not.in.labor.force,same.house,i.75000.99999,us.born,never,no.schooling,without.disability,not.working,with.insurance,asian
2018HU1362191,5,1,51154,3,0_9,m,not.in.labor.force,same.house,i.75000.99999,us.born,never,public,with.disability,not.working,with.insurance,white
2018HU0603469,5,1,59302,3,50_59,f,civilian.employed,same.house,i.75000.99999,naturalization,divorced,no.schooling,without.disability,private.profit,with.insurance,asian
2018HU0453078,5,2,59302,3,50_59,f,civilian.employed,same.house,i.25000.34999,abroad.born,married,no.schooling,without.disability,local,with.insurance,white
2018HU1341707,5,1,51084,3,70_79,m,not.in.labor.force,same.house,i.0.9999,us.born,married,no.schooling,without.disability,not.working,with.insurance,white
2018HU0645182,5,2,10701,3,30_39,m,civilian.employed,same.house,i.25000.34999,us.born,never,no.schooling,without.disability,private.profit,with.insurance,black
2018HU1013896,5,2,51155,3,50_59,f,not.in.labor.force,same.house,i.0.9999,naturalization,married,no.schooling,without.disability,private.profit,without.insurance,white
2018HU1243291,5,3,51085,3,30_39,m,civilian.employed,same.house,i.35000.49999,us.born,married,no.schooling,without.disability,self.employed.corp,with.insurance,two.
2018HU1183580,5,2,51135,3,40_49,m,civilian.employed,same.house,i.75000.99999,us.born,never,no.schooling,without.disability,private.profit,with.insurance,white
2018HU0384766,5,2,10701,3,40_49,f,civilian.employed,same.house,i.75000.99999,us.born,never,no.schooling,without.disability,local,with.insurance,white
2018HU0988470,5,1,59309,3,0_9,f,not.in.labor.force,same.house,i.75000.99999,us.born,never,public,without.disability,not.working,with.insurance,two.
2018HU0924211,5,3,59309,3,40_49,m,civilian.employed,diff.us.house,i.25000.34999,naturalization,married,no.schooling,without.disability,private.profit,with.insurance,black
2018HU1127663,5,2,10702,3,50_59,f,civilian.employed,same.house,i.75000.99999,us.born,widowed,no.schooling,without.disability,federal,with.insurance,white
2018HU0538795,5,2,51246,3,40_49,m,civilian.employed,same.house,i.25000.34999,us.born,never,no.schooling,without.disability,private.profit,with.insurance,black
2018HU0433375,5,1,4103,3,0_9,m,not.in.labor.force,same.house,i.75000.99999,us.born,never,private,with.disability,not.working,with.insurance,two.
2018HU0715901,5,1,51154,3,20_29,f,not.in.labor.force,abroad.house,i.0.9999,naturalization,never,no.schooling,without.disability,not.working,with.insurance,asian
2018HU0042457,5,1,51135,3,60_69,f,not.in.labor.force,same.house,i.0.9999,us.born,divorced,no.schooling,without.disability,local,with.insurance,black
2018HU0673348,5,1,51206,3,60_69,f,not.in.labor.force,same.house,i.35000.49999,us.born,married,no.schooling,without.disability,private.profit,with.insurance,white
2018HU1006826,5,1,51085,3,40_49,m,civilian.employed,same.house,i.75000.99999,naturalization,divorced,no.schooling,without.disability,private.no.profit,with.insurance,asian
2018HU0395381,5,1,59301,3,70_79,f,not.in.labor.force,same.house,i.0.9999,us.born,married,no.schooling,with.disability,self.employed.corp,with.insurance,white
2018HU0107363,5,1,51135,3,50_59,m,civilian.employed,diff.us.house,i.35000.49999,not.citizen,never,no.schooling,without.disability,private.profit,without.insurance,black
2018HU1112572,5,2,51090,3,10_19,f,not.in.labor.force,same.house,i.0.9999,us.born,never,public,without.disability,not.working,with.insurance,asian
2018HU0559645,5,1,51084,3,40_49,f,civilian.employed,same.house,i.10000.14999,naturalization,married,no.schooling,without.disability,private.profit,with.insurance,two.
2018HU0462765,5,4,51045,3,0_9,m,not.in.labor.force,same.house,i.75000.99999,us.born,never,private,without.disability,not.working,with.insurance,white
2018HU0179323,5,1,51154,3,0_9,m,not.in.labor.force,same.house,i.75000.99999,us.born,never,public,without.disability,not.working,with.insurance,white
2018HU0390227,5,1,51154,3,70_79,f,not.in.labor.force,same.house,i.10000.14999,us.born,married,no.schooling,without.disability,local,with.insurance,white
2018HU0324663,5,1,59303,3,0_9,f,not.in.labor.force,diff.us.house,i.75000.99999,not.citizen,never,public,without.disability,not.working,with.insurance,two.
2018HU0874183,5,1,51040,3,50_59,m,not.in.labor.force,same.house,i.0.9999,naturalization,separated,no.schooling,with.disability,not.working,with.insurance,two.
2018HU0811665,5,2,59302,3,50_59,m,civilian.employed,same.house,i.75000.99999,naturalization,married,no.schooling,without.disability,self.employed.corp,with.insurance,asian
2018HU0822831,5,2,51165,3,10_19,f,civilian.employed,same.house,i.15000.24999,us.born,never,no.schooling,without.disability,private.profit,with.insurance,black
2018HU0821097,5,1,51224,3,0_9,m,not.in.labor.force,same.house,i.75000.99999,us.born,never,no.schooling,without.disability,not.working,with.insurance,white
2018HU0345652,5,2,4101,3,40_49,f,not.in.labor.force,diff.us.house,i.0.9999,naturalization,married,no.schooling,without.disability,private.profit,with.insurance,asian
2018HU0352256,5,3,51215,3,20_29,m,civilian.employed,same.house,i.50000.64999,us.born,never,no.schooling,without.disability,private.profit,with.insurance,white
2018HU0360403,5,1,51215,3,0_9,f,not.in.labor.force,same.house,i.75000.99999,us.born,never,public,without.disability,not.working,with.insurance,white
2018HU0623795,5,2,51255,3,20_29,m,not.in.labor.force,same.house,i.0.9999,not.citizen,never,public,without.disability,private.profit,without.insurance,asian
2018HU0162047,5,3,51120,3,40_49,f,civilian.employed,same.house,i.0.9999,us.born,married,no.schooling,without.disability,self.employed.corp,with.insurance,white
2018HU1063375,5,1,51125,3,40_49,m,civilian.employed,same.house,i.75000.99999,us.born,married,no.schooling,without.disability,private.profit,with.insurance,white
2018HU0753111,5,6,51246,3,50_59,m,civilian.employed,same.house,i.75000.99999,us.born,married,no.schooling,without.disability,self.employed.corp,with.insurance,white
2018HU0404067,5,2,51044,3,30_39,m,not.in.labor.force,same.house,i.0.9999,us.born,married,no.schooling,without.disability,private.profit,with.insurance,white
2018HU1060324,5,4,51120,3,50_59,f,civilian.employed,same.house,i.75000.99999,naturalization,married,no.schooling,without.disability,private.profit,with.insurance,asian
2018HU1258813,5,1,51045,3,40_49,f,civilian.employed,same.house,i.75000.99999,us.born,never,no.schooling,without.disability,private.profit,with.insurance,white
2018HU0648755,5,4,51154,3,60_69,f,not.in.labor.force,same.house,i.0.9999,naturalization,married,no.schooling,with.disability,not.working,with.insurance,asian
2018HU0761476,5,1,51080,3,70_79,m,not.in.labor.force,same.house,i.0.9999,naturalization,married,no.schooling,without.disability,not.working,with.insurance,white
2018HU0799379,5,1,51040,3,70_79,m,civilian.employed,same.house,i.0.9999,us.born,married,no.schooling,without.disability,private.profit,with.insurance,asian
2018HU0284951,5,1,51215,3,60_69,m,civilian.employed,same.house,i.75000.99999,us.born,divorced,no.schooling,without.disability,private.profit,with.insurance,white
2018HU1217286,5,2,51084,3,30_39,m,armed.forces,abroad.house,i.75000.99999,us.born,married,no.schooling,without.disability,federal,with.insurance,white
2018HU0922329,5,2,51225,3,40_49,m,civilian.employed,same.house,i.0.9999,us.born,married,no.schooling,without.disability,self.employed.no.corp,with.insurance,white
2018HU0660276,5,1,51175,3,50_59,f,civilian.employed,same.house,i.25000.34999,naturalization,never,no.schooling,without.disability,private.profit,with.insurance,asian
2018HU0721857,5,3,51110,3,50_59,m,not.in.labor.force,same.house,i.0.9999,us.born,never,no.schooling,with.disability,not.working,without.insurance,black
2018HU0224265,5,1,51164,3,70_79,m,not.in.labor.force,same.house,i.0.9999,us.born,married,public,without.disability,not.working,with.insurance,white
2018HU1292463,5,1,51224,3,10_19,f,not.in.labor.force,same.house,i.75000.99999,us.born,never,public,without.disability,not.working,with.insurance,white
2018HU1073388,5,1,51255,3,30_39,m,civilian.employed,diff.us.house,i.25000.34999,us.born,never,no.schooling,without.disability,private.profit,with.insurance,white
2018HU0427812,5,1,59306,3,50_59,f,civilian.employed,diff.us.house,i.15000.24999,us.born,married,no.schooling,without.disability,state,with.insurance,white
2018HU1292463,5,1,51224,3,10_19,f,not.in.labor.force,same.house,i.75000.99999,us.born,never,public,without.disability,not.working,with.insurance,white
2018HU1235979,5,1,51154,3,40_49,f,civilian.employed,same.house,i.65000.74999,us.born,married,no.schooling,without.disability,private.profit,with.insurance,white
2018HU0064524,5,1,51235,3,10_19,f,not.in.labor.force,same.house,i.75000.99999,us.born,never,public,without.disability,not.working,with.insurance,white
2018HU1373493,5,3,59305,3,10_19,m,not.in.labor.force,same.house,i.75000.99999,us.born,never,private,without.disability,not.working,with.insurance,other
2018HU0528197,5,1,51045,3,30_39,m,civilian.employed,same.house,i.75000.99999,us.born,married,no.schooling,without.disability,private.profit,with.insurance,black
2018HU1366444,5,2,59308,3,30_39,m,civilian.employed,same.house,i.25000.34999,us.born,divorced,no.schooling,without.disability,private.profit,with.insurance,white
2018HU1113191,5,1,55002,3,60_69,m,not.in.labor.force,same.house,i.0.9999,naturalization,married,no.schooling,without.disability,local,with.insurance,asian
2018HU1223992,5,1,51010,3,50_59,m,civilian.employed,same.house,i.35000.49999,naturalization,married,no.schooling,without.disability,local,with.insurance,other
2018HU0215921,5,1,51125,3,0_9,m,not.in.labor.force,same.house,i.75000.99999,us.born,never,no.schooling,without.disability,not.working,with.insurance,white
2018HU0280607,5,2,51096,3,0_9,m,not.in.labor.force,diff.us.house,i.75000.99999,us.born,never,no.schooling,without.disability,not.working,with.insurance,white
2018HU0857107,5,1,51010,3,10_19,f,not.in.labor.force,same.house,i.75000.99999,us.born,never,public,without.disability,not.working,with.insurance,two.
2018HU0771505,5,1,51154,3,30_39,m,civilian.employed,same.house,i.75000.99999,us.born,married,no.schooling,without.disability,private.profit,with.insurance,white
2018HU0719684,5,1,51105,3,30_39,m,civilian.employed,same.house,i.75000.99999,us.born,married,no.schooling,without.disability,federal,with.insurance,white
2018HU1186977,5,3,51089,3,10_19,m,not.in.labor.force,same.house,i.75000.99999,us.born,never,public,without.disability,not.working,with.insurance,white
2018HU1020137,5,5,10703,3,20_29,m,civilian.employed,same.house,i.15000.24999,us.born,never,no.schooling,without.disability,private.profit,with.insurance,white
2018HU0044620,5,1,59303,3,0_9,f,not.in.labor.force,same.house,i.75000.99999,us.born,never,private,without.disability,not.working,with.insurance,white
2018HU1160446,5,1,1302,3,80_89,m,civilian.employed,same.house,i.50000.64999,naturalization,married,no.schooling,without.disability,federal,with.insurance,asian
2018HU0696174,5,1,51095,3,50_59,f,not.in.labor.force,same.house,i.0.9999,naturalization,married,no.schooling,without.disability,not.working,with.insurance,asian
2018HU1276129,5,1,51225,3,60_69,f,civilian.employed,same.house,i.75000.99999,puerto.rico.born,divorced,no.schooling,without.disability,federal,with.insurance,white
2018HU0911624,5,2,51084,3,30_39,m,civilian.employed,diff.us.house,i.35000.49999,us.born,married,public,without.disability,private.profit,with.insurance,white
2018HU1295911,5,4,51224,3,30_39,m,civilian.employed,same.house,i.50000.64999,us.born,married,no.schooling,without.disability,private.profit,with.insurance,white
2018HU0007620,5,2,51110,3,50_59,f,civilian.employed,abroad.house,i.0.9999,us.born,married,no.schooling,without.disability,self.employed.no.corp,with.insurance,white
2018HU0350596,5,1,51135,3,10_19,m,not.in.labor.force,same.house,i.75000.99999,us.born,never,public,without.disability,not.working,with.insurance,white
2018HU0860894,5,5,51080,3,60_69,f,civilian.employed,same.house,i.0.9999,not.citizen,married,no.schooling,without.disability,self.employed.no.corp,with.insurance,asian
2018HU1383461,5,1,51084,3,0_9,f,not.in.labor.force,same.house,i.75000.99999,us.born,never,no.schooling,without.disability,not.working,with.insurance,white
2018HU1178019,5,1,51087,3,60_69,m,civilian.employed,same.house,i.25000.34999,not.citizen,married,no.schooling,without.disability,self.employed.corp,with.insurance,white
2018HU1050175,5,2,51084,3,50_59,f,civilian.employed,same.house,i.35000.49999,puerto.rico.born,married,no.schooling,without.disability,private.profit,with.insurance,white
2018HU0416353,5,1,51105,3,10_19,m,not.in.labor.force,same.house,i.0.9999,us.born,never,public,without.disability,not.working,with.insurance,other
2018GQ0058045,5,1,51084,3,10_19,m,not.in.labor.force,same.house,i.0.9999,us.born,never,public,without.disability,not.working,with.insurance,white
2018HU0970315,5,1,51105,3,0_9,f,not.in.labor.force,same.house,i.75000.99999,us.born,never,no.schooling,without.disability,not.working,with.insurance,white
2018HU0216387,5,1,51096,3,30_39,m,civilian.employed,same.house,i.75000.99999,us.born,married,no.schooling,without.disability,private.profit,with.insurance,white
2018HU1171235,5,1,51105,3,40_49,f,civilian.employed,diff.us.house,i.75000.99999,us.born,never,no.schooling,without.disability,private.profit,with.insurance,white
2018HU0791302,5,1,4103,3,60_69,m,civilian.employed,same.house,i.10000.14999,naturalization,married,no.schooling,without.disability,private.profit,with.insurance,other
2018HU0145211,5,1,51175,3,10_19,f,not.in.labor.force,diff.us.house,i.75000.99999,us.born,never,public,without.disability,not.working,with.insurance,white
2018HU1177224,5,2,51165,3,30_39,m,civilian.employed,same.house,i.50000.64999,us.born,married,no.schooling,without.disability,local,with.insurance,two.
2018HU1049776,5,2,51245,3,30_39,m,civilian.employed,diff.us.house,i.15000.24999,naturalization,never,no.schooling,without.disability,private.profit,without.insurance,white
2018HU1187188,5,1,51135,3,70_79,f,not.in.labor.force,same.house,i.0.9999,us.born,widowed,no.schooling,without.disability,local,with.insurance,white
2018HU1055745,5,1,59308,3,20_29,m,civilian.employed,diff.us.house,i.35000.49999,us.born,married,no.schooling,without.disability,federal,with.insurance,white
2018HU0344415,5,1,51206,3,20_29,f,civilian.employed,same.house,i.35000.49999,us.born,never,no.schooling,without.disability,private.profit,without.insurance,asian
2018HU0167148,5,4,51044,3,20_29,f,civilian.employed,same.house,i.50000.64999,us.born,never,no.schooling,without.disability,private.profit,with.insurance,white
2018HU1044070,5,2,59309,3,80_89,f,not.in.labor.force,same.house,i.0.9999,us.born,widowed,no.schooling,with.disability,not.working,with.insurance,white
2018HU1049130,5,1,4103,3,60_69,f,civilian.employed,same.house,i.75000.99999,us.born,divorced,no.schooling,without.disability,private.profit,with.insurance,white
2018HU0733874,5,3,51167,3,60_69,f,civilian.employed,same.house,i.0.9999,naturalization,separated,no.schooling,without.disability,self.employed.no.corp,with.insurance,asian
2018HU0280607,5,2,51096,3,0_9,m,not.in.labor.force,diff.us.house,i.75000.99999,us.born,never,no.schooling,without.disability,not.working,with.insurance,white
2018HU1302384,5,3,51245,3,80_89,f,not.in.labor.force,same.house,i.0.9999,us.born,married,no.schooling,without.disability,not.working,with.insurance,white
2018HU0597720,5,2,51215,3,40_49,f,not.in.labor.force,diff.us.house,i.0.9999,naturalization,married,no.schooling,without.disability,not.working,with.insurance,asian
2018HU0232620,5,1,10701,3,40_49,m,not.in.labor.force,same.house,i.0.9999,us.born,married,no.schooling,without.disability,private.profit,with.insurance,white
2018HU1219037,5,1,51085,3,70_79,m,not.in.labor.force,same.house,i.0.9999,us.born,married,no.schooling,with.disability,private.no.profit,with.insurance,white
2018HU0226130,5,1,51206,3,40_49,m,civilian.employed,same.house,i.75000.99999,naturalization,married,no.schooling,without.disability,private.profit,with.insurance,white
2018HU0873878,5,3,51255,3,20_29,m,civilian.employed,same.house,i.50000.64999,us.born,never,private,without.disability,local,with.insurance,white
2018HU0265823,5,1,51154,3,60_69,m,not.in.labor.force,same.house,i.0.9999,us.born,married,no.schooling,without.disability,local,with.insurance,white
2018HU0125612,5,2,51164,3,60_69,m,not.in.labor.force,same.house,i.0.9999,us.born,widowed,no.schooling,without.disability,not.working,with.insurance,white
2018HU1023554,5,5,51110,3,80_89,m,not.in.labor.force,same.house,i.0.9999,us.born,married,no.schooling,without.disability,not.working,with.insurance,white
2018HU0593695,5,1,1302,3,30_39,m,civilian.employed,same.house,i.25000.34999,naturalization,married,no.schooling,without.disability,state,with.insurance,two.
2018HU0038691,5,1,59305,3,30_39,m,civilian.employed,same.house,i.75000.99999,us.born,married,no.schooling,without.disability,private.profit,with.insurance,white
2018HU0819823,5,3,51246,3,70_79,f,not.in.labor.force,same.house,i.0.9999,us.born,married,no.schooling,without.disability,local,with.insurance,white
2018GQ0022510,5,2,55002,3,40_49,m,civilian.employed,diff.us.house,i.25000.34999,naturalization,never,private,without.disability,private.no.profit,with.insurance,white
2018HU0034787,5,2,51215,3,50_59,f,civilian.employed,same.house,i.75000.99999,us.born,married,no.schooling,without.disability,private.profit,with.insurance,white
2018HU1134743,5,1,4101,3,40_49,m,armed.forces,diff.us.house,i.75000.99999,us.born,married,no.schooling,without.disability,federal,with.insurance,white
2018HU0169924,5,2,1302,3,40_49,f,civilian.employed,diff.us.house,i.50000.64999,naturalization,married,no.schooling,without.disability,local,with.insurance,white
2018HU0784994,5,1,51154,3,0_9,f,not.in.labor.force,same.house,i.75000.99999,abroad.born,never,private,without.disability,not.working,with.insurance,white
2018HU0083289,5,1,51044,3,30_39,m,civilian.employed,same.house,i.75000.99999,us.born,divorced,no.schooling,without.disability,private.profit,with.insurance,white
2018HU0074475,5,2,51125,3,10_19,m,not.in.labor.force,diff.us.house,i.0.9999,us.born,never,public,without.disability,private.profit,with.insurance,white
2018HU1379600,5,1,51145,3,30_39,m,civilian.employed,same.house,i.75000.99999,us.born,married,no.schooling,without.disability,private.profit,with.insurance,white
2018HU0724300,5,2,55001,3,0_9,m,not.in.labor.force,diff.us.house,i.75000.99999,us.born,never,no.schooling,without.disability,not.working,with.insurance,white
2018HU0501580,5,1,51186,3,50_59,f,not.in.labor.force,same.house,i.0.9999,not.citizen,married,no.schooling,without.disability,private.profit,without.insurance,other
2018HU1136772,5,1,51096,3,20_29,m,not.in.labor.force,same.house,i.0.9999,us.born,never,public,without.disability,private.profit,with.insurance,white
2018HU0737561,5,1,51105,3,0_9,m,not.in.labor.force,same.house,i.75000.99999,us.born,never,public,without.disability,not.working,with.insurance,two.
2018HU0638473,5,3,59308,3,20_29,m,civilian.employed,diff.us.house,i.35000.49999,us.born,never,no.schooling,without.disability,private.profit,with.insurance,asian
2018HU0192347,5,1,51097,3,20_29,m,civilian.employed,diff.us.house,i.35000.49999,naturalization,never,no.schooling,with.disability,local,with.insurance,black
2018HU0379087,5,1,51155,3,10_19,f,not.in.labor.force,same.house,i.0.9999,us.born,never,public,without.disability,private.profit,with.insurance,white
2018HU0368178,5,1,51155,3,60_69,m,civilian.employed,same.house,i.75000.99999,naturalization,married,no.schooling,without.disability,private.profit,with.insurance,asian
2018HU0929969,5,1,51135,3,40_49,m,civilian.employed,same.house,i.75000.99999,us.born,never,no.schooling,without.disability,federal,with.insurance,white
2018HU0108190,5,3,51246,3,40_49,f,not.in.labor.force,same.house,i.0.9999,us.born,married,no.schooling,without.disability,not.working,with.insurance,white
2018HU0782819,5,2,59306,3,70_79,f,not.in.labor.force,same.house,i.0.9999,naturalization,widowed,no.schooling,with.disability,not.working,with.insurance,white
2018HU0120021,5,1,51164,3,20_29,m,civilian.employed,same.house,i.10000.14999,us.born,never,no.schooling,without.disability,private.profit,without.insurance,asian
2018HU1184128,5,2,51115,3,30_39,m,civilian.employed,same.house,i.0.9999,not.citizen,never,no.schooling,without.disability,self.employed.no.corp,without.insurance,black
2018HU1064169,5,1,51020,3,30_39,m,civilian.employed,same.house,i.75000.99999,us.born,married,no.schooling,without.disability,federal,with.insurance,white
2018HU0622724,5,4,10703,3,60_69,f,not.in.labor.force,same.house,i.0.9999,us.born,widowed,no.schooling,without.disability,not.working,with.insurance,white
2018HU0650297,5,1,59301,3,10_19,f,not.in.labor.force,diff.us.house,i.75000.99999,us.born,never,private,without.disability,not.working,with.insurance,white
2018HU1141097,5,3,51165,3,50_59,m,civilian.employed,same.house,i.75000.99999,puerto.rico.born,married,no.schooling,without.disability,private.no.profit,with.insurance,white
2018HU0715751,5,1,51040,3,40_49,m,civilian.employed,same.house,i.65000.74999,us.born,never,no.schooling,without.disability,private.profit,with.insurance,white
2018HU0211238,5,1,51090,3,70_79,m,not.in.labor.force,same.house,i.0.9999,us.born,married,no.schooling,without.disability,not.working,with.insurance,white
2018HU0582293,5,3,51165,3,30_39,f,civilian.employed,diff.us.house,i.50000.64999,us.born,never,no.schooling,without.disability,local,with.insurance,black
2018HU0468478,5,1,51040,3,50_59,m,civilian.employed,same.house,i.50000.64999,us.born,married,no.schooling,without.disability,private.profit,with.insurance,white
2018HU0591331,5,2,51135,3,0_9,f,not.in.labor.force,same.house,i.75000.99999,us.born,never,public,without.disability,not.working,with.insurance,white
2018HU1263643,5,4,10702,3,60_69,m,civilian.employed,same.house,i.75000.99999,us.born,married,no.schooling,without.disability,private.profit,with.insurance,white
2018HU1368200,5,4,51206,3,0_9,f,not.in.labor.force,same.house,i.75000.99999,us.born,never,public,without.disability,not.working,with.insurance,asian
2018HU1145746,5,1,51105,3,20_29,m,civilian.employed,same.house,i.65000.74999,us.born,married,no.schooling,without.disability,private.profit,with.insurance,white
2018HU0371615,5,1,51165,3,60_69,m,civilian.employed,same.house,i.75000.99999,us.born,married,no.schooling,without.disability,private.profit,with.insurance,white
2018HU0853947,5,1,4101,3,80_89,m,civilian.employed,same.house,i.0.9999,us.born,married,no.schooling,without.disability,local,with.insurance,white
2018HU0695012,5,1,51080,3,0_9,f,not.in.labor.force,same.house,i.75000.99999,us.born,never,no.schooling,without.disability,not.working,with.insurance,white
2018HU1200623,5,1,51090,3,70_79,m,not.in.labor.force,same.house,i.0.9999,naturalization,divorced,no.schooling,without.disability,not.working,with.insurance,white
2018HU0158668,5,2,59301,3,40_49,f,civilian.employed,same.house,i.35000.49999,us.born,married,no.schooling,without.disability,private.no.profit,with.insurance,white
2018HU1391537,5,2,51235,3,60_69,m,civilian.employed,same.house,i.50000.64999,us.born,married,no.schooling,without.disability,private.profit,with.insurance,white
2018HU0211132,5,2,51175,3,0_9,f,not.in.labor.force,same.house,i.75000.99999,us.born,never,private,without.disability,not.working,without.insurance,white
2018HU1012243,5,2,51115,3,30_39,m,civilian.employed,diff.us.house,i.75000.99999,us.born,never,no.schooling,without.disability,private.profit,with.insurance,white
2018HU0098299,5,2,51145,3,60_69,m,not.in.labor.force,same.house,i.0.9999,us.born,married,no.schooling,without.disability,private.profit,with.insurance,white
2018HU0611888,5,2,59309,3,0_9,f,not.in.labor.force,same.house,i.75000.99999,us.born,never,public,without.disability,not.working,with.insurance,asian
2018HU0334476,5,1,51246,3,30_39,m,not.in.labor.force,same.house,i.10000.14999,us.born,never,public,with.disability,private.profit,with.insurance,white
2018HU1092369,5,1,51145,3,40_49,f,civilian.employed,same.house,i.75000.99999,us.born,married,no.schooling,without.disability,federal,with.insurance,white
2018GQ0057828,5,1,51206,3,20_29,m,not.in.labor.force,diff.us.house,i.0.9999,us.born,married,no.schooling,without.disability,private.profit,without.insurance,black
2018HU0347656,5,1,51080,3,10_19,f,civilian.employed,same.house,i.0.9999,naturalization,never,no.schooling,without.disability,private.profit,without.insurance,white
2018HU1128007,5,1,51175,3,10_19,f,not.in.labor.force,same.house,i.75000.99999,us.born,never,public,without.disability,not.working,with.insurance,white
2018HU0704314,5,1,51010,3,0_9,f,not.in.labor.force,diff.us.house,i.75000.99999,us.born,never,public,without.disability,not.working,with.insurance,white
2018HU1089904,5,3,51096,3,10_19,m,not.in.labor.force,same.house,i.75000.99999,us.born,never,public,without.disability,not.working,with.insurance,white
2018HU0219394,5,3,51175,3,30_39,m,civilian.employed,diff.us.house,i.75000.99999,us.born,never,no.schooling,without.disability,private.profit,with.insurance,white
2018HU0341440,5,1,51095,3,0_9,m,not.in.labor.force,same.house,i.75000.99999,us.born,never,public,without.disability,not.working,with.insurance,asian
2018HU0695440,5,1,51105,3,60_69,m,civilian.employed,same.house,i.75000.99999,us.born,married,no.schooling,without.disability,private.no.profit,with.insurance,white
2018HU0760391,5,3,51020,3,10_19,m,not.in.labor.force,same.house,i.0.9999,us.born,never,public,without.disability,not.working,with.insurance,white
2018HU1239317,5,1,51097,3,60_69,f,not.in.labor.force,diff.us.house,i.0.9999,not.citizen,married,no.schooling,without.disability,private.profit,with.insurance,asian
2018HU0847662,5,3,51080,3,50_59,m,civilian.employed,same.house,i.75000.99999,naturalization,married,no.schooling,without.disability,federal,with.insurance,asian
2018HU1362974,5,2,59307,3,40_49,m,civilian.employed,same.house,i.75000.99999,not.citizen,married,no.schooling,without.disability,private.profit,with.insurance,asian
2018HU1176335,5,1,51090,3,60_69,m,civilian.employed,same.house,i.75000.99999,us.born,never,no.schooling,without.disability,private.no.profit,with.insurance,white
2018HU0307551,5,1,1301,3,50_59,m,civilian.employed,same.house,i.75000.99999,us.born,married,no.schooling,without.disability,private.profit,with.insurance,white
2018HU1013896,5,1,55002,3,10_19,m,not.in.labor.force,same.house,i.75000.99999,us.born,never,public,without.disability,not.working,with.insurance,white
2018HU0932655,5,1,51020,3,50_59,m,civilian.employed,same.house,i.35000.49999,us.born,never,no.schooling,without.disability,private.profit,with.insurance,white
2018HU1018778,5,1,55001,3,40_49,f,civilian.employed,same.house,i.75000.99999,us.born,married,no.schooling,without.disability,private.profit,with.insurance,white
2018HU0854550,5,3,51110,3,60_69,f,not.in.labor.force,same.house,i.0.9999,naturalization,married,no.schooling,without.disability,not.working,with.insurance,asian
2018HU1075547,5,1,51040,3,0_9,m,not.in.labor.force,same.house,i.75000.99999,us.born,never,public,without.disability,not.working,with.insurance,white
2018HU0300334,5,1,51125,3,30_39,m,civilian.employed,diff.us.house,i.35000.49999,not.citizen,never,no.schooling,without.disability,private.profit,without.insurance,other
2018HU0573026,5,1,55001,3,20_29,f,unemployed,same.house,i.0.9999,us.born,married,no.schooling,without.disability,self.employed.no.corp,with.insurance,white
2018HU0506016,5,3,51040,3,20_29,f,civilian.employed,same.house,i.50000.64999,us.born,never,no.schooling,without.disability,private.profit,with.insurance,two.
2018HU1178019,5,1,51167,3,30_39,m,civilian.employed,same.house,i.35000.49999,not.citizen,never,no.schooling,without.disability,private.profit,without.insurance,white
2018HU1333670,5,1,51040,3,50_59,f,civilian.employed,same.house,i.75000.99999,naturalization,married,no.schooling,without.disability,private.profit,with.insurance,white
2018HU0145730,5,1,1302,3,70_79,f,not.in.labor.force,diff.us.house,i.0.9999,us.born,married,no.schooling,without.disability,not.working,with.insurance,white
2018HU0702349,5,1,51040,3,40_49,m,civilian.employed,same.house,i.75000.99999,naturalization,married,no.schooling,without.disability,private.profit,with.insurance,other
2018HU1036781,5,1,59305,3,10_19,f,not.in.labor.force,abroad.house,i.75000.99999,not.citizen,never,public,without.disability,not.working,with.insurance,asian
2018HU1351151,5,1,51167,3,70_79,f,not.in.labor.force,same.house,i.0.9999,puerto.rico.born,married,no.schooling,without.disability,not.working,with.insurance,white
2018HU0301035,5,1,10701,3,40_49,f,civilian.employed,same.house,i.50000.64999,us.born,married,no.schooling,without.disability,local,with.insurance,white
2018HU0670954,5,1,51154,3,40_49,m,civilian.employed,same.house,i.0.9999,us.born,never,no.schooling,without.disability,self.employed.no.corp,with.insurance,asian
2018HU0730892,5,1,51167,3,10_19,m,not.in.labor.force,same.house,i.75000.99999,us.born,never,private,without.disability,not.working,with.insurance,asian
2018HU0442283,5,2,51095,3,60_69,m,civilian.employed,same.house,i.0.9999,abroad.born,married,no.schooling,without.disability,self.employed.no.corp,with.insurance,white
2018HU0674017,5,1,59308,3,30_39,f,civilian.employed,same.house,i.65000.74999,us.born,never,no.schooling,without.disability,local,with.insurance,white
2018HU0450851,5,2,51175,3,30_39,m,civilian.employed,diff.us.house,i.50000.64999,us.born,married,no.schooling,without.disability,private.profit,with.insurance,white
2018GQ0147504,5,1,51087,3,70_79,f,not.in.labor.force,same.house,i.0.9999,us.born,never,no.schooling,with.disability,not.working,with.insurance,black
2018HU1188954,5,1,51115,3,0_9,m,not.in.labor.force,diff.us.house,i.75000.99999,us.born,never,no.schooling,without.disability,not.working,with.insurance,white
2018HU1234805,5,1,51125,3,0_9,f,not.in.labor.force,same.house,i.75000.99999,us.born,never,no.schooling,without.disability,not.working,with.insurance,white
2018HU0216387,5,1,59309,3,0_9,f,not.in.labor.force,same.house,i.75000.99999,us.born,never,private,without.disability,not.working,with.insurance,white
2018HU0770614,5,1,51154,3,70_79,f,not.in.labor.force,same.house,i.0.9999,us.born,widowed,no.schooling,without.disability,not.working,with.insurance,white
2018HU0427555,5,1,51135,3,50_59,f,civilian.employed,same.house,i.50000.64999,us.born,separated,no.schooling,without.disability,local,with.insurance,white
2018HU1200022,5,4,51120,3,10_19,f,not.in.labor.force,same.house,i.0.9999,us.born,never,public,without.disability,not.working,with.insurance,white
2018HU1376828,5,2,1301,3,10_19,f,civilian.employed,same.house,i.0.9999,us.born,never,private,without.disability,private.profit,with.insurance,white
2018HU0358643,5,1,51095,3,30_39,m,civilian.employed,same.house,i.75000.99999,us.born,married,no.schooling,without.disability,self.employed.corp,with.insurance,black
2018HU0816611,5,1,51105,3,50_59,f,civilian.employed,same.house,i.75000.99999,us.born,divorced,no.schooling,without.disability,federal,with.insurance,white
2018HU0144252,5,1,51097,3,10_19,f,not.in.labor.force,same.house,i.0.9999,us.born,never,public,without.disability,private.no.profit,with.insurance,black
2018HU0309146,5,1,51096,3,40_49,f,civilian.employed,same.house,i.15000.24999,not.citizen,separated,no.schooling,without.disability,private.profit,without.insurance,other
2018HU1235126,5,3,59308,3,30_39,f,unemployed,same.house,i.0.9999,not.citizen,married,public,without.disability,private.profit,with.insurance,white
2018HU1169241,5,1,51085,3,40_49,m,civilian.employed,same.house,i.15000.24999,naturalization,never,no.schooling,without.disability,private.profit,without.insurance,asian
2018HU0165760,5,1,51105,3,40_49,f,civilian.employed,same.house,i.75000.99999,us.born,married,no.schooling,without.disability,private.profit,with.insurance,white
2018HU0712025,5,2,10703,3,60_69,f,civilian.employed,same.house,i.50000.64999,us.born,never,no.schooling,without.disability,private.profit,with.insurance,white
2018HU1047775,5,5,59309,3,10_19,m,civilian.employed,same.house,i.0.9999,us.born,never,public,without.disability,private.profit,with.insurance,white
2018HU0732762,5,1,51040,3,70_79,f,not.in.labor.force,same.house,i.0.9999,us.born,married,no.schooling,with.disability,not.working,with.insurance,white
2018HU0726583,5,1,51135,3,20_29,m,civilian.employed,diff.us.house,i.50000.64999,us.born,never,no.schooling,without.disability,private.profit,with.insurance,white
2018HU0624585,5,1,51045,3,30_39,f,civilian.employed,same.house,i.50000.64999,us.born,married,no.schooling,without.disability,private.profit,with.insurance,white
2018HU0762598,5,1,51040,3,70_79,m,not.in.labor.force,same.house,i.0.9999,us.born,never,no.schooling,without.disability,self.employed.no.corp,with.insurance,white
2018HU1350708,5,1,51105,3,40_49,m,civilian.employed,same.house,i.35000.49999,not.citizen,married,no.schooling,without.disability,private.profit,with.insurance,white
2018HU0211132,5,2,51175,3,0_9,f,not.in.labor.force,same.house,i.75000.99999,us.born,never,private,without.disability,not.working,without.insurance,white
2018HU0211823,5,4,51135,3,20_29,f,not.in.labor.force,same.house,i.0.9999,us.born,married,no.schooling,without.disability,self.employed.no.corp,with.insurance,white
2018HU0542366,5,1,51135,3,20_29,f,civilian.employed,abroad.house,i.0.9999,not.citizen,never,no.schooling,without.disability,private.profit,with.insurance,white
2018HU0883708,5,2,10703,3,50_59,f,civilian.employed,same.house,i.10000.14999,naturalization,never,no.schooling,without.disability,private.profit,with.insurance,asian
2018HU0248452,5,1,51105,3,30_39,m,civilian.employed,diff.us.house,i.35000.49999,us.born,never,no.schooling,without.disability,private.profit,without.insurance,asian
2018HU0989304,5,2,51085,3,10_19,f,not.in.labor.force,same.house,i.75000.99999,us.born,never,public,without.disability,not.working,with.insurance,white
2018HU1199969,5,1,51154,3,0_9,m,not.in.labor.force,diff.us.house,i.75000.99999,us.born,never,no.schooling,without.disability,not.working,with.insurance,white
2018HU0104491,5,1,51186,3,30_39,m,civilian.employed,same.house,i.50000.64999,us.born,married,no.schooling,without.disability,private.profit,with.insurance,white
2018HU1251799,5,1,51235,3,40_49,m,civilian.employed,same.house,i.75000.99999,puerto.rico.born,married,no.schooling,without.disability,federal,with.insurance,white
2018HU1106482,5,2,51044,3,70_79,m,not.in.labor.force,same.house,i.0.9999,us.born,married,no.schooling,without.disability,not.working,with.insurance,white
2018HU0602975,5,1,51224,3,0_9,m,not.in.labor.force,same.house,i.75000.99999,us.born,never,public,without.disability,not.working,with.insurance,white
2018HU1188172,5,1,51105,3,30_39,m,civilian.employed,diff.us.house,i.75000.99999,us.born,never,no.schooling,without.disability,private.profit,with.insurance,white
2018HU0350924,5,1,59301,3,10_19,f,not.in.labor.force,same.house,i.0.9999,us.born,never,public,without.disability,not.working,with.insurance,white
2018HU0589450,5,1,51244,3,50_59,m,civilian.employed,same.house,i.75000.99999,naturalization,married,no.schooling,without.disability,private.profit,with.insurance,asian
2018HU0785824,5,1,51164,3,50_59,f,not.in.labor.force,same.house,i.0.9999,us.born,divorced,no.schooling,with.disability,not.working,with.insurance,black
2018HU0646702,5,2,51087,3,60_69,m,civilian.employed,same.house,i.0.9999,not.citizen,married,no.schooling,without.disability,self.employed.no.corp,without.insurance,other
2018HU0896224,5,1,55001,3,20_29,f,civilian.employed,same.house,i.50000.64999,us.born,never,no.schooling,without.disability,private.profit,with.insurance,asian
2018HU0867634,5,5,51246,3,40_49,f,civilian.employed,same.house,i.35000.49999,not.citizen,divorced,no.schooling,without.disability,private.profit,with.insurance,white
2018HU0989760,5,1,4103,3,20_29,m,civilian.employed,diff.us.house,i.25000.34999,not.citizen,never,public,without.disability,private.profit,with.insurance,other
2018HU0138113,5,1,51080,3,30_39,f,civilian.employed,same.house,i.75000.99999,us.born,married,no.schooling,without.disability,federal,with.insurance,white
2018HU0891848,5,2,51080,3,0_9,m,not.in.labor.force,same.house,i.75000.99999,us.born,never,public,without.disability,not.working,with.insurance,two.
2018HU0215921,5,6,10702,3,30_39,f,not.in.labor.force,same.house,i.0.9999,us.born,married,no.schooling,without.disability,not.working,with.insurance,white
2018HU1208824,5,1,51186,3,10_19,f,not.in.labor.force,same.house,i.75000.99999,us.born,never,public,without.disability,not.working,with.insurance,white
2018HU0877034,5,1,51145,3,70_79,f,not.in.labor.force,same.house,i.0.9999,not.citizen,married,no.schooling,without.disability,not.working,with.insurance,white
2018HU1173078,5,1,51044,3,70_79,f,not.in.labor.force,same.house,i.0.9999,us.born,divorced,no.schooling,without.disability,not.working,with.insurance,white
2018HU1329574,5,1,51235,3,20_29,f,civilian.employed,same.house,i.0.9999,us.born,never,no.schooling,without.disability,private.profit,with.insurance,white
2018HU0406160,5,1,51255,3,10_19,m,not.in.labor.force,same.house,i.75000.99999,us.born,never,public,without.disability,not.working,with.insurance,white
2018HU0593695,5,2,51135,3,40_49,f,civilian.employed,same.house,i.75000.99999,us.born,separated,no.schooling,without.disability,private.profit,with.insurance,white
2018HU0964567,5,2,51087,3,50_59,m,civilian.employed,same.house,i.75000.99999,naturalization,married,no.schooling,without.disability,private.profit,with.insurance,white
2018HU0001971,5,1,51154,3,30_39,m,civilian.employed,same.house,i.50000.64999,us.born,never,no.schooling,without.disability,private.profit,with.insurance,white
2018HU0881301,5,4,51154,3,40_49,f,civilian.employed,same.house,i.75000.99999,us.born,married,no.schooling,without.disability,private.no.profit,with.insurance,white
2018HU0953147,5,5,51245,3,50_59,m,civilian.employed,diff.us.house,i.25000.34999,puerto.rico.born,married,no.schooling,without.disability,private.profit,with.insurance,other
2018HU0890337,5,2,59306,3,60_69,m,civilian.employed,same.house,i.0.9999,us.born,married,no.schooling,without.disability,self.employed.no.corp,with.insurance,white
2018HU1393699,5,1,51096,3,10_19,f,civilian.employed,same.house,i.0.9999,us.born,never,public,without.disability,private.profit,with.insurance,white
2018HU0048927,5,1,51215,3,50_59,f,civilian.employed,same.house,i.25000.34999,naturalization,married,no.schooling,without.disability,private.profit,with.insurance,asian
2018HU0974893,5,1,51215,3,20_29,f,civilian.employed,diff.us.house,i.50000.64999,us.born,married,public,without.disability,federal,with.insurance,black
2018HU0845867,5,1,51154,3,50_59,f,civilian.employed,same.house,i.15000.24999,us.born,married,no.schooling,without.disability,state,with.insurance,white
2018HU0626970,5,1,51097,3,40_49,f,civilian.employed,same.house,i.75000.99999,naturalization,married,no.schooling,without.disability,federal,with.insurance,asian
2018HU1039290,5,2,51044,3,70_79,m,not.in.labor.force,same.house,i.0.9999,us.born,married,no.schooling,without.disability,not.working,with.insurance,white
2018HU1317164,5,1,51154,3,0_9,m,not.in.labor.force,same.house,i.75000.99999,us.born,never,public,without.disability,not.working,with.insurance,two.
2018HU0764028,5,1,51225,3,70_79,f,not.in.labor.force,same.house,i.0.9999,us.born,married,no.schooling,without.disability,not.working,with.insurance,white
2018HU1399857,5,2,51097,3,20_29,m,civilian.employed,same.house,i.10000.14999,us.born,never,public,without.disability,local,without.insurance,asian
2018HU0893139,5,1,51135,3,0_9,m,not.in.labor.force,same.house,i.75000.99999,us.born,never,no.schooling,without.disability,not.working,with.insurance,asian
2018HU0600203,5,1,51045,3,10_19,m,not.in.labor.force,same.house,i.75000.99999,us.born,never,public,without.disability,not.working,with.insurance,white
2018HU0849547,5,1,51080,3,40_49,f,civilian.employed,same.house,i.75000.99999,us.born,divorced,no.schooling,without.disability,private.profit,with.insurance,white
2018HU0636281,5,1,51225,3,30_39,f,civilian.employed,same.house,i.25000.34999,naturalization,divorced,no.schooling,without.disability,private.profit,with.insurance,asian
2018HU0544009,5,1,55002,3,10_19,m,not.in.labor.force,same.house,i.0.9999,us.born,never,public,without.disability,private.profit,with.insurance,white
2018HU0543375,5,1,59307,3,10_19,m,not.in.labor.force,diff.us.house,i.0.9999,not.citizen,never,public,without.disability,not.working,without.insurance,white
2018HU0275133,5,1,1302,3,0_9,m,not.in.labor.force,same.house,i.75000.99999,abroad.born,never,public,without.disability,not.working,with.insurance,white
2018HU1178266,5,1,1302,3,40_49,f,civilian.employed,same.house,i.75000.99999,us.born,married,no.schooling,without.disability,self.employed.corp,with.insurance,white
2018HU1273222,5,1,51105,3,80_89,f,not.in.labor.force,same.house,i.0.9999,us.born,widowed,no.schooling,with.disability,not.working,with.insurance,white
2018HU0437180,5,1,51206,3,10_19,f,not.in.labor.force,same.house,i.75000.99999,us.born,never,public,without.disability,not.working,with.insurance,white
2018HU1058033,5,2,51165,3,50_59,m,civilian.employed,same.house,i.75000.99999,us.born,married,no.schooling,without.disability,federal,with.insurance,white
2018HU0506113,5,2,51045,3,50_59,f,civilian.employed,same.house,i.75000.99999,not.citizen,divorced,no.schooling,without.disability,private.profit,with.insurance,asian
2018HU1237567,5,1,51044,3,40_49,m,civilian.employed,diff.us.house,i.75000.99999,not.citizen,married,no.schooling,without.disability,federal,with.insurance,asian
2018HU1240814,5,2,51010,3,20_29,m,not.in.labor.force,same.house,i.0.9999,not.citizen,never,public,without.disability,private.profit,with.insurance,two.
2018HU1205017,5,1,51045,3,50_59,m,civilian.employed,same.house,i.0.9999,naturalization,married,no.schooling,without.disability,not.working,with.insurance,white
2018HU0988145,5,1,59305,3,0_9,f,not.in.labor.force,same.house,i.75000.99999,abroad.born,never,no.schooling,without.disability,not.working,with.insurance,white
2018HU1024453,5,3,1302,3,20_29,m,civilian.employed,same.house,i.65000.74999,us.born,never,no.schooling,without.disability,private.profit,with.insurance,white
2018HU0350596,5,1,51135,3,10_19,m,not.in.labor.force,same.house,i.75000.99999,us.born,never,public,without.disability,not.working,with.insurance,white
2018HU1385434,5,1,55002,3,80_89,f,not.in.labor.force,same.house,i.0.9999,not.citizen,married,no.schooling,without.disability,not.working,with.insurance,asian
2018HU0922436,5,1,4103,3,40_49,f,unemployed,same.house,i.0.9999,us.born,divorced,no.schooling,with.disability,private.profit,with.insurance,other
2018HU1295938,5,1,51096,3,10_19,f,unemployed,same.house,i.0.9999,us.born,never,public,without.disability,not.working,with.insurance,white
2018HU0328922,5,3,59301,3,70_79,f,not.in.labor.force,same.house,i.0.9999,not.citizen,married,no.schooling,without.disability,local,with.insurance,white
2018HU1127735,5,2,59302,3,60_69,f,not.in.labor.force,same.house,i.0.9999,naturalization,married,public,without.disability,state,with.insurance,asian
2018HU1309177,5,2,59303,3,60_69,m,not.in.labor.force,same.house,i.0.9999,us.born,married,no.schooling,without.disability,private.profit,with.insurance,white
2018HU0654042,5,1,51084,3,70_79,m,not.in.labor.force,same.house,i.0.9999,us.born,married,no.schooling,with.disability,not.working,with.insurance,white
2018HU0102470,5,1,51224,3,50_59,f,civilian.employed,same.house,i.10000.14999,puerto.rico.born,married,no.schooling,without.disability,local,with.insurance,white
2018HU0229261,5,1,51235,3,10_19,m,not.in.labor.force,same.house,i.0.9999,us.born,never,public,without.disability,not.working,with.insurance,white
2018HU0328620,5,5,10702,3,60_69,f,civilian.employed,same.house,i.25000.34999,naturalization,married,no.schooling,without.disability,private.profit,with.insurance,asian
2018HU0649259,5,2,51095,3,40_49,f,civilian.employed,same.house,i.65000.74999,naturalization,married,no.schooling,without.disability,federal,with.insurance,asian
2018HU0039434,5,3,51135,3,30_39,f,civilian.employed,same.house,i.0.9999,us.born,married,no.schooling,without.disability,self.employed.no.corp,with.insurance,white
2018HU0245535,5,2,55002,3,40_49,f,civilian.employed,same.house,i.65000.74999,not.citizen,married,no.schooling,without.disability,federal,with.insurance,white
2018HU0732762,5,1,51040,3,70_79,f,not.in.labor.force,same.house,i.0.9999,us.born,married,no.schooling,with.disability,not.working,with.insurance,white
2018HU1005229,5,2,51225,3,10_19,m,not.in.labor.force,same.house,i.0.9999,us.born,never,public,without.disability,not.working,with.insurance,white
2018HU1077347,5,2,51115,3,10_19,m,not.in.labor.force,same.house,i.0.9999,us.born,never,private,without.disability,private.profit,with.insurance,white
2018HU1369291,5,1,51085,3,10_19,m,civilian.employed,same.house,i.15000.24999,naturalization,never,public,without.disability,private.profit,with.insurance,asian
2018HU0546672,5,1,51040,3,50_59,f,civilian.employed,same.house,i.75000.99999,us.born,never,no.schooling,without.disability,federal,with.insurance,white
2018HU0571000,5,1,55002,3,0_9,m,not.in.labor.force,diff.us.house,i.75000.99999,us.born,never,public,without.disability,not.working,with.insurance,white
2018HU1190390,5,1,51120,3,40_49,m,civilian.employed,same.house,i.75000.99999,naturalization,married,no.schooling,without.disability,private.profit,with.insurance,asian
2018HU0866740,5,1,51145,3,10_19,m,not.in.labor.force,same.house,i.75000.99999,us.born,never,public,without.disability,not.working,with.insurance,white
2018HU1200762,5,3,51045,3,60_69,m,not.in.labor.force,same.house,i.75000.99999,naturalization,married,no.schooling,without.disability,private.profit,with.insurance,asian
2018HU1151118,5,1,51110,3,40_49,m,civilian.employed,same.house,i.75000.99999,us.born,married,no.schooling,without.disability,private.profit,with.insurance,black
2018HU0961192,5,2,55001,3,60_69,m,civilian.employed,same.house,i.75000.99999,us.born,married,no.schooling,without.disability,self.employed.corp,with.insurance,white
2018HU0522637,5,1,51165,3,20_29,f,civilian.employed,diff.us.house,i.35000.49999,us.born,never,no.schooling,with.disability,local,with.insurance,white
2018HU0573468,5,1,51084,3,50_59,f,civilian.employed,same.house,i.10000.14999,us.born,married,no.schooling,without.disability,private.profit,with.insurance,white
2018HU1096543,5,1,59304,3,60_69,m,unemployed,same.house,i.75000.99999,naturalization,married,no.schooling,without.disability,private.profit,with.insurance,white
2018HU0840878,5,1,51215,3,40_49,f,civilian.employed,same.house,i.65000.74999,us.born,married,no.schooling,without.disability,state,with.insurance,asian
2018HU0456790,5,1,51020,3,50_59,m,civilian.employed,same.house,i.50000.64999,abroad.born,married,no.schooling,without.disability,private.profit,with.insurance,white
2018HU0589370,5,2,51224,3,50_59,f,civilian.employed,same.house,i.75000.99999,us.born,never,no.schooling,without.disability,private.profit,with.insurance,black
2018HU1047775,5,3,51044,3,0_9,f,not.in.labor.force,same.house,i.75000.99999,us.born,never,public,without.disability,not.working,with.insurance,white
2018HU0444998,5,1,59302,3,20_29,f,not.in.labor.force,same.house,i.0.9999,us.born,never,public,with.disability,self.employed.no.corp,with.insurance,white
2018HU0198542,5,4,51245,3,60_69,m,civilian.employed,same.house,i.10000.14999,us.born,married,no.schooling,without.disability,private.profit,with.insurance,white
2018HU0753652,5,1,51115,3,70_79,f,civilian.employed,same.house,i.0.9999,us.born,divorced,no.schooling,with.disability,private.profit,with.insurance,white
2018HU0197345,5,1,51080,3,50_59,f,not.in.labor.force,same.house,i.0.9999,us.born,married,no.schooling,without.disability,not.working,with.insurance,white
2018HU0052072,5,1,51145,3,10_19,f,not.in.labor.force,same.house,i.75000.99999,us.born,never,public,with.disability,not.working,with.insurance,black
2018HU0900713,5,4,51115,3,20_29,f,civilian.employed,diff.us.house,i.65000.74999,naturalization,never,no.schooling,without.disability,private.profit,with.insurance,asian
2018HU0014143,5,1,51155,3,70_79,f,not.in.labor.force,same.house,i.0.9999,us.born,widowed,no.schooling,without.disability,self.employed.no.corp,with.insurance,black
2018HU0064033,5,1,51084,3,20_29,f,civilian.employed,same.house,i.0.9999,us.born,never,public,without.disability,private.profit,with.insurance,white
2018HU1178019,5,1,51167,3,30_39,m,civilian.employed,same.house,i.35000.49999,not.citizen,never,no.schooling,without.disability,private.profit,without.insurance,white
2018HU0050258,5,1,51096,3,10_19,m,not.in.labor.force,same.house,i.75000.99999,us.born,never,public,without.disability,not.working,with.insurance,asian
2018HU0292692,5,2,51020,3,30_39,f,not.in.labor.force,same.house,i.35000.49999,not.citizen,married,no.schooling,without.disability,private.profit,with.insurance,asian
2018HU0546511,5,2,51167,3,40_49,f,civilian.employed,same.house,i.65000.74999,us.born,married,no.schooling,without.disability,local,with.insurance,white
2018HU0344099,5,3,51045,3,60_69,m,not.in.labor.force,same.house,i.0.9999,us.born,married,no.schooling,without.disability,self.employed.no.corp,with.insurance,white
2018HU0092556,5,1,51145,3,30_39,m,civilian.employed,same.house,i.75000.99999,us.born,married,no.schooling,without.disability,private.profit,with.insurance,white
2018HU0342563,5,1,51020,3,20_29,m,civilian.employed,same.house,i.50000.64999,not.citizen,never,no.schooling,without.disability,private.profit,without.insurance,white
2018HU1197029,5,1,51084,3,0_9,m,not.in.labor.force,diff.us.house,i.75000.99999,us.born,never,private,without.disability,not.working,with.insurance,white
2018HU0523477,5,2,10702,3,10_19,m,not.in.labor.force,same.house,i.75000.99999,us.born,never,public,with.disability,not.working,with.insurance,asian
2018HU0230059,5,4,51115,3,70_79,m,civilian.employed,same.house,i.50000.64999,us.born,divorced,no.schooling,without.disability,private.profit,with.insurance,white
2018HU0872131,5,1,51020,3,50_59,m,civilian.employed,same.house,i.75000.99999,us.born,married,no.schooling,without.disability,private.profit,with.insurance,white
2018HU1299198,5,3,55002,3,10_19,f,not.in.labor.force,same.house,i.0.9999,us.born,never,public,without.disability,self.employed.no.corp,with.insurance,white
2018HU1345352,5,2,51044,3,70_79,m,not.in.labor.force,same.house,i.0.9999,us.born,married,no.schooling,without.disability,private.profit,with.insurance,white
2018HU1393699,5,1,51154,3,60_69,m,civilian.employed,same.house,i.75000.99999,us.born,married,no.schooling,without.disability,federal,with.insurance,white
2018HU0238158,5,2,51110,3,30_39,m,civilian.employed,same.house,i.75000.99999,not.citizen,married,no.schooling,without.disability,private.profit,with.insurance,asian
2018HU0630589,5,2,51235,3,80_89,m,not.in.labor.force,diff.us.house,i.0.9999,naturalization,married,no.schooling,with.disability,not.working,with.insurance,asian
2018HU0245808,5,2,51154,3,10_19,m,not.in.labor.force,same.house,i.0.9999,us.born,never,public,without.disability,private.profit,with.insurance,white
2018HU0605757,5,1,51245,3,0_9,m,not.in.labor.force,same.house,i.75000.99999,us.born,never,private,without.disability,not.working,with.insurance,white
2018HU0596917,5,1,51154,3,30_39,f,civilian.employed,same.house,i.75000.99999,us.born,married,no.schooling,without.disability,federal,with.insurance,white
2018HU0696174,5,1,51105,3,20_29,f,civilian.employed,same.house,i.35000.49999,abroad.born,never,no.schooling,without.disability,private.profit,with.insurance,asian
2018HU0049600,5,1,59305,3,60_69,f,civilian.employed,same.house,i.75000.99999,us.born,married,no.schooling,without.disability,private.profit,with.insurance,white
2018HU0163056,5,4,10702,3,40_49,m,civilian.employed,same.house,i.0.9999,us.born,married,no.schooling,without.disability,self.employed.no.corp,with.insurance,white
2018HU1369998,5,2,51235,3,50_59,m,civilian.employed,same.house,i.75000.99999,naturalization,never,no.schooling,without.disability,private.no.profit,with.insurance,asian
2018HU0249632,5,1,4101,3,60_69,m,not.in.labor.force,same.house,i.0.9999,naturalization,married,no.schooling,without.disability,self.employed.corp,with.insurance,asian
2018HU0829809,5,3,51246,3,50_59,f,civilian.employed,same.house,i.50000.64999,us.born,married,no.schooling,without.disability,state,with.insurance,white
2018HU1116415,5,2,51087,3,50_59,f,not.in.labor.force,same.house,i.0.9999,naturalization,married,no.schooling,without.disability,federal,with.insurance,asian
2018HU0770917,5,2,51087,3,50_59,m,civilian.employed,same.house,i.75000.99999,us.born,married,no.schooling,without.disability,federal,with.insurance,white
2018HU0497365,5,1,51246,3,70_79,f,not.in.labor.force,same.house,i.0.9999,us.born,divorced,no.schooling,without.disability,not.working,with.insurance,white
2018HU0779055,5,3,4102,3,30_39,f,civilian.employed,same.house,i.65000.74999,naturalization,married,no.schooling,without.disability,private.profit,with.insurance,asian
2018HU0528996,5,1,51167,3,70_79,m,civilian.employed,same.house,i.65000.74999,us.born,married,no.schooling,without.disability,self.employed.corp,with.insurance,white
2018HU1008039,5,6,10703,3,10_19,f,not.in.labor.force,same.house,i.0.9999,us.born,never,public,without.disability,not.working,with.insurance,white
2018HU0715901,5,2,51154,3,20_29,m,not.in.labor.force,abroad.house,i.0.9999,us.born,never,public,without.disability,not.working,without.insurance,asian
2018HU1209935,5,1,51089,3,70_79,f,not.in.labor.force,same.house,i.0.9999,us.born,married,no.schooling,with.disability,not.working,with.insurance,white
2018HU1280659,5,4,51225,3,0_9,f,not.in.labor.force,same.house,i.75000.99999,us.born,never,public,without.disability,not.working,with.insurance,white
2018HU0018756,5,2,51085,3,20_29,f,civilian.employed,diff.us.house,i.25000.34999,us.born,married,no.schooling,without.disability,local,with.insurance,white
2018HU0646702,5,2,51087,3,60_69,m,civilian.employed,same.house,i.0.9999,not.citizen,married,no.schooling,without.disability,self.employed.no.corp,without.insurance,other
2018HU0526506,5,1,51110,3,40_49,f,civilian.employed,same.house,i.35000.49999,not.citizen,never,no.schooling,without.disability,private.profit,without.insurance,white
2018HU0726359,5,1,51085,3,50_59,f,civilian.employed,same.house,i.15000.24999,us.born,married,private,without.disability,local,with.insurance,white
2018HU0347248,5,1,51115,3,20_29,f,civilian.employed,diff.us.house,i.0.9999,us.born,never,no.schooling,without.disability,private.profit,with.insurance,white
2018HU0577135,5,2,51235,3,80_89,m,not.in.labor.force,same.house,i.0.9999,naturalization,married,no.schooling,without.disability,not.working,with.insurance,asian
2018HU0812867,5,1,51090,3,0_9,f,not.in.labor.force,diff.us.house,i.75000.99999,us.born,never,private,without.disability,not.working,without.insurance,other
2018HU1332676,5,2,51175,3,60_69,f,civilian.employed,same.house,i.15000.24999,us.born,married,no.schooling,without.disability,self.employed.corp,with.insurance,white
2018HU0233115,5,1,51206,3,60_69,m,civilian.employed,same.house,i.75000.99999,us.born,married,no.schooling,without.disability,private.profit,with.insurance,white
2018HU0444418,5,1,51206,3,40_49,m,civilian.employed,same.house,i.75000.99999,us.born,married,no.schooling,without.disability,private.profit,with.insurance,white
2018HU0795702,5,1,51175,3,10_19,m,not.in.labor.force,diff.us.house,i.75000.99999,us.born,never,public,with.disability,not.working,with.insurance,white
2018HU0178304,5,4,51120,3,50_59,m,civilian.employed,same.house,i.75000.99999,us.born,married,no.schooling,without.disability,private.profit,with.insurance,white
2018HU0343362,5,2,51135,3,50_59,f,unemployed,same.house,i.10000.14999,us.born,married,no.schooling,without.disability,private.profit,with.insurance,white
2018HU0055945,5,2,51044,3,50_59,f,not.in.labor.force,same.house,i.0.9999,us.born,married,no.schooling,without.disability,not.working,with.insurance,white
2018HU1389555,5,2,51215,3,10_19,m,not.in.labor.force,same.house,i.75000.99999,us.born,never,public,without.disability,not.working,with.insurance,white
2018HU0373940,5,1,51044,3,70_79,m,not.in.labor.force,same.house,i.0.9999,naturalization,married,no.schooling,without.disability,not.working,with.insurance,asian
2018HU1195147,5,1,51080,3,40_49,f,civilian.employed,same.house,i.75000.99999,us.born,married,no.schooling,without.disability,private.profit,with.insurance,white
2018HU0293489,5,1,51010,3,40_49,m,civilian.employed,diff.us.house,i.75000.99999,us.born,never,no.schooling,without.disability,private.profit,with.insurance,asian
2018HU1172672,5,1,51145,3,40_49,f,civilian.employed,same.house,i.25000.34999,naturalization,separated,no.schooling,without.disability,private.profit,without.insurance,black
2018HU0816668,5,2,51246,3,10_19,f,civilian.employed,same.house,i.0.9999,us.born,never,public,without.disability,private.profit,with.insurance,asian
2018HU1265994,5,2,4101,3,20_29,f,civilian.employed,diff.us.house,i.0.9999,not.citizen,never,no.schooling,without.disability,private.profit,without.insurance,asian
2018HU0674857,5,1,51175,3,50_59,f,civilian.employed,same.house,i.75000.99999,us.born,never,public,without.disability,local,with.insurance,white
2018HU0083346,5,1,51096,3,40_49,f,armed.forces,diff.us.house,i.65000.74999,us.born,divorced,no.schooling,without.disability,federal,with.insurance,white
2018HU0314687,5,1,51115,3,50_59,f,civilian.employed,diff.us.house,i.75000.99999,us.born,widowed,no.schooling,without.disability,private.profit,with.insurance,white
2018HU0718396,5,1,10702,3,0_9,m,not.in.labor.force,same.house,i.75000.99999,us.born,never,public,without.disability,not.working,with.insurance,asian
2018HU0162047,5,3,51120,3,40_49,f,civilian.employed,same.house,i.0.9999,us.born,married,no.schooling,without.disability,self.employed.corp,with.insurance,white
2018HU0106390,5,1,51255,3,10_19,f,not.in.labor.force,same.house,i.0.9999,naturalization,never,public,without.disability,private.no.profit,with.insurance,black
2018HU0712873,5,1,51040,3,80_89,m,not.in.labor.force,same.house,i.0.9999,us.born,married,no.schooling,with.disability,not.working,with.insurance,white
2018HU0829809,5,4,51246,3,50_59,m,civilian.employed,same.house,i.0.9999,us.born,married,no.schooling,without.disability,self.employed.no.corp,with.insurance,white
2018HU0851979,5,2,51096,3,0_9,m,not.in.labor.force,same.house,i.75000.99999,us.born,never,public,without.disability,not.working,with.insurance,white
2018HU0348422,5,1,51080,3,10_19,m,not.in.labor.force,same.house,i.0.9999,us.born,never,public,without.disability,not.working,with.insurance,white
2018HU0416951,5,2,51167,3,60_69,f,civilian.employed,same.house,i.10000.14999,not.citizen,married,no.schooling,without.disability,private.profit,with.insurance,black
2018HU1178048,5,1,59303,3,40_49,f,civilian.employed,same.house,i.25000.34999,abroad.born,married,no.schooling,without.disability,local,with.insurance,white
2018HU1059265,5,4,51105,3,70_79,f,not.in.labor.force,same.house,i.0.9999,us.born,divorced,no.schooling,without.disability,private.profit,with.insurance,black
2018HU1013896,5,1,51155,3,50_59,m,civilian.employed,same.house,i.35000.49999,not.citizen,married,no.schooling,without.disability,private.profit,without.insurance,white
2018HU0462765,5,1,51186,3,0_9,f,not.in.labor.force,same.house,i.75000.99999,us.born,never,private,without.disability,not.working,with.insurance,white
2018HU0156353,5,1,51235,3,80_89,m,civilian.employed,same.house,i.0.9999,us.born,married,no.schooling,with.disability,self.employed.corp,with.insurance,white
2018HU0803683,5,2,51165,3,20_29,m,civilian.employed,diff.us.house,i.0.9999,us.born,never,no.schooling,without.disability,private.profit,with.insurance,white
2018HU0251037,5,1,51090,3,20_29,f,civilian.employed,same.house,i.0.9999,us.born,never,public,without.disability,private.profit,with.insurance,white
2018HU0369128,5,3,51096,3,50_59,f,civilian.employed,same.house,i.75000.99999,us.born,married,no.schooling,without.disability,state,with.insurance,white
2018HU0126902,5,2,51040,3,60_69,m,civilian.employed,same.house,i.75000.99999,us.born,married,no.schooling,with.disability,self.employed.no.corp,with.insurance,white
2018HU0246341,5,1,51096,3,70_79,f,not.in.labor.force,same.house,i.75000.99999,us.born,widowed,no.schooling,without.disability,federal,with.insurance,white
2018HU0589394,5,1,51090,3,30_39,f,civilian.employed,same.house,i.0.9999,us.born,married,no.schooling,without.disability,private.profit,with.insurance,white
2018HU0270439,5,1,51089,3,40_49,m,civilian.employed,same.house,i.75000.99999,us.born,married,no.schooling,without.disability,private.profit,with.insurance,white
2018HU1187098,5,3,51225,3,0_9,f,not.in.labor.force,same.house,i.75000.99999,us.born,never,no.schooling,without.disability,not.working,with.insurance,asian
2018HU0924994,5,1,51120,3,10_19,f,not.in.labor.force,same.house,i.0.9999,us.born,never,public,without.disability,not.working,with.insurance,asian
2018HU0073546,5,1,51225,3,0_9,m,not.in.labor.force,same.house,i.75000.99999,us.born,never,public,without.disability,not.working,with.insurance,white
2018HU1347065,5,3,51010,3,10_19,m,not.in.labor.force,diff.us.house,i.0.9999,us.born,never,public,without.disability,not.working,with.insurance,white
2018HU0342573,5,2,51045,3,0_9,m,not.in.labor.force,same.house,i.75000.99999,us.born,never,public,without.disability,not.working,with.insurance,white
2018HU0710496,5,1,55002,3,50_59,m,civilian.employed,same.house,i.50000.64999,us.born,never,no.schooling,without.disability,private.profit,without.insurance,other
2018HU1113191,5,1,51135,3,10_19,m,not.in.labor.force,same.house,i.0.9999,us.born,never,public,without.disability,not.working,with.insurance,asian
2018HU0795139,5,3,51110,3,60_69,m,civilian.employed,same.house,i.75000.99999,us.born,married,no.schooling,with.disability,private.profit,with.insurance,white
2018HU0973078,5,1,51154,3,40_49,f,civilian.employed,same.house,i.75000.99999,us.born,married,no.schooling,without.disability,private.profit,with.insurance,white
2018HU0307463,5,2,51097,3,40_49,f,civilian.employed,same.house,i.75000.99999,us.born,married,no.schooling,without.disability,local,with.insurance,white
2018HU0354389,5,7,51085,3,70_79,f,not.in.labor.force,same.house,i.0.9999,us.born,divorced,no.schooling,without.disability,not.working,with.insurance,black
2018HU1234835,5,2,51215,3,70_79,m,not.in.labor.force,same.house,i.0.9999,naturalization,married,no.schooling,without.disability,not.working,with.insurance,white
2018HU0864770,5,1,51096,3,10_19,m,civilian.employed,same.house,i.0.9999,us.born,never,public,without.disability,private.profit,with.insurance,asian
2018HU1105866,5,2,51164,3,60_69,m,civilian.employed,same.house,i.75000.99999,us.born,married,no.schooling,without.disability,private.profit,with.insurance,white
2018HU0951222,5,2,51244,3,0_9,f,not.in.labor.force,same.house,i.75000.99999,us.born,never,public,without.disability,not.working,with.insurance,white
2018HU0136470,5,1,51089,3,40_49,f,civilian.employed,same.house,i.75000.99999,naturalization,divorced,no.schooling,without.disability,private.profit,with.insurance,white
2018HU1024064,5,2,59306,3,10_19,f,not.in.labor.force,same.house,i.0.9999,us.born,never,public,without.disability,not.working,with.insurance,asian
2018HU0379087,5,1,51154,3,40_49,f,not.in.labor.force,same.house,i.0.9999,us.born,married,no.schooling,without.disability,not.working,with.insurance,white
2018HU0366962,5,1,51154,3,10_19,m,not.in.labor.force,same.house,i.75000.99999,us.born,never,public,without.disability,not.working,without.insurance,asian
2018HU1393224,5,2,51097,3,30_39,m,civilian.employed,same.house,i.25000.34999,us.born,never,no.schooling,without.disability,private.profit,with.insurance,two.
2018HU1320021,5,1,51145,3,40_49,f,civilian.employed,same.house,i.75000.99999,naturalization,married,no.schooling,without.disability,federal,with.insurance,asian
2018HU0083346,5,1,51096,3,40_49,f,armed.forces,diff.us.house,i.65000.74999,us.born,divorced,no.schooling,without.disability,federal,with.insurance,white
2018HU0787217,5,2,59301,3,10_19,m,not.in.labor.force,same.house,i.75000.99999,us.born,never,public,without.disability,not.working,with.insurance,asian
2018HU0020979,5,2,51224,3,10_19,m,not.in.labor.force,same.house,i.75000.99999,us.born,never,public,without.disability,not.working,with.insurance,white
2018HU0503777,5,1,59309,3,60_69,f,civilian.employed,same.house,i.75000.99999,us.born,married,no.schooling,without.disability,private.profit,with.insurance,white
2018HU0193753,5,1,51020,3,0_9,m,not.in.labor.force,same.house,i.75000.99999,us.born,never,no.schooling,without.disability,not.working,with.insurance,white
2018HU0924526,5,1,55002,3,10_19,f,not.in.labor.force,same.house,i.0.9999,us.born,never,public,without.disability,private.profit,with.insurance,white
2018HU0425077,5,1,59305,3,0_9,m,not.in.labor.force,diff.us.house,i.75000.99999,us.born,never,public,without.disability,not.working,with.insurance,white
2018HU0359576,5,1,51246,3,40_49,f,civilian.employed,same.house,i.25000.34999,not.citizen,married,no.schooling,without.disability,private.profit,with.insurance,asian
2018HU0015935,5,1,51215,3,30_39,m,civilian.employed,same.house,i.75000.99999,us.born,never,no.schooling,without.disability,federal,with.insurance,white
2018HU0201352,5,1,51120,3,30_39,m,civilian.employed,same.house,i.75000.99999,us.born,married,no.schooling,without.disability,federal,with.insurance,white
2018HU1264416,5,1,51020,3,30_39,m,civilian.employed,same.house,i.75000.99999,us.born,married,no.schooling,without.disability,private.profit,with.insurance,white
2018HU0034931,5,1,51045,3,80_89,f,not.in.labor.force,same.house,i.0.9999,naturalization,married,no.schooling,without.disability,not.working,with.insurance,white
2018HU0772688,5,4,51225,3,60_69,m,civilian.employed,same.house,i.75000.99999,us.born,married,no.schooling,without.disability,private.profit,with.insurance,white
2018HU0695440,5,1,51040,3,10_19,f,not.in.labor.force,same.house,i.75000.99999,us.born,never,public,without.disability,not.working,with.insurance,white
2018HU0595457,5,6,51105,3,70_79,f,not.in.labor.force,same.house,i.0.9999,us.born,married,no.schooling,without.disability,not.working,with.insurance,white
2018HU0278490,5,1,55001,3,20_29,m,not.in.labor.force,same.house,i.0.9999,us.born,never,no.schooling,without.disability,private.profit,with.insurance,asian
2018HU1132501,5,4,51244,3,10_19,f,not.in.labor.force,same.house,i.0.9999,us.born,never,public,without.disability,not.working,with.insurance,white
2018HU0573468,5,2,51084,3,50_59,m,civilian.employed,same.house,i.75000.99999,us.born,married,no.schooling,without.disability,federal,with.insurance,white
2018HU1216347,5,1,51135,3,70_79,m,not.in.labor.force,same.house,i.0.9999,us.born,married,no.schooling,without.disability,private.profit,with.insurance,white
2018HU0686563,5,1,51087,3,0_9,f,not.in.labor.force,same.house,i.75000.99999,us.born,never,no.schooling,without.disability,not.working,with.insurance,two.
2018HU1182841,5,1,51105,3,50_59,m,civilian.employed,diff.us.house,i.75000.99999,us.born,divorced,no.schooling,without.disability,federal,with.insurance,white
2018HU0023827,5,4,51224,3,40_49,f,civilian.employed,same.house,i.65000.74999,us.born,married,no.schooling,without.disability,private.no.profit,with.insurance,asian
2018HU0262563,5,2,51105,3,60_69,m,not.in.labor.force,same.house,i.50000.64999,abroad.born,married,no.schooling,without.disability,federal,with.insurance,white
2018HU0530968,5,2,51125,3,70_79,m,civilian.employed,same.house,i.15000.24999,naturalization,married,no.schooling,without.disability,self.employed.corp,with.insurance,asian
2018HU0974682,5,3,59308,3,60_69,f,civilian.employed,diff.us.house,i.35000.49999,naturalization,never,no.schooling,without.disability,private.profit,with.insurance,white
2018HU0268020,5,2,59307,3,50_59,f,not.in.labor.force,same.house,i.0.9999,abroad.born,married,no.schooling,without.disability,private.no.profit,with.insurance,white
2018HU1233369,5,1,51215,3,60_69,m,civilian.employed,same.house,i.75000.99999,us.born,married,no.schooling,without.disability,federal,with.insurance,white
2018HU0833131,5,1,51087,3,10_19,m,civilian.employed,same.house,i.0.9999,naturalization,never,private,without.disability,private.profit,with.insurance,other
2018HU0776040,5,1,10703,3,50_59,m,civilian.employed,same.house,i.35000.49999,us.born,never,public,without.disability,self.employed.corp,with.insurance,white
2018HU1150859,5,2,4103,3,40_49,f,civilian.employed,diff.us.house,i.10000.14999,not.citizen,married,public,without.disability,local,with.insurance,asian
2018HU0921756,5,1,51110,3,10_19,m,not.in.labor.force,same.house,i.0.9999,us.born,never,public,without.disability,private.profit,with.insurance,white
2018HU0530968,5,2,51125,3,70_79,m,civilian.employed,same.house,i.15000.24999,naturalization,married,no.schooling,without.disability,self.employed.corp,with.insurance,asian
2018HU1320215,5,1,51097,3,40_49,f,not.in.labor.force,same.house,i.0.9999,us.born,never,no.schooling,with.disability,not.working,with.insurance,black
2018HU1018778,5,1,55001,3,40_49,f,civilian.employed,same.house,i.75000.99999,us.born,married,no.schooling,without.disability,private.profit,with.insurance,white
2018HU0443203,5,2,51165,3,10_19,m,not.in.labor.force,diff.us.house,i.0.9999,abroad.born,never,public,without.disability,not.working,with.insurance,white
2018HU0125503,5,1,51155,3,40_49,m,civilian.employed,same.house,i.75000.99999,us.born,divorced,no.schooling,without.disability,federal,with.insurance,white
2018HU1375651,5,1,55001,3,0_9,f,not.in.labor.force,same.house,i.75000.99999,us.born,never,public,without.disability,not.working,with.insurance,white
2018HU0452975,5,2,51044,3,30_39,f,civilian.employed,same.house,i.10000.14999,not.citizen,married,no.schooling,without.disability,private.profit,without.insurance,other
2018HU1257012,5,1,51115,3,0_9,f,not.in.labor.force,same.house,i.75000.99999,us.born,never,no.schooling,without.disability,not.working,with.insurance,white
2018HU0761746,5,1,10702,3,40_49,f,not.in.labor.force,same.house,i.0.9999,naturalization,never,no.schooling,with.disability,private.profit,with.insurance,white
2018HU0565481,5,3,51175,3,30_39,f,civilian.employed,same.house,i.35000.49999,abroad.born,divorced,no.schooling,without.disability,private.profit,without.insurance,white
2018HU0109111,5,2,59303,3,0_9,m,not.in.labor.force,same.house,i.75000.99999,us.born,never,public,without.disability,not.working,with.insurance,black
2018HU0052072,5,1,51145,3,10_19,f,not.in.labor.force,same.house,i.75000.99999,us.born,never,public,with.disability,not.working,with.insurance,black
2018HU0113282,5,1,59303,3,20_29,m,civilian.employed,diff.us.house,i.0.9999,us.born,never,public,without.disability,self.employed.no.corp,with.insurance,white
2018HU0138113,5,1,51084,3,30_39,m,civilian.employed,same.house,i.75000.99999,us.born,married,no.schooling,without.disability,private.profit,with.insurance,white
2018HU0779138,5,4,59303,3,20_29,m,civilian.employed,diff.us.house,i.15000.24999,not.citizen,never,no.schooling,without.disability,private.profit,with.insurance,asian
2018HU0271649,5,1,51095,3,70_79,m,civilian.employed,same.house,i.75000.99999,us.born,married,no.schooling,without.disability,private.no.profit,with.insurance,white
2018HU0726359,5,1,51085,3,50_59,f,civilian.employed,same.house,i.15000.24999,us.born,married,private,without.disability,local,with.insurance,white
2018HU1189132,5,1,51105,3,50_59,m,civilian.employed,same.house,i.75000.99999,us.born,married,no.schooling,without.disability,private.profit,with.insurance,white
2018HU0908745,5,1,51095,3,70_79,f,civilian.employed,same.house,i.15000.24999,naturalization,married,no.schooling,without.disability,private.no.profit,with.insurance,white
2018HU1362974,5,2,51044,3,0_9,f,not.in.labor.force,same.house,i.75000.99999,us.born,never,public,without.disability,not.working,with.insurance,asian
2018HU0246200,5,2,59302,3,50_59,m,civilian.employed,same.house,i.75000.99999,us.born,never,public,without.disability,private.profit,with.insurance,asian
2018HU0858853,5,1,51215,3,20_29,f,civilian.employed,abroad.house,i.25000.34999,us.born,never,no.schooling,without.disability,local,with.insurance,white
2018HU0044620,5,1,51235,3,0_9,f,not.in.labor.force,same.house,i.75000.99999,us.born,never,public,without.disability,not.working,with.insurance,white
2018HU0964306,5,1,51040,3,70_79,m,not.in.labor.force,same.house,i.0.9999,us.born,married,no.schooling,with.disability,not.working,with.insurance,white
2018HU0413062,5,2,51235,3,30_39,m,civilian.employed,same.house,i.75000.99999,not.citizen,married,no.schooling,without.disability,private.profit,with.insurance,asian
2018HU1005021,5,4,51154,3,80_89,m,not.in.labor.force,same.house,i.0.9999,us.born,married,no.schooling,with.disability,not.working,with.insurance,white
2018HU1276836,5,1,51040,3,50_59,m,civilian.employed,same.house,i.0.9999,us.born,divorced,no.schooling,without.disability,self.employed.no.corp,with.insurance,two.
2018HU0846285,5,1,51110,3,70_79,m,not.in.labor.force,same.house,i.0.9999,us.born,married,no.schooling,without.disability,federal,with.insurance,white
2018HU0714102,5,1,51045,3,50_59,f,civilian.employed,same.house,i.75000.99999,not.citizen,married,no.schooling,without.disability,local,with.insurance,white
2018HU1235979,5,1,59303,3,40_49,m,civilian.employed,same.house,i.75000.99999,us.born,married,no.schooling,without.disability,private.profit,with.insurance,white
2018HU0773361,5,1,51090,3,10_19,m,not.in.labor.force,same.house,i.0.9999,us.born,never,public,without.disability,not.working,with.insurance,white
2018HU0216387,5,1,51044,3,0_9,f,not.in.labor.force,same.house,i.75000.99999,us.born,never,private,without.disability,not.working,with.insurance,white
2018HU0859480,5,1,51096,3,30_39,f,civilian.employed,same.house,i.50000.64999,us.born,married,no.schooling,without.disability,private.profit,with.insurance,white
2018HU0108068,5,3,51206,3,40_49,f,civilian.employed,same.house,i.75000.99999,naturalization,married,no.schooling,without.disability,private.no.profit,with.insurance,asian
2018HU0439161,5,1,59303,3,50_59,f,civilian.employed,same.house,i.25000.34999,naturalization,married,no.schooling,without.disability,self.employed.corp,with.insurance,white
2018HU0363305,5,1,51154,3,60_69,m,civilian.employed,same.house,i.75000.99999,us.born,married,no.schooling,with.disability,local,with.insurance,white
2018HU1090232,5,1,55001,3,30_39,f,civilian.employed,same.house,i.75000.99999,naturalization,married,no.schooling,without.disability,private.profit,with.insurance,two.
2018HU1243099,5,2,59305,3,30_39,f,civilian.employed,same.house,i.75000.99999,us.born,married,no.schooling,without.disability,private.profit,with.insurance,white
2018HU1029747,5,2,51087,3,60_69,f,civilian.employed,same.house,i.35000.49999,us.born,married,no.schooling,without.disability,local,with.insurance,white
2018HU0865982,5,1,4101,3,50_59,m,civilian.employed,same.house,i.75000.99999,us.born,married,no.schooling,without.disability,private.profit,with.insurance,white
2018HU0660848,5,4,59304,3,0_9,f,not.in.labor.force,same.house,i.75000.99999,us.born,never,private,without.disability,not.working,with.insurance,white
2018HU0168516,5,1,51105,3,30_39,f,civilian.employed,same.house,i.0.9999,us.born,never,no.schooling,without.disability,private.no.profit,with.insurance,black
2018HU0378358,5,1,51120,3,20_29,f,civilian.employed,same.house,i.50000.64999,us.born,married,private,without.disability,local,with.insurance,white
2018HU1205576,5,3,51045,3,30_39,f,civilian.employed,same.house,i.75000.99999,us.born,never,no.schooling,with.disability,private.profit,with.insurance,white
2018HU0668408,5,2,51045,3,40_49,f,civilian.employed,same.house,i.0.9999,not.citizen,married,no.schooling,without.disability,self.employed.no.corp,with.insurance,white
2018HU0696174,5,1,51105,3,20_29,f,civilian.employed,same.house,i.35000.49999,abroad.born,never,no.schooling,without.disability,private.profit,with.insurance,asian
2018HU0525710,5,1,51097,3,30_39,m,civilian.employed,same.house,i.75000.99999,us.born,never,no.schooling,with.disability,federal,with.insurance,white
2018HU0595108,5,1,51235,3,10_19,f,civilian.employed,diff.us.house,i.0.9999,us.born,never,public,without.disability,private.profit,with.insurance,asian
2018HU0320960,5,2,51095,3,40_49,m,civilian.employed,same.house,i.75000.99999,us.born,married,no.schooling,without.disability,federal,with.insurance,white
2018HU1290504,5,1,51097,3,60_69,m,not.in.labor.force,same.house,i.0.9999,us.born,married,no.schooling,without.disability,not.working,with.insurance,white
2018HU0026816,5,1,51115,3,40_49,m,civilian.employed,same.house,i.75000.99999,abroad.born,married,no.schooling,without.disability,private.no.profit,with.insurance,asian
2018HU0742588,5,1,51175,3,0_9,f,not.in.labor.force,same.house,i.75000.99999,us.born,never,private,without.disability,not.working,with.insurance,white
2018GQ0032353,5,4,51155,3,80_89,m,not.in.labor.force,same.house,i.0.9999,us.born,widowed,no.schooling,with.disability,not.working,with.insurance,white
2018HU0131067,5,1,51040,3,50_59,f,not.in.labor.force,same.house,i.0.9999,us.born,married,no.schooling,without.disability,private.profit,with.insurance,white
2018HU0464592,5,1,51165,3,30_39,m,civilian.employed,diff.us.house,i.75000.99999,us.born,never,no.schooling,without.disability,private.profit,with.insurance,white
2018HU0860773,5,4,59303,3,70_79,f,not.in.labor.force,same.house,i.10000.14999,not.citizen,widowed,private,without.disability,private.profit,with.insurance,white
2018HU0932655,5,2,51020,3,20_29,m,civilian.employed,same.house,i.25000.34999,us.born,never,public,without.disability,private.profit,with.insurance,asian
2018HU0033733,5,2,51245,3,40_49,m,civilian.employed,same.house,i.75000.99999,us.born,married,no.schooling,without.disability,private.no.profit,with.insurance,white
2018HU0779055,5,2,10703,3,30_39,m,civilian.employed,same.house,i.75000.99999,naturalization,married,no.schooling,without.disability,federal,with.insurance,asian
2018HU0033629,5,1,51105,3,80_89,f,not.in.labor.force,same.house,i.0.9999,us.born,married,no.schooling,with.disability,not.working,with.insurance,white
2018HU1302578,5,1,51084,3,10_19,f,not.in.labor.force,same.house,i.75000.99999,us.born,never,public,without.disability,not.working,with.insurance,white
2018HU0700176,5,2,51080,3,0_9,f,not.in.labor.force,diff.us.house,i.75000.99999,us.born,never,public,without.disability,not.working,with.insurance,white
2018HU1094986,5,2,51246,3,40_49,m,civilian.employed,same.house,i.75000.99999,naturalization,married,no.schooling,without.disability,private.profit,with.insurance,asian
2018HU0521635,5,6,51145,3,20_29,f,civilian.employed,same.house,i.15000.24999,us.born,never,no.schooling,without.disability,private.no.profit,with.insurance,black
2018HU1342198,5,1,51175,3,40_49,f,civilian.employed,same.house,i.65000.74999,naturalization,married,no.schooling,without.disability,private.no.profit,with.insurance,asian
2018HU1032653,5,1,51096,3,20_29,m,civilian.employed,same.house,i.10000.14999,abroad.born,never,private,without.disability,private.no.profit,with.insurance,white
2018HU1086030,5,1,51246,3,10_19,m,not.in.labor.force,same.house,i.0.9999,us.born,never,public,without.disability,not.working,with.insurance,white
2018HU0630007,5,1,51120,3,0_9,m,not.in.labor.force,diff.us.house,i.75000.99999,us.born,never,no.schooling,without.disability,not.working,with.insurance,white
2018HU1302384,5,2,51245,3,80_89,m,not.in.labor.force,same.house,i.0.9999,us.born,married,private,without.disability,not.working,with.insurance,white
2018HU0016223,5,4,59305,3,60_69,m,civilian.employed,same.house,i.35000.49999,us.born,never,no.schooling,without.disability,private.profit,with.insurance,white
2018HU1035440,5,2,51010,3,60_69,m,not.in.labor.force,same.house,i.0.9999,us.born,never,no.schooling,without.disability,not.working,with.insurance,white
2018HU0389679,5,3,51167,3,10_19,m,not.in.labor.force,same.house,i.75000.99999,us.born,never,public,without.disability,not.working,with.insurance,white
2018HU0983887,5,1,51040,3,20_29,f,not.in.labor.force,same.house,i.0.9999,naturalization,never,no.schooling,without.disability,private.profit,with.insurance,black
2018HU0207057,5,1,51020,3,20_29,m,not.in.labor.force,same.house,i.0.9999,us.born,never,public,with.disability,self.employed.no.corp,with.insurance,white
2018HU0374529,5,1,51096,3,30_39,m,civilian.employed,same.house,i.15000.24999,not.citizen,married,no.schooling,without.disability,private.profit,with.insurance,black
2018HU0620666,5,3,10703,3,50_59,m,civilian.employed,same.house,i.75000.99999,us.born,married,no.schooling,without.disability,state,with.insurance,white
2018HU0107695,5,1,51090,3,0_9,f,not.in.labor.force,same.house,i.75000.99999,naturalization,never,public,without.disability,not.working,with.insurance,black
2018HU0435904,5,3,59303,3,50_59,m,civilian.employed,same.house,i.75000.99999,us.born,married,no.schooling,without.disability,private.profit,with.insurance,white
2018HU0496242,5,1,51105,3,50_59,f,not.in.labor.force,same.house,i.0.9999,us.born,married,no.schooling,without.disability,not.working,with.insurance,white
2018HU1332426,5,1,51215,3,50_59,m,not.in.labor.force,same.house,i.0.9999,us.born,married,no.schooling,without.disability,private.profit,with.insurance,white
2018HU0226473,5,1,51089,3,10_19,f,not.in.labor.force,same.house,i.75000.99999,us.born,never,public,without.disability,not.working,with.insurance,white
2018GQ0086776,5,1,59309,3,20_29,f,civilian.employed,same.house,i.0.9999,us.born,never,public,without.disability,private.profit,with.insurance,white
2018HU0429468,5,2,51010,3,20_29,m,not.in.labor.force,same.house,i.0.9999,us.born,never,public,with.disability,not.working,with.insurance,white
2018HU0589827,5,2,51045,3,70_79,m,not.in.labor.force,same.house,i.0.9999,us.born,married,no.schooling,without.disability,private.no.profit,with.insurance,white
2018HU0531888,5,2,59306,3,40_49,m,civilian.employed,same.house,i.75000.99999,us.born,married,no.schooling,without.disability,private.profit,with.insurance,white
2018HU0165760,5,1,51105,3,40_49,f,civilian.employed,same.house,i.75000.99999,us.born,married,no.schooling,without.disability,private.profit,with.insurance,white
2018HU1221202,5,1,51020,3,10_19,m,not.in.labor.force,same.house,i.75000.99999,us.born,never,public,without.disability,not.working,with.insurance,white
2018HU0567050,5,2,59301,3,60_69,f,not.in.labor.force,same.house,i.0.9999,us.born,never,no.schooling,without.disability,not.working,with.insurance,white
2018HU0972508,5,2,51120,3,60_69,f,civilian.employed,same.house,i.75000.99999,us.born,married,no.schooling,without.disability,private.profit,with.insurance,white
2018HU0311654,5,1,51045,3,10_19,m,not.in.labor.force,same.house,i.75000.99999,us.born,never,private,with.disability,not.working,with.insurance,other
2018HU0359179,5,1,51235,3,40_49,m,civilian.employed,same.house,i.75000.99999,us.born,divorced,no.schooling,without.disability,private.profit,with.insurance,white
2018HU1358453,5,1,59301,3,0_9,m,not.in.labor.force,same.house,i.75000.99999,us.born,never,no.schooling,without.disability,not.working,with.insurance,white
2018HU0299700,5,2,59303,3,60_69,f,not.in.labor.force,same.house,i.0.9999,us.born,married,no.schooling,without.disability,not.working,with.insurance,white
2018HU0565908,5,1,51110,3,60_69,m,not.in.labor.force,same.house,i.0.9999,us.born,married,no.schooling,without.disability,private.profit,with.insurance,white
2018HU0807869,5,2,51110,3,60_69,f,not.in.labor.force,same.house,i.0.9999,us.born,married,no.schooling,without.disability,private.profit,with.insurance,white
2018HU0225687,5,1,51206,3,60_69,m,civilian.employed,same.house,i.75000.99999,us.born,married,private,without.disability,federal,with.insurance,white
2018HU0699693,5,1,59302,3,10_19,m,not.in.labor.force,same.house,i.75000.99999,us.born,never,public,without.disability,not.working,with.insurance,white
2018HU0013484,5,1,51167,3,40_49,m,unemployed,same.house,i.35000.49999,not.citizen,separated,no.schooling,without.disability,private.profit,with.insurance,white
2018HU0211132,5,4,51120,3,30_39,m,civilian.employed,same.house,i.50000.64999,us.born,married,no.schooling,without.disability,private.profit,with.insurance,white
2018HU0990934,5,3,51145,3,40_49,f,civilian.employed,same.house,i.25000.34999,us.born,married,no.schooling,without.disability,private.profit,with.insurance,white
2018HU0225797,5,4,51246,3,10_19,f,not.in.labor.force,same.house,i.75000.99999,us.born,never,public,without.disability,not.working,with.insurance,asian
2018HU0003375,5,1,51010,3,10_19,m,not.in.labor.force,same.house,i.75000.99999,us.born,never,public,without.disability,not.working,with.insurance,white
2018HU0314840,5,1,51120,3,40_49,f,civilian.employed,same.house,i.75000.99999,us.born,married,no.schooling,without.disability,federal,with.insurance,white
2018HU0983611,5,1,51135,3,70_79,m,not.in.labor.force,same.house,i.0.9999,us.born,married,no.schooling,without.disability,federal,with.insurance,white
2018HU0002401,5,3,51085,3,40_49,f,civilian.employed,same.house,i.75000.99999,us.born,married,no.schooling,without.disability,private.profit,with.insurance,white
2018HU0088651,5,3,51125,3,60_69,m,civilian.employed,same.house,i.75000.99999,us.born,married,no.schooling,without.disability,self.employed.corp,with.insurance,white
2018HU0715065,5,2,51145,3,60_69,f,not.in.labor.force,same.house,i.0.9999,us.born,married,no.schooling,with.disability,local,with.insurance,white
2018HU0964865,5,5,51215,3,70_79,f,not.in.labor.force,same.house,i.0.9999,us.born,married,no.schooling,without.disability,not.working,with.insurance,white
2018HU1396803,5,1,51235,3,30_39,m,civilian.employed,same.house,i.35000.49999,naturalization,married,no.schooling,without.disability,private.profit,with.insurance,white
2018HU1242708,5,1,51080,3,50_59,f,civilian.employed,same.house,i.50000.64999,us.born,never,no.schooling,without.disability,local,with.insurance,black
2018HU0288968,5,1,51110,3,70_79,m,not.in.labor.force,same.house,i.0.9999,us.born,married,no.schooling,with.disability,not.working,with.insurance,white
2018HU0974682,5,1,51120,3,40_49,f,civilian.employed,diff.us.house,i.25000.34999,abroad.born,married,no.schooling,without.disability,private.profit,with.insurance,white
2018HU0050500,5,2,59302,3,20_29,m,civilian.employed,diff.us.house,i.15000.24999,us.born,never,public,without.disability,private.profit,with.insurance,white
2018HU0696121,5,4,59301,3,20_29,f,civilian.employed,same.house,i.50000.64999,us.born,never,no.schooling,without.disability,private.profit,with.insurance,white
2018HU0339005,5,1,51255,3,80_89,f,not.in.labor.force,same.house,i.0.9999,us.born,widowed,no.schooling,without.disability,not.working,with.insurance,white
2018HU0523343,5,1,4102,3,50_59,f,civilian.employed,same.house,i.0.9999,us.born,married,no.schooling,without.disability,private.profit,with.insurance,black
2018HU0211704,5,1,51246,3,0_9,f,not.in.labor.force,same.house,i.75000.99999,us.born,never,no.schooling,without.disability,not.working,with.insurance,white
2018HU0807924,5,1,55001,3,0_9,f,not.in.labor.force,same.house,i.75000.99999,us.born,never,public,without.disability,not.working,with.insurance,white
2018HU0483701,5,1,59302,3,60_69,m,civilian.employed,diff.us.house,i.35000.49999,naturalization,married,no.schooling,without.disability,private.profit,with.insurance,white
2018HU0050258,5,1,4102,3,10_19,m,not.in.labor.force,same.house,i.75000.99999,us.born,never,public,without.disability,not.working,with.insurance,asian
2018HU0312449,5,1,51090,3,40_49,m,civilian.employed,same.house,i.75000.99999,us.born,married,no.schooling,without.disability,federal,with.insurance,white
2018HU0205399,5,1,51020,3,50_59,f,civilian.employed,same.house,i.50000.64999,us.born,married,no.schooling,without.disability,private.no.profit,with.insurance,white
2018HU0028620,5,1,51085,3,60_69,f,not.in.labor.force,same.house,i.0.9999,us.born,married,no.schooling,without.disability,not.working,with.insurance,white
2018HU0450851,5,2,4102,3,0_9,m,not.in.labor.force,diff.us.house,i.75000.99999,us.born,never,no.schooling,without.disability,not.working,with.insurance,two.
2018HU0643917,5,1,51090,3,0_9,m,not.in.labor.force,same.house,i.75000.99999,us.born,never,no.schooling,without.disability,not.working,with.insurance,white
2018HU0772688,5,4,51225,3,60_69,m,civilian.employed,same.house,i.75000.99999,us.born,married,no.schooling,without.disability,private.profit,with.insurance,white
2018HU0760098,5,1,59306,3,30_39,m,civilian.employed,diff.us.house,i.65000.74999,abroad.born,married,no.schooling,without.disability,private.profit,with.insurance,white
2018HU0175859,5,5,10703,3,30_39,m,civilian.employed,same.house,i.10000.14999,us.born,never,no.schooling,without.disability,private.profit,with.insurance,white
2018HU0577198,5,1,51110,3,50_59,f,civilian.employed,same.house,i.75000.99999,us.born,married,no.schooling,without.disability,state,with.insurance,white
2018HU0671923,5,1,51164,3,10_19,m,not.in.labor.force,same.house,i.75000.99999,us.born,never,public,without.disability,not.working,with.insurance,two.
2018HU1172672,5,1,51090,3,20_29,f,civilian.employed,same.house,i.0.9999,us.born,never,public,without.disability,private.profit,without.insurance,black
2018HU0471823,5,1,51145,3,60_69,m,not.in.labor.force,same.house,i.0.9999,us.born,married,no.schooling,without.disability,self.employed.corp,with.insurance,white
2018HU1113029,5,1,1302,3,10_19,m,not.in.labor.force,same.house,i.0.9999,us.born,never,private,without.disability,private.profit,with.insurance,white
2018HU0014923,5,3,51120,3,50_59,f,civilian.employed,same.house,i.75000.99999,us.born,married,no.schooling,without.disability,private.profit,with.insurance,white
2018HU0596638,5,2,51045,3,30_39,m,civilian.employed,same.house,i.75000.99999,us.born,married,no.schooling,without.disability,private.profit,with.insurance,white
2018HU1246099,5,1,51186,3,40_49,f,civilian.employed,same.house,i.75000.99999,puerto.rico.born,married,no.schooling,without.disability,private.profit,with.insurance,white
2018HU0518705,5,1,4102,3,60_69,m,civilian.employed,same.house,i.65000.74999,us.born,married,no.schooling,without.disability,federal,with.insurance,white
2018HU0066437,5,2,10703,3,20_29,m,not.in.labor.force,same.house,i.0.9999,us.born,never,public,without.disability,private.profit,with.insurance,white
2018HU0131006,5,1,51115,3,50_59,f,not.in.labor.force,same.house,i.0.9999,not.citizen,married,no.schooling,without.disability,not.working,with.insurance,white
2018HU0312449,5,1,51090,3,10_19,m,not.in.labor.force,same.house,i.75000.99999,us.born,never,public,without.disability,not.working,with.insurance,white
2018HU1252853,5,2,51215,3,0_9,m,not.in.labor.force,same.house,i.75000.99999,us.born,never,public,without.disability,not.working,with.insurance,white
2018HU0147846,5,3,1302,3,70_79,f,not.in.labor.force,same.house,i.0.9999,naturalization,divorced,no.schooling,without.disability,not.working,with.insurance,asian
2018HU0056631,5,2,51246,3,50_59,f,civilian.employed,same.house,i.75000.99999,us.born,married,no.schooling,without.disability,private.profit,with.insurance,white
2018HU1316543,5,1,51084,3,30_39,m,civilian.employed,same.house,i.35000.49999,naturalization,never,public,without.disability,private.profit,with.insurance,black
2018HU1074874,5,1,51206,3,80_89,m,not.in.labor.force,same.house,i.0.9999,us.born,married,no.schooling,without.disability,not.working,with.insurance,white
2018HU1020098,5,1,51245,3,0_9,m,not.in.labor.force,same.house,i.75000.99999,us.born,never,no.schooling,without.disability,not.working,with.insurance,white
2018HU0266494,5,2,51080,3,30_39,m,armed.forces,same.house,i.75000.99999,us.born,married,no.schooling,without.disability,federal,with.insurance,white
2018HU0125612,5,2,51164,3,60_69,m,not.in.labor.force,same.house,i.0.9999,us.born,widowed,no.schooling,without.disability,not.working,with.insurance,white
2018HU0888004,5,1,51175,3,50_59,f,civilian.employed,same.house,i.25000.34999,us.born,married,no.schooling,without.disability,private.no.profit,with.insurance,white
2018HU1105878,5,1,51255,3,70_79,f,not.in.labor.force,diff.us.house,i.0.9999,us.born,married,no.schooling,without.disability,private.no.profit,with.insurance,white
2018HU0093902,5,1,51080,3,60_69,f,civilian.employed,same.house,i.35000.49999,naturalization,married,no.schooling,without.disability,local,with.insurance,asian
2018HU1364621,5,1,59301,3,10_19,m,not.in.labor.force,same.house,i.0.9999,us.born,never,public,without.disability,not.working,with.insurance,asian
2018HU1377811,5,1,51096,3,20_29,f,civilian.employed,same.house,i.10000.14999,not.citizen,married,no.schooling,without.disability,private.profit,with.insurance,black
2018HU1299198,5,2,55002,3,40_49,f,civilian.employed,same.house,i.50000.64999,us.born,married,no.schooling,without.disability,local,with.insurance,white
2018HU0314871,5,1,55002,3,50_59,f,not.in.labor.force,same.house,i.15000.24999,not.citizen,widowed,no.schooling,without.disability,private.no.profit,with.insurance,asian
2018HU1074424,5,3,59301,3,70_79,f,not.in.labor.force,same.house,i.0.9999,not.citizen,widowed,no.schooling,without.disability,not.working,with.insurance,white
2018HU0972333,5,1,55002,3,40_49,f,civilian.employed,same.house,i.10000.14999,naturalization,married,no.schooling,without.disability,private.profit,with.insurance,white
2018HU0690637,5,4,59305,3,0_9,f,not.in.labor.force,diff.us.house,i.75000.99999,us.born,never,public,without.disability,not.working,with.insurance,white
2018HU0669254,5,1,1302,3,30_39,m,civilian.employed,same.house,i.75000.99999,us.born,married,no.schooling,without.disability,federal,with.insurance,white
2018HU0226473,5,1,51154,3,40_49,m,civilian.employed,same.house,i.10000.14999,abroad.born,married,no.schooling,without.disability,private.profit,with.insurance,white
2018HU0145487,5,1,51085,3,0_9,m,not.in.labor.force,same.house,i.75000.99999,us.born,never,public,without.disability,not.working,with.insurance,two.
2018HU0736164,5,4,10701,3,60_69,m,civilian.employed,same.house,i.50000.64999,us.born,married,no.schooling,without.disability,local,with.insurance,white
2018HU1051816,5,1,51165,3,50_59,m,civilian.employed,same.house,i.75000.99999,us.born,married,no.schooling,without.disability,private.profit,with.insurance,white
2018HU0593705,5,2,51145,3,10_19,f,not.in.labor.force,same.house,i.0.9999,us.born,never,public,without.disability,not.working,with.insurance,two.
2018HU1074704,5,1,10703,3,0_9,f,not.in.labor.force,same.house,i.75000.99999,us.born,never,no.schooling,without.disability,not.working,with.insurance,two.
2018HU1194731,5,1,51120,3,20_29,f,civilian.employed,diff.us.house,i.50000.64999,us.born,married,no.schooling,without.disability,private.profit,with.insurance,white
2018HU0167148,5,4,51044,3,20_29,f,civilian.employed,same.house,i.50000.64999,us.born,never,no.schooling,without.disability,private.profit,with.insurance,white
2018HU0890337,5,1,59306,3,60_69,f,civilian.employed,same.house,i.75000.99999,us.born,married,no.schooling,without.disability,private.no.profit,with.insurance,white
2018HU1130670,5,1,51244,3,0_9,f,not.in.labor.force,same.house,i.75000.99999,us.born,never,public,without.disability,not.working,with.insurance,white
2018HU0402164,5,2,51105,3,0_9,m,not.in.labor.force,same.house,i.75000.99999,not.citizen,never,public,without.disability,not.working,without.insurance,white
2018HU0367268,5,1,51125,3,70_79,m,not.in.labor.force,same.house,i.0.9999,us.born,married,no.schooling,with.disability,not.working,with.insurance,white
2018HU0995432,5,1,51255,3,50_59,f,civilian.employed,same.house,i.75000.99999,us.born,divorced,no.schooling,without.disability,state,with.insurance,white
2018HU0010602,5,1,55002,3,30_39,f,civilian.employed,same.house,i.75000.99999,naturalization,married,no.schooling,without.disability,private.profit,with.insurance,asian
2018HU0837500,5,1,59305,3,30_39,m,civilian.employed,same.house,i.75000.99999,us.born,married,public,without.disability,federal,with.insurance,white
2018HU1290507,5,3,51097,3,10_19,m,not.in.labor.force,diff.us.house,i.75000.99999,abroad.born,never,public,without.disability,not.working,with.insurance,two.
2018HU0691880,5,1,51045,3,60_69,m,not.in.labor.force,same.house,i.0.9999,us.born,married,no.schooling,without.disability,not.working,with.insurance,white
2018HU0332563,5,1,51084,3,40_49,f,civilian.employed,same.house,i.50000.64999,naturalization,married,no.schooling,without.disability,private.profit,with.insurance,asian
2018HU0269591,5,1,51010,3,40_49,f,not.in.labor.force,diff.us.house,i.0.9999,naturalization,married,no.schooling,without.disability,not.working,with.insurance,white
2018HU0831591,5,1,51110,3,30_39,f,civilian.employed,same.house,i.75000.99999,us.born,never,no.schooling,without.disability,federal,with.insurance,black
2018HU0300321,5,2,51105,3,10_19,m,not.in.labor.force,same.house,i.0.9999,us.born,never,public,without.disability,not.working,with.insurance,other
2018HU1062483,5,1,51135,3,40_49,f,civilian.employed,same.house,i.35000.49999,us.born,married,no.schooling,without.disability,private.no.profit,with.insurance,white
2018HU0016682,5,1,51135,3,40_49,f,civilian.employed,same.house,i.75000.99999,us.born,married,no.schooling,without.disability,private.profit,with.insurance,white
2018HU1161394,5,1,51235,3,20_29,m,civilian.employed,diff.us.house,i.50000.64999,not.citizen,never,no.schooling,without.disability,self.employed.corp,with.insurance,black
2018HU0259713,5,2,51154,3,10_19,f,civilian.employed,same.house,i.0.9999,us.born,never,public,without.disability,private.no.profit,with.insurance,white
2018HU0478456,5,1,51175,3,50_59,m,civilian.employed,same.house,i.35000.49999,us.born,married,no.schooling,without.disability,private.no.profit,with.insurance,white
2018HU0048927,5,1,10702,3,60_69,m,civilian.employed,same.house,i.75000.99999,us.born,married,no.schooling,without.disability,private.profit,with.insurance,white
2018HU1070537,5,4,51097,3,20_29,f,civilian.employed,same.house,i.35000.49999,us.born,never,no.schooling,without.disability,private.profit,with.insurance,white
2018HU1384345,5,2,51115,3,10_19,m,not.in.labor.force,same.house,i.0.9999,us.born,never,public,without.disability,not.working,with.insurance,white
2018HU1056121,5,1,51235,3,10_19,m,not.in.labor.force,same.house,i.0.9999,us.born,never,private,without.disability,not.working,with.insurance,asian
2018HU0606395,5,1,51096,3,10_19,m,not.in.labor.force,same.house,i.75000.99999,us.born,never,public,without.disability,not.working,with.insurance,white
2018HU1123406,5,1,51175,3,30_39,m,unemployed,same.house,i.50000.64999,naturalization,married,public,without.disability,private.profit,with.insurance,asian
2018HU0709331,5,5,1301,3,0_9,m,not.in.labor.force,same.house,i.75000.99999,us.born,never,public,without.disability,not.working,with.insurance,white
2018HU0934735,5,1,51120,3,30_39,m,civilian.employed,same.house,i.0.9999,naturalization,married,no.schooling,without.disability,private.profit,with.insurance,two.
2018HU1052629,5,1,51089,3,30_39,m,civilian.employed,same.house,i.75000.99999,us.born,married,no.schooling,without.disability,private.profit,with.insurance,white
2018HU0187609,5,1,59304,3,40_49,f,civilian.employed,same.house,i.75000.99999,us.born,married,no.schooling,without.disability,federal,with.insurance,white
2018HU1157592,5,1,51175,3,30_39,m,civilian.employed,same.house,i.75000.99999,us.born,married,no.schooling,without.disability,private.profit,with.insurance,white
2018HU0911233,5,3,51096,3,50_59,f,civilian.employed,same.house,i.75000.99999,us.born,never,no.schooling,without.disability,private.no.profit,with.insurance,white
2018HU0097428,5,2,51255,3,40_49,f,civilian.employed,same.house,i.0.9999,us.born,married,no.schooling,without.disability,self.employed.no.corp,with.insurance,white
2018HU0776778,5,2,51215,3,0_9,m,not.in.labor.force,same.house,i.75000.99999,us.born,never,no.schooling,without.disability,not.working,with.insurance,asian
2018HU0911819,5,2,51155,3,40_49,f,civilian.employed,same.house,i.0.9999,us.born,divorced,no.schooling,without.disability,self.employed.no.corp,with.insurance,white
2018HU0830839,5,1,51135,3,10_19,m,not.in.labor.force,same.house,i.75000.99999,us.born,never,public,without.disability,not.working,with.insurance,two.
2018HU0915269,5,2,51245,3,10_19,m,not.in.labor.force,same.house,i.0.9999,us.born,never,public,without.disability,not.working,with.insurance,white
2018HU0427257,5,1,51110,3,50_59,f,civilian.employed,same.house,i.75000.99999,us.born,widowed,no.schooling,without.disability,local,with.insurance,other
2018HU0964567,5,3,51087,3,40_49,f,civilian.employed,same.house,i.15000.24999,naturalization,married,no.schooling,without.disability,private.no.profit,with.insurance,white
2018HU0266494,5,2,51010,3,0_9,m,not.in.labor.force,same.house,i.75000.99999,us.born,never,no.schooling,without.disability,not.working,with.insurance,white
2018HU0211823,5,4,51135,3,20_29,f,not.in.labor.force,same.house,i.0.9999,us.born,married,no.schooling,without.disability,self.employed.no.corp,with.insurance,white
2018HU1317164,5,1,51080,3,0_9,m,not.in.labor.force,same.house,i.75000.99999,us.born,never,no.schooling,without.disability,not.working,with.insurance,two.
2018HU0420056,5,4,51175,3,60_69,f,not.in.labor.force,same.house,i.0.9999,naturalization,married,no.schooling,without.disability,private.profit,with.insurance,asian
2018HU0734075,5,1,51010,3,40_49,m,civilian.employed,same.house,i.25000.34999,naturalization,married,no.schooling,without.disability,private.profit,with.insurance,black
2018HU0414040,5,1,51235,3,70_79,f,not.in.labor.force,same.house,i.0.9999,us.born,divorced,no.schooling,with.disability,not.working,with.insurance,white
2018HU0945760,5,2,51040,3,60_69,m,civilian.employed,same.house,i.75000.99999,us.born,married,no.schooling,without.disability,private.profit,with.insurance,white
2018HU0331006,5,7,10702,3,40_49,m,civilian.employed,same.house,i.75000.99999,us.born,married,no.schooling,without.disability,federal,with.insurance,white
2018HU0063965,5,1,51165,3,70_79,m,not.in.labor.force,same.house,i.0.9999,us.born,married,no.schooling,without.disability,private.profit,with.insurance,white
2018HU0142867,5,1,51206,3,60_69,m,civilian.employed,same.house,i.75000.99999,naturalization,married,no.schooling,without.disability,self.employed.corp,with.insurance,white
2018HU0223197,5,1,51186,3,20_29,m,civilian.employed,same.house,i.75000.99999,naturalization,married,no.schooling,without.disability,private.profit,with.insurance,asian
2018HU1386976,5,1,51040,3,0_9,f,not.in.labor.force,same.house,i.75000.99999,us.born,never,no.schooling,without.disability,not.working,with.insurance,other
2018HU0428902,5,1,59305,3,40_49,m,civilian.employed,same.house,i.75000.99999,us.born,married,no.schooling,without.disability,private.profit,with.insurance,asian
2018HU0332645,5,1,51010,3,40_49,m,armed.forces,same.house,i.75000.99999,us.born,married,no.schooling,without.disability,federal,with.insurance,white
2018HU1195215,5,1,10703,3,10_19,m,not.in.labor.force,same.house,i.75000.99999,us.born,never,public,without.disability,not.working,with.insurance,white
2018HU0154834,5,1,51105,3,50_59,m,not.in.labor.force,same.house,i.0.9999,us.born,never,no.schooling,with.disability,not.working,with.insurance,white
2018HU0459773,5,1,51155,3,50_59,m,civilian.employed,same.house,i.0.9999,naturalization,married,no.schooling,without.disability,self.employed.no.corp,with.insurance,asian
2018HU1206960,5,1,51096,3,60_69,f,civilian.employed,same.house,i.75000.99999,us.born,married,no.schooling,without.disability,private.no.profit,with.insurance,white
2018HU0710042,5,1,51096,3,80_89,m,not.in.labor.force,same.house,i.0.9999,us.born,married,no.schooling,with.disability,not.working,with.insurance,white
2018HU0465546,5,1,51235,3,0_9,f,not.in.labor.force,same.house,i.75000.99999,us.born,never,no.schooling,without.disability,not.working,with.insurance,white
2018HU1246479,5,1,51206,3,70_79,m,not.in.labor.force,same.house,i.0.9999,us.born,divorced,no.schooling,without.disability,not.working,with.insurance,white
2018HU0690637,5,1,59305,3,20_29,f,civilian.employed,diff.us.house,i.50000.64999,us.born,never,no.schooling,without.disability,private.profit,with.insurance,white
2018HU1098701,5,2,51125,3,30_39,m,civilian.employed,same.house,i.25000.34999,us.born,married,public,without.disability,local,with.insurance,white
2018HU1231422,5,1,51235,3,10_19,f,not.in.labor.force,same.house,i.75000.99999,us.born,never,public,without.disability,not.working,with.insurance,black
2018HU0860894,5,5,51080,3,60_69,f,civilian.employed,same.house,i.0.9999,not.citizen,married,no.schooling,without.disability,self.employed.no.corp,with.insurance,asian
2018HU0808212,5,1,51255,3,40_49,m,civilian.employed,same.house,i.75000.99999,naturalization,married,no.schooling,without.disability,private.profit,with.insurance,white
2018HU0462753,5,1,51105,3,10_19,f,unemployed,same.house,i.0.9999,us.born,never,private,without.disability,private.profit,with.insurance,white
2018HU0770437,5,1,51089,3,60_69,m,not.in.labor.force,same.house,i.0.9999,not.citizen,married,no.schooling,without.disability,private.profit,with.insurance,asian
2018HU1377811,5,1,51084,3,50_59,f,civilian.employed,same.house,i.15000.24999,not.citizen,married,no.schooling,without.disability,private.profit,with.insurance,black
2018HU1398673,5,2,51145,3,60_69,m,not.in.labor.force,same.house,i.0.9999,naturalization,divorced,no.schooling,without.disability,private.profit,with.insurance,white
2018HU0465546,5,2,51010,3,30_39,f,not.in.labor.force,same.house,i.0.9999,us.born,married,no.schooling,without.disability,private.profit,with.insurance,white
2018HU0126086,5,1,51010,3,20_29,f,civilian.employed,diff.us.house,i.0.9999,not.citizen,never,public,without.disability,private.profit,with.insurance,asian
2018HU0477380,5,2,51215,3,10_19,f,not.in.labor.force,same.house,i.0.9999,us.born,never,public,without.disability,not.working,with.insurance,white
2018HU0697990,5,1,51105,3,0_9,m,not.in.labor.force,same.house,i.75000.99999,us.born,never,private,without.disability,not.working,with.insurance,asian
2018HU0044094,5,2,51084,3,60_69,f,not.in.labor.force,same.house,i.0.9999,us.born,married,no.schooling,without.disability,private.profit,with.insurance,white
2018HU0351984,5,1,51125,3,70_79,m,not.in.labor.force,same.house,i.0.9999,us.born,married,no.schooling,with.disability,private.no.profit,with.insurance,white
2018HU1204822,5,1,51235,3,50_59,f,not.in.labor.force,same.house,i.0.9999,naturalization,married,no.schooling,without.disability,federal,with.insurance,asian
2018HU1037247,5,1,51165,3,0_9,f,not.in.labor.force,same.house,i.75000.99999,us.born,never,public,without.disability,not.working,with.insurance,other
2018HU1001866,5,2,51246,3,50_59,m,civilian.employed,same.house,i.75000.99999,us.born,married,no.schooling,without.disability,federal,with.insurance,white
2018HU0179228,5,1,51085,3,20_29,f,unemployed,same.house,i.0.9999,us.born,never,no.schooling,without.disability,private.profit,with.insurance,white
2018HU1303561,5,1,59308,3,40_49,m,civilian.employed,same.house,i.75000.99999,naturalization,married,no.schooling,without.disability,private.profit,with.insurance,asian
2018HU1242818,5,2,51110,3,0_9,f,not.in.labor.force,same.house,i.75000.99999,us.born,never,public,without.disability,not.working,with.insurance,white
2018HU1118431,5,4,51045,3,10_19,f,not.in.labor.force,same.house,i.0.9999,us.born,never,public,without.disability,not.working,with.insurance,asian
2018HU1179420,5,2,51224,3,0_9,m,not.in.labor.force,same.house,i.75000.99999,us.born,never,public,without.disability,not.working,with.insurance,white
2018HU0040752,5,1,51090,3,60_69,f,civilian.employed,same.house,i.25000.34999,naturalization,widowed,no.schooling,without.disability,private.profit,with.insurance,white
2018HU1117800,5,1,51154,3,70_79,f,not.in.labor.force,same.house,i.0.9999,us.born,widowed,no.schooling,without.disability,not.working,with.insurance,white
2018HU1105866,5,2,51164,3,60_69,m,civilian.employed,same.house,i.75000.99999,us.born,married,no.schooling,without.disability,private.profit,with.insurance,white
2018HU1071949,5,4,51224,3,40_49,m,civilian.employed,diff.us.house,i.75000.99999,naturalization,married,no.schooling,without.disability,federal,with.insurance,asian
2018HU1320742,5,1,51090,3,50_59,f,civilian.employed,same.house,i.65000.74999,us.born,married,no.schooling,without.disability,local,with.insurance,white
2018HU1053130,5,2,10701,3,0_9,m,not.in.labor.force,same.house,i.75000.99999,us.born,never,public,without.disability,not.working,with.insurance,white
2018HU0144881,5,2,51155,3,60_69,f,civilian.employed,same.house,i.75000.99999,naturalization,married,no.schooling,without.disability,private.profit,with.insurance,white
2018HU0577198,5,1,51110,3,50_59,f,civilian.employed,same.house,i.75000.99999,us.born,married,no.schooling,without.disability,state,with.insurance,white
2018HU1242818,5,1,51040,3,40_49,m,civilian.employed,same.house,i.75000.99999,naturalization,married,no.schooling,without.disability,private.profit,with.insurance,white
2018HU1031774,5,1,51044,3,10_19,m,not.in.labor.force,same.house,i.75000.99999,us.born,never,public,without.disability,not.working,with.insurance,white
2018HU0343362,5,2,51165,3,10_19,f,not.in.labor.force,same.house,i.0.9999,us.born,never,public,without.disability,private.no.profit,with.insurance,white
2018HU0361023,5,3,51215,3,50_59,f,civilian.employed,same.house,i.35000.49999,us.born,married,no.schooling,without.disability,private.profit,with.insurance,white
2018HU1005229,5,2,51120,3,0_9,f,not.in.labor.force,same.house,i.75000.99999,us.born,never,no.schooling,without.disability,not.working,with.insurance,white
2018HU0146688,5,1,51115,3,30_39,f,not.in.labor.force,same.house,i.0.9999,not.citizen,married,no.schooling,without.disability,not.working,without.insurance,black
2018HU0829114,5,1,51165,3,10_19,f,not.in.labor.force,same.house,i.75000.99999,us.born,never,public,without.disability,not.working,with.insurance,asian
2018HU1292353,5,1,51115,3,20_29,m,civilian.employed,diff.us.house,i.75000.99999,us.born,never,no.schooling,without.disability,private.profit,with.insurance,two.
2018HU0108525,5,1,51165,3,60_69,m,civilian.employed,same.house,i.50000.64999,us.born,married,no.schooling,without.disability,federal,with.insurance,white
2018HU1003288,5,1,51224,3,40_49,m,civilian.employed,same.house,i.35000.49999,naturalization,married,no.schooling,without.disability,private.profit,without.insurance,other
2018HU0597720,5,2,59305,3,0_9,m,not.in.labor.force,diff.us.house,i.75000.99999,us.born,never,public,without.disability,not.working,with.insurance,asian
2018HU1073770,5,1,51164,3,40_49,f,civilian.employed,same.house,i.75000.99999,us.born,married,no.schooling,without.disability,private.profit,with.insurance,white
2018HU0911599,5,1,10703,3,40_49,m,civilian.employed,same.house,i.75000.99999,naturalization,married,no.schooling,without.disability,local,with.insurance,two.
2018HU0434485,5,3,51040,3,0_9,f,not.in.labor.force,same.house,i.75000.99999,us.born,never,no.schooling,without.disability,not.working,with.insurance,white
2018HU1338450,5,5,51120,3,60_69,f,civilian.employed,same.house,i.35000.49999,not.citizen,divorced,no.schooling,without.disability,private.profit,with.insurance,asian
2018HU0094218,5,1,51115,3,50_59,m,civilian.employed,same.house,i.75000.99999,us.born,married,no.schooling,without.disability,private.profit,with.insurance,white
2018HU0500444,5,1,51020,3,60_69,m,not.in.labor.force,same.house,i.0.9999,naturalization,married,no.schooling,without.disability,private.profit,with.insurance,white
2018HU1225665,5,1,51045,3,10_19,m,not.in.labor.force,diff.us.house,i.75000.99999,us.born,never,public,without.disability,not.working,with.insurance,asian
2018HU1090621,5,2,51085,3,10_19,m,not.in.labor.force,same.house,i.75000.99999,us.born,never,public,without.disability,not.working,with.insurance,white
2018HU1223205,5,2,51244,3,50_59,m,civilian.employed,same.house,i.75000.99999,us.born,divorced,no.schooling,without.disability,private.profit,with.insurance,white
2018HU0269806,5,1,10702,3,50_59,f,not.in.labor.force,same.house,i.0.9999,naturalization,married,no.schooling,without.disability,private.profit,with.insurance,white
2018HU0483701,5,2,51135,3,30_39,f,civilian.employed,diff.us.house,i.75000.99999,naturalization,married,no.schooling,without.disability,federal,with.insurance,white
2018HU0050360,5,1,51235,3,70_79,f,not.in.labor.force,same.house,i.0.9999,us.born,divorced,no.schooling,without.disability,not.working,with.insurance,white
2018HU0994734,5,1,51235,3,40_49,m,armed.forces,same.house,i.75000.99999,us.born,married,no.schooling,without.disability,federal,with.insurance,white
2018HU0772303,5,1,51215,3,40_49,f,civilian.employed,same.house,i.75000.99999,not.citizen,married,no.schooling,without.disability,private.no.profit,with.insurance,asian
2018HU1184379,5,1,51080,3,50_59,m,civilian.employed,same.house,i.75000.99999,us.born,never,no.schooling,without.disability,private.no.profit,with.insurance,black
2018HU0988295,5,1,51110,3,0_9,m,not.in.labor.force,same.house,i.75000.99999,us.born,never,private,without.disability,not.working,with.insurance,two.
2018HU0837187,5,1,51235,3,20_29,m,not.in.labor.force,diff.us.house,i.0.9999,us.born,never,public,without.disability,private.profit,with.insurance,white
2018HU0267070,5,1,51154,3,50_59,f,unemployed,same.house,i.10000.14999,us.born,married,no.schooling,with.disability,private.no.profit,with.insurance,white
2018HU0419667,5,1,51105,3,40_49,f,civilian.employed,same.house,i.75000.99999,us.born,married,no.schooling,without.disability,private.profit,with.insurance,white
2018HU0829152,5,1,51245,3,30_39,m,civilian.employed,same.house,i.35000.49999,abroad.born,never,no.schooling,without.disability,private.profit,with.insurance,black
2018HU0821866,5,1,51154,3,80_89,m,not.in.labor.force,same.house,i.0.9999,us.born,married,no.schooling,without.disability,not.working,with.insurance,white
2018HU0576378,5,1,51120,3,50_59,f,not.in.labor.force,same.house,i.0.9999,us.born,married,no.schooling,without.disability,not.working,with.insurance,other
2018HU0505822,5,1,51235,3,10_19,f,not.in.labor.force,same.house,i.0.9999,us.born,never,public,without.disability,not.working,with.insurance,other
2018HU1057819,5,1,51105,3,50_59,m,civilian.employed,same.house,i.75000.99999,us.born,married,public,with.disability,federal,with.insurance,white
2018HU0589950,5,1,4103,3,20_29,m,civilian.employed,same.house,i.35000.49999,naturalization,married,no.schooling,without.disability,private.profit,with.insurance,black
2018HU0285738,5,1,51110,3,60_69,f,not.in.labor.force,same.house,i.0.9999,us.born,widowed,no.schooling,with.disability,not.working,with.insurance,white
2018HU0024696,5,5,51255,3,30_39,f,civilian.employed,diff.us.house,i.75000.99999,naturalization,married,no.schooling,without.disability,federal,with.insurance,other
2018HU0250570,5,1,51089,3,20_29,f,civilian.employed,same.house,i.25000.34999,us.born,never,public,without.disability,private.profit,with.insurance,white
2018HU0841535,5,4,59308,3,60_69,m,civilian.employed,same.house,i.75000.99999,us.born,married,no.schooling,without.disability,private.profit,with.insurance,white
2018HU0043265,5,1,59306,3,20_29,f,unemployed,same.house,i.15000.24999,us.born,never,no.schooling,without.disability,private.profit,with.insurance,white
2018HU0827183,5,1,51235,3,40_49,m,not.in.labor.force,same.house,i.50000.64999,us.born,married,no.schooling,with.disability,federal,with.insurance,other
2018HU0358923,5,1,59303,3,50_59,f,not.in.labor.force,same.house,i.65000.74999,us.born,separated,no.schooling,without.disability,private.profit,with.insurance,white
2018HU0485681,5,2,59309,3,20_29,f,civilian.employed,diff.us.house,i.50000.64999,us.born,never,no.schooling,without.disability,private.profit,with.insurance,white
2018HU0313285,5,4,59306,3,10_19,m,not.in.labor.force,same.house,i.75000.99999,us.born,never,public,without.disability,not.working,with.insurance,two.
2018HU1237767,5,1,51080,3,50_59,m,civilian.employed,same.house,i.75000.99999,us.born,divorced,no.schooling,with.disability,self.employed.corp,with.insurance,white
2018HU0284951,5,1,51215,3,60_69,m,civilian.employed,same.house,i.75000.99999,us.born,divorced,no.schooling,without.disability,private.profit,with.insurance,white
2018HU0670030,5,1,51080,3,0_9,f,not.in.labor.force,same.house,i.75000.99999,us.born,never,no.schooling,without.disability,not.working,with.insurance,white
2018HU1303004,5,2,51225,3,80_89,m,not.in.labor.force,same.house,i.0.9999,us.born,married,no.schooling,without.disability,not.working,with.insurance,white
2018HU1306110,5,2,4101,3,10_19,f,not.in.labor.force,same.house,i.0.9999,us.born,never,public,without.disability,not.working,with.insurance,white
2018HU0776702,5,1,51040,3,60_69,f,civilian.employed,same.house,i.10000.14999,us.born,married,no.schooling,without.disability,private.profit,with.insurance,white
2018HU1083410,5,3,51097,3,30_39,m,civilian.employed,same.house,i.25000.34999,us.born,never,no.schooling,without.disability,private.profit,with.insurance,black
2018HU0378216,5,2,59308,3,40_49,f,civilian.employed,same.house,i.75000.99999,naturalization,married,no.schooling,without.disability,private.profit,with.insurance,asian
2018HU0223197,5,1,51167,3,60_69,m,not.in.labor.force,same.house,i.0.9999,naturalization,married,no.schooling,with.disability,self.employed.no.corp,with.insurance,asian
2018HU0236941,5,1,51090,3,0_9,f,not.in.labor.force,same.house,i.75000.99999,us.born,never,public,without.disability,not.working,with.insurance,asian
2018HU0240991,5,1,51010,3,30_39,m,civilian.employed,same.house,i.75000.99999,abroad.born,never,no.schooling,without.disability,private.profit,with.insurance,white
2018HU1395260,5,1,51145,3,50_59,f,civilian.employed,same.house,i.65000.74999,naturalization,divorced,no.schooling,without.disability,private.profit,without.insurance,black
2018HU0961923,5,1,51097,3,10_19,f,not.in.labor.force,same.house,i.0.9999,us.born,never,public,without.disability,not.working,with.insurance,white
2018HU0868830,5,1,51090,3,10_19,f,not.in.labor.force,same.house,i.75000.99999,us.born,never,private,without.disability,not.working,with.insurance,white
2018HU1181185,5,2,4102,3,20_29,m,civilian.employed,diff.us.house,i.10000.14999,naturalization,never,no.schooling,without.disability,private.no.profit,with.insurance,asian
2018HU0446340,5,1,51255,3,70_79,m,not.in.labor.force,same.house,i.0.9999,us.born,married,no.schooling,with.disability,not.working,with.insurance,white
2018HU0513450,5,1,51084,3,40_49,m,civilian.employed,same.house,i.35000.49999,naturalization,married,public,without.disability,federal,with.insurance,white
2018HU1238505,5,2,4101,3,50_59,m,not.in.labor.force,same.house,i.65000.74999,us.born,married,no.schooling,without.disability,federal,with.insurance,white
2018HU1026646,5,2,10702,3,30_39,m,civilian.employed,same.house,i.25000.34999,us.born,never,no.schooling,without.disability,state,with.insurance,white
2018HU0411438,5,4,51167,3,50_59,f,not.in.labor.force,same.house,i.0.9999,naturalization,married,no.schooling,without.disability,not.working,with.insurance,asian
2018HU1127663,5,2,10702,3,50_59,f,civilian.employed,same.house,i.75000.99999,us.born,widowed,no.schooling,without.disability,federal,with.insurance,white
2018HU0988765,5,1,51165,3,0_9,m,not.in.labor.force,same.house,i.75000.99999,us.born,never,no.schooling,without.disability,not.working,with.insurance,white
2018HU1377626,5,2,51246,3,20_29,f,civilian.employed,same.house,i.65000.74999,us.born,never,no.schooling,without.disability,federal,with.insurance,white
2018HU1193568,5,1,51175,3,60_69,f,civilian.employed,diff.us.house,i.0.9999,not.citizen,divorced,no.schooling,without.disability,self.employed.no.corp,without.insurance,white
2018HU0034243,5,1,51145,3,30_39,m,civilian.employed,same.house,i.75000.99999,naturalization,married,no.schooling,without.disability,private.no.profit,with.insurance,black
2018HU0205067,5,1,51235,3,40_49,f,civilian.employed,same.house,i.75000.99999,us.born,married,no.schooling,without.disability,private.no.profit,with.insurance,white
2018HU0089744,5,1,51020,3,50_59,m,civilian.employed,abroad.house,i.75000.99999,us.born,married,no.schooling,without.disability,private.profit,with.insurance,white
2018HU0421994,5,2,51087,3,10_19,m,not.in.labor.force,same.house,i.75000.99999,us.born,never,private,without.disability,not.working,with.insurance,two.
2018HU0932741,5,1,51120,3,0_9,m,not.in.labor.force,same.house,i.75000.99999,us.born,never,private,without.disability,not.working,with.insurance,white
2018HU0820901,5,5,51246,3,70_79,f,not.in.labor.force,same.house,i.0.9999,naturalization,married,no.schooling,without.disability,not.working,with.insurance,white
2018HU0402730,5,3,51115,3,60_69,m,civilian.employed,same.house,i.25000.34999,naturalization,married,no.schooling,without.disability,self.employed.corp,with.insurance,black
2018HU1065367,5,2,51224,3,50_59,m,civilian.employed,same.house,i.15000.24999,naturalization,married,no.schooling,without.disability,self.employed.corp,with.insurance,white
2018HU0224459,5,4,51154,3,30_39,m,civilian.employed,same.house,i.50000.64999,naturalization,never,no.schooling,without.disability,private.profit,with.insurance,asian
2018HU0146570,5,4,51085,3,20_29,m,civilian.employed,same.house,i.50000.64999,us.born,never,no.schooling,without.disability,local,with.insurance,white
2018HU0494938,5,4,59302,3,40_49,m,civilian.employed,same.house,i.50000.64999,abroad.born,married,no.schooling,without.disability,private.profit,with.insurance,white
2018HU0255019,5,3,51206,3,10_19,m,not.in.labor.force,same.house,i.0.9999,us.born,never,public,without.disability,not.working,with.insurance,white
2018HU0686103,5,1,51110,3,10_19,f,not.in.labor.force,same.house,i.75000.99999,us.born,never,public,without.disability,not.working,with.insurance,white
2018HU1257583,5,1,51090,3,40_49,m,civilian.employed,abroad.house,i.15000.24999,puerto.rico.born,married,no.schooling,without.disability,private.profit,with.insurance,other
2018HU0738798,5,1,51186,3,20_29,f,civilian.employed,same.house,i.75000.99999,us.born,never,no.schooling,without.disability,private.profit,with.insurance,asian
2018HU0986081,5,1,51010,3,30_39,m,civilian.employed,same.house,i.50000.64999,naturalization,married,no.schooling,without.disability,private.profit,with.insurance,white
2018HU0450851,5,1,4102,3,0_9,m,not.in.labor.force,diff.us.house,i.75000.99999,us.born,never,private,without.disability,not.working,with.insurance,two.
2018HU1024064,5,2,51224,3,50_59,m,civilian.employed,same.house,i.75000.99999,naturalization,married,no.schooling,without.disability,state,with.insurance,asian
2018HU0832783,5,1,51040,3,60_69,f,civilian.employed,same.house,i.50000.64999,us.born,married,no.schooling,without.disability,private.profit,with.insurance,white
2018HU0424497,5,1,51215,3,30_39,m,civilian.employed,same.house,i.75000.99999,puerto.rico.born,married,no.schooling,without.disability,private.no.profit,with.insurance,white
2018HU0942773,5,1,51020,3,50_59,m,civilian.employed,same.house,i.75000.99999,us.born,married,no.schooling,without.disability,self.employed.corp,with.insurance,white
2018HU0846285,5,1,51135,3,60_69,f,not.in.labor.force,same.house,i.0.9999,us.born,married,no.schooling,without.disability,not.working,with.insurance,white
2018HU0649259,5,1,51095,3,50_59,m,civilian.employed,same.house,i.75000.99999,us.born,married,no.schooling,with.disability,private.profit,with.insurance,white
2018HU0730462,5,1,51090,3,10_19,m,not.in.labor.force,same.house,i.75000.99999,us.born,never,private,without.disability,not.working,with.insurance,white
2018HU0674612,5,1,59303,3,0_9,m,not.in.labor.force,same.house,i.75000.99999,us.born,never,private,without.disability,not.working,with.insurance,white
2018HU0135952,5,1,51040,3,70_79,m,not.in.labor.force,same.house,i.0.9999,us.born,married,no.schooling,without.disability,not.working,with.insurance,white
2018HU0821191,5,1,51115,3,10_19,m,not.in.labor.force,same.house,i.0.9999,us.born,never,public,without.disability,not.working,with.insurance,asian
2018HU0264861,5,1,51080,3,70_79,f,not.in.labor.force,same.house,i.0.9999,us.born,married,no.schooling,without.disability,not.working,with.insurance,white
2018HU0331006,5,1,51045,3,40_49,f,civilian.employed,same.house,i.75000.99999,us.born,married,no.schooling,without.disability,private.profit,with.insurance,white
2018HU0984264,5,1,51110,3,50_59,f,not.in.labor.force,diff.us.house,i.0.9999,us.born,divorced,no.schooling,without.disability,not.working,with.insurance,white
2018HU1206953,5,1,51090,3,20_29,f,civilian.employed,diff.us.house,i.75000.99999,us.born,never,no.schooling,without.disability,private.profit,with.insurance,white
2018HU0246200,5,2,59302,3,50_59,m,civilian.employed,same.house,i.75000.99999,us.born,never,public,without.disability,private.profit,with.insurance,asian
2018HU0722163,5,1,51087,3,40_49,f,not.in.labor.force,same.house,i.15000.24999,us.born,married,no.schooling,without.disability,local,with.insurance,white
2018GQ0077710,5,1,51145,3,80_89,f,not.in.labor.force,same.house,i.0.9999,us.born,never,no.schooling,with.disability,not.working,with.insurance,white
2018HU1268641,5,1,51235,3,50_59,f,not.in.labor.force,same.house,i.0.9999,us.born,married,no.schooling,without.disability,not.working,with.insurance,white
2018HU0386918,5,3,51085,3,30_39,m,civilian.employed,same.house,i.75000.99999,us.born,married,no.schooling,without.disability,private.profit,with.insurance,white
2018HU0359576,5,3,51090,3,40_49,m,civilian.employed,same.house,i.50000.64999,not.citizen,married,no.schooling,without.disability,private.profit,with.insurance,asian
2018HU1128864,5,1,10701,3,50_59,m,civilian.employed,same.house,i.65000.74999,us.born,married,no.schooling,without.disability,private.profit,with.insurance,white
2018HU0721857,5,5,51110,3,40_49,m,civilian.employed,same.house,i.50000.64999,us.born,never,no.schooling,with.disability,private.profit,with.insurance,black
2018HU1038777,5,1,51154,3,30_39,f,not.in.labor.force,same.house,i.0.9999,not.citizen,married,no.schooling,without.disability,not.working,with.insurance,white
2018HU1200601,5,1,59301,3,80_89,f,not.in.labor.force,same.house,i.0.9999,us.born,widowed,no.schooling,with.disability,not.working,with.insurance,white
2018HU0709312,5,2,51235,3,30_39,m,civilian.employed,same.house,i.50000.64999,us.born,married,no.schooling,without.disability,local,with.insurance,white
2018HU0273392,5,2,51044,3,60_69,m,civilian.employed,same.house,i.75000.99999,us.born,married,no.schooling,without.disability,private.profit,with.insurance,white
2018HU1199969,5,3,1302,3,30_39,f,not.in.labor.force,diff.us.house,i.0.9999,us.born,married,no.schooling,without.disability,federal,with.insurance,white
2018HU1170132,5,1,51110,3,10_19,f,not.in.labor.force,same.house,i.75000.99999,us.born,never,public,without.disability,not.working,with.insurance,white
2018HU1208604,5,5,51096,3,0_9,m,not.in.labor.force,same.house,i.75000.99999,us.born,never,private,without.disability,not.working,with.insurance,white
2018HU1208903,5,1,51186,3,60_69,f,not.in.labor.force,same.house,i.0.9999,us.born,married,no.schooling,without.disability,not.working,with.insurance,white
2018HU0145042,5,2,10701,3,60_69,m,not.in.labor.force,same.house,i.0.9999,not.citizen,married,no.schooling,without.disability,private.profit,without.insurance,asian
2018HU0361023,5,2,51215,3,60_69,m,civilian.employed,same.house,i.75000.99999,us.born,married,no.schooling,without.disability,private.profit,with.insurance,white
2018HU1252358,5,2,51010,3,20_29,f,civilian.employed,same.house,i.50000.64999,us.born,never,no.schooling,without.disability,private.no.profit,with.insurance,white
2018HU0570619,5,1,51044,3,40_49,f,not.in.labor.force,same.house,i.35000.49999,naturalization,married,no.schooling,with.disability,private.profit,with.insurance,white
2018HU1125913,5,5,59309,3,60_69,f,not.in.labor.force,same.house,i.0.9999,us.born,divorced,no.schooling,without.disability,not.working,with.insurance,white
2018HU0917301,5,2,51045,3,10_19,m,not.in.labor.force,same.house,i.75000.99999,us.born,never,public,without.disability,not.working,with.insurance,white
2018HU0544846,5,1,55001,3,20_29,m,civilian.employed,same.house,i.15000.24999,us.born,never,no.schooling,without.disability,private.profit,with.insurance,white
2018HU1291361,5,1,51175,3,10_19,f,not.in.labor.force,same.house,i.75000.99999,us.born,never,public,without.disability,not.working,with.insurance,white
2018HU0107778,5,1,51105,3,50_59,m,civilian.employed,same.house,i.10000.14999,us.born,divorced,no.schooling,without.disability,private.profit,with.insurance,black
2018HU0782819,5,1,59306,3,60_69,f,not.in.labor.force,same.house,i.0.9999,naturalization,never,no.schooling,with.disability,not.working,without.insurance,white
2018HU0933296,5,2,10702,3,50_59,m,civilian.employed,same.house,i.75000.99999,us.born,married,no.schooling,without.disability,private.profit,with.insurance,white
2018HU0507253,5,1,51080,3,20_29,m,civilian.employed,diff.us.house,i.15000.24999,puerto.rico.born,never,no.schooling,without.disability,private.profit,with.insurance,white
2018HU1246099,5,1,55001,3,50_59,m,civilian.employed,same.house,i.50000.64999,puerto.rico.born,married,no.schooling,without.disability,private.profit,with.insurance,white
2018HU0677961,5,1,59301,3,60_69,m,not.in.labor.force,same.house,i.0.9999,naturalization,divorced,no.schooling,with.disability,not.working,with.insurance,white
2018HU0944784,5,1,51089,3,10_19,m,not.in.labor.force,same.house,i.0.9999,us.born,never,public,without.disability,not.working,with.insurance,white
2018HU0207954,5,2,51040,3,20_29,f,not.in.labor.force,same.house,i.0.9999,us.born,never,public,without.disability,self.employed.no.corp,with.insurance,two.
2018HU0303731,5,2,51135,3,40_49,m,civilian.employed,same.house,i.25000.34999,naturalization,married,no.schooling,without.disability,private.profit,with.insurance,asian
2018HU0413222,5,2,51087,3,10_19,f,not.in.labor.force,same.house,i.0.9999,us.born,never,public,without.disability,not.working,with.insurance,asian
2018HU0882865,5,1,51244,3,20_29,m,civilian.employed,same.house,i.50000.64999,naturalization,never,no.schooling,without.disability,private.no.profit,with.insurance,asian
2018HU0229660,5,1,55002,3,60_69,m,civilian.employed,same.house,i.75000.99999,abroad.born,married,no.schooling,without.disability,federal,with.insurance,white
2018HU0994734,5,2,51155,3,10_19,m,not.in.labor.force,same.house,i.75000.99999,us.born,never,public,without.disability,not.working,with.insurance,white
2018HU1258448,5,1,51110,3,20_29,m,civilian.employed,same.house,i.50000.64999,not.citizen,married,public,without.disability,private.profit,with.insurance,asian
2018HU0882258,5,1,59305,3,80_89,m,not.in.labor.force,same.house,i.0.9999,us.born,married,no.schooling,with.disability,not.working,with.insurance,white
2018HU0521635,5,2,51095,3,50_59,m,civilian.employed,same.house,i.50000.64999,us.born,never,no.schooling,without.disability,private.no.profit,with.insurance,black
2018HU0226853,5,1,51084,3,80_89,f,not.in.labor.force,same.house,i.0.9999,us.born,widowed,no.schooling,with.disability,not.working,with.insurance,white
2018HU0830839,5,1,51145,3,0_9,m,not.in.labor.force,same.house,i.75000.99999,us.born,never,private,without.disability,not.working,with.insurance,white
2018HU0192529,5,3,51244,3,60_69,f,civilian.employed,same.house,i.65000.74999,us.born,married,no.schooling,without.disability,federal,with.insurance,white
2018HU0579871,5,1,59301,3,30_39,m,civilian.employed,same.house,i.25000.34999,us.born,never,no.schooling,without.disability,private.profit,with.insurance,black
2018HU0777920,5,1,1302,3,20_29,m,not.in.labor.force,same.house,i.0.9999,not.citizen,never,no.schooling,without.disability,private.profit,without.insurance,asian
2018HU1055745,5,1,51215,3,20_29,f,civilian.employed,diff.us.house,i.75000.99999,us.born,married,no.schooling,without.disability,private.profit,with.insurance,white
2018HU0246251,5,1,51040,3,20_29,f,not.in.labor.force,same.house,i.0.9999,us.born,never,no.schooling,with.disability,not.working,with.insurance,white
2018HU1370237,5,2,55001,3,50_59,f,unemployed,same.house,i.0.9999,naturalization,married,private,without.disability,not.working,with.insurance,white
2018HU0924866,5,3,10702,3,10_19,f,not.in.labor.force,same.house,i.75000.99999,us.born,never,public,without.disability,not.working,with.insurance,white
2018HU0178304,5,1,51246,3,60_69,f,civilian.employed,same.house,i.35000.49999,abroad.born,married,no.schooling,without.disability,federal,with.insurance,white
2018HU0730822,5,2,51154,3,30_39,m,civilian.employed,same.house,i.75000.99999,naturalization,married,no.schooling,without.disability,private.profit,with.insurance,asian
2018HU1165005,5,1,51125,3,10_19,m,civilian.employed,same.house,i.0.9999,us.born,never,public,without.disability,private.profit,with.insurance,white
2018HU0921753,5,2,51045,3,70_79,m,unemployed,same.house,i.0.9999,puerto.rico.born,married,no.schooling,without.disability,private.profit,with.insurance,white
2018HU0305627,5,1,51155,3,10_19,m,unemployed,diff.us.house,i.0.9999,us.born,never,public,without.disability,private.profit,with.insurance,black
2018HU0847198,5,6,59308,3,20_29,f,civilian.employed,same.house,i.75000.99999,naturalization,divorced,no.schooling,with.disability,private.profit,with.insurance,asian
2018HU0862325,5,1,51110,3,20_29,f,civilian.employed,same.house,i.65000.74999,us.born,never,no.schooling,without.disability,private.profit,with.insurance,white
2018HU0275657,5,1,51040,3,60_69,f,not.in.labor.force,same.house,i.0.9999,us.born,married,no.schooling,with.disability,federal,with.insurance,white
2018HU0605757,5,1,51186,3,10_19,m,not.in.labor.force,same.house,i.75000.99999,us.born,never,public,without.disability,not.working,with.insurance,white
2018HU0580539,5,1,51040,3,50_59,m,civilian.employed,same.house,i.75000.99999,us.born,married,no.schooling,without.disability,private.no.profit,with.insurance,white
2018HU0059651,5,2,59301,3,50_59,f,civilian.employed,same.house,i.75000.99999,us.born,married,no.schooling,without.disability,private.profit,with.insurance,white
2018HU1371452,5,1,51095,3,0_9,m,not.in.labor.force,same.house,i.75000.99999,us.born,never,no.schooling,without.disability,not.working,with.insurance,two.
2018HU0686103,5,1,59303,3,20_29,f,civilian.employed,same.house,i.0.9999,us.born,never,public,without.disability,private.profit,with.insurance,white
2018HU0049760,5,1,4103,3,60_69,f,civilian.employed,same.house,i.50000.64999,us.born,married,no.schooling,without.disability,private.no.profit,with.insurance,black
2018HU0075464,5,1,51225,3,10_19,m,not.in.labor.force,same.house,i.75000.99999,us.born,never,public,without.disability,not.working,with.insurance,two.
2018HU0801628,5,4,51095,3,20_29,m,civilian.employed,diff.us.house,i.35000.49999,puerto.rico.born,never,no.schooling,without.disability,private.profit,with.insurance,white
2018HU0154834,5,1,51154,3,70_79,f,not.in.labor.force,same.house,i.0.9999,us.born,married,no.schooling,without.disability,not.working,with.insurance,white
2018GQ0020523,5,1,51206,3,80_89,f,not.in.labor.force,same.house,i.0.9999,us.born,widowed,no.schooling,with.disability,not.working,with.insurance,white
2018HU0016682,5,1,51010,3,0_9,f,not.in.labor.force,same.house,i.75000.99999,us.born,never,private,without.disability,not.working,with.insurance,white
2018HU0144293,5,1,51125,3,30_39,f,not.in.labor.force,same.house,i.0.9999,not.citizen,never,no.schooling,without.disability,private.profit,without.insurance,other
2018HU0227748,5,1,51020,3,20_29,m,civilian.employed,same.house,i.65000.74999,us.born,married,no.schooling,without.disability,private.profit,with.insurance,white
2018HU1094167,5,2,51125,3,0_9,f,not.in.labor.force,same.house,i.75000.99999,us.born,never,no.schooling,without.disability,not.working,with.insurance,asian
2018HU0538715,5,3,59307,3,0_9,m,not.in.labor.force,same.house,i.75000.99999,us.born,never,no.schooling,without.disability,not.working,with.insurance,white
2018HU0600203,5,1,55001,3,40_49,m,civilian.employed,same.house,i.10000.14999,not.citizen,married,no.schooling,without.disability,private.profit,with.insurance,white
2018HU0581845,5,1,51154,3,30_39,f,civilian.employed,same.house,i.75000.99999,abroad.born,married,no.schooling,without.disability,private.profit,with.insurance,white
2018HU0390109,5,2,51224,3,40_49,f,civilian.employed,same.house,i.15000.24999,us.born,never,no.schooling,with.disability,private.no.profit,with.insurance,white
2018HU0205286,5,4,59302,3,0_9,f,not.in.labor.force,same.house,i.75000.99999,abroad.born,never,public,without.disability,not.working,with.insurance,white
2018HU0672853,5,1,51040,3,70_79,f,not.in.labor.force,same.house,i.0.9999,us.born,married,no.schooling,with.disability,not.working,with.insurance,black
2018HU1059711,5,1,51090,3,40_49,m,civilian.employed,same.house,i.35000.49999,naturalization,married,no.schooling,without.disability,private.profit,with.insurance,asian
2018HU0384191,5,1,51175,3,10_19,m,not.in.labor.force,same.house,i.75000.99999,us.born,never,public,without.disability,not.working,with.insurance,white
2018HU1384860,5,3,51080,3,50_59,f,civilian.employed,same.house,i.75000.99999,us.born,married,no.schooling,without.disability,private.profit,with.insurance,white
2018HU0421280,5,1,51175,3,50_59,f,civilian.employed,same.house,i.75000.99999,not.citizen,never,no.schooling,without.disability,federal,with.insurance,asian
2018HU0035926,5,2,51164,3,50_59,f,civilian.employed,same.house,i.35000.49999,naturalization,married,no.schooling,without.disability,local,with.insurance,asian
2018HU1331156,5,2,4103,3,60_69,f,civilian.employed,same.house,i.25000.34999,us.born,divorced,no.schooling,without.disability,local,with.insurance,white
2018HU1200033,5,1,59307,3,20_29,m,unemployed,diff.us.house,i.10000.14999,us.born,never,no.schooling,without.disability,private.profit,with.insurance,white
2018HU1311136,5,2,51145,3,50_59,m,civilian.employed,same.house,i.50000.64999,us.born,married,no.schooling,without.disability,private.profit,with.insurance,white
2018HU0275133,5,1,1302,3,0_9,m,not.in.labor.force,same.house,i.75000.99999,abroad.born,never,public,without.disability,not.working,with.insurance,white
2018HU1234900,5,2,59302,3,20_29,m,not.in.labor.force,diff.us.house,i.0.9999,not.citizen,never,public,without.disability,not.working,without.insurance,asian
2018HU0456790,5,1,55002,3,10_19,f,not.in.labor.force,same.house,i.0.9999,us.born,never,private,without.disability,not.working,with.insurance,asian
2018HU0376966,5,1,51010,3,50_59,f,civilian.employed,same.house,i.10000.14999,us.born,married,no.schooling,without.disability,local,with.insurance,white
2018HU0648786,5,1,51255,3,50_59,m,civilian.employed,same.house,i.75000.99999,us.born,married,no.schooling,without.disability,federal,with.insurance,white
2018HU0153584,5,2,51206,3,50_59,m,civilian.employed,diff.us.house,i.75000.99999,naturalization,divorced,no.schooling,without.disability,private.profit,with.insurance,white
2018HU1266240,5,1,51215,3,50_59,f,civilian.employed,diff.us.house,i.75000.99999,us.born,never,no.schooling,without.disability,private.profit,with.insurance,white
2018HU1186032,5,1,51010,3,10_19,m,not.in.labor.force,same.house,i.0.9999,us.born,never,public,without.disability,not.working,with.insurance,white
2018HU0411835,5,1,51044,3,0_9,f,not.in.labor.force,same.house,i.75000.99999,us.born,never,no.schooling,without.disability,not.working,with.insurance,white
2018HU0416353,5,1,51175,3,40_49,m,civilian.employed,same.house,i.75000.99999,naturalization,married,no.schooling,without.disability,self.employed.corp,with.insurance,other
2018HU1056121,5,1,51125,3,40_49,f,civilian.employed,same.house,i.75000.99999,naturalization,married,no.schooling,without.disability,private.no.profit,with.insurance,asian
2018HU0249978,5,1,51087,3,40_49,f,not.in.labor.force,same.house,i.0.9999,not.citizen,married,no.schooling,without.disability,not.working,with.insurance,other
2018HU0722084,5,4,51085,3,10_19,f,not.in.labor.force,same.house,i.0.9999,us.born,never,public,without.disability,not.working,with.insurance,white
2018HU1280659,5,2,51225,3,10_19,m,not.in.labor.force,same.house,i.75000.99999,us.born,never,public,without.disability,not.working,with.insurance,white
2018HU0573468,5,1,51110,3,10_19,f,civilian.employed,same.house,i.0.9999,us.born,never,public,without.disability,private.profit,with.insurance,white
2018HU0061422,5,2,51105,3,50_59,f,civilian.employed,same.house,i.50000.64999,us.born,married,no.schooling,without.disability,private.profit,with.insurance,white
2018HU1288872,5,4,10702,3,20_29,m,civilian.employed,abroad.house,i.10000.14999,not.citizen,never,no.schooling,without.disability,private.profit,with.insurance,white
2018HU0452975,5,1,51145,3,0_9,m,not.in.labor.force,same.house,i.75000.99999,us.born,never,no.schooling,without.disability,not.working,with.insurance,other
2018HU1018191,5,1,51225,3,30_39,f,civilian.employed,same.house,i.25000.34999,not.citizen,separated,no.schooling,without.disability,private.profit,with.insurance,two.
2018HU0421626,5,1,1301,3,60_69,f,civilian.employed,same.house,i.75000.99999,us.born,married,no.schooling,without.disability,federal,with.insurance,white
2018HU0753816,5,3,51245,3,50_59,f,civilian.employed,same.house,i.75000.99999,not.citizen,married,no.schooling,without.disability,federal,with.insurance,black
2018HU1208604,5,1,51096,3,20_29,f,not.in.labor.force,same.house,i.0.9999,us.born,never,private,without.disability,private.profit,with.insurance,white
2018HU0782598,5,3,51215,3,60_69,f,not.in.labor.force,same.house,i.0.9999,naturalization,married,no.schooling,without.disability,local,with.insurance,asian
2018HU0475563,5,1,51020,3,80_89,m,not.in.labor.force,same.house,i.0.9999,us.born,never,no.schooling,with.disability,not.working,with.insurance,white
2018HU0335715,5,1,1302,3,30_39,f,civilian.employed,same.house,i.10000.14999,us.born,married,no.schooling,without.disability,private.profit,with.insurance,white
2018HU0075464,5,2,59307,3,40_49,m,civilian.employed,same.house,i.75000.99999,us.born,married,public,without.disability,federal,with.insurance,two.
2018HU0108068,5,2,51206,3,40_49,m,civilian.employed,same.house,i.75000.99999,naturalization,married,no.schooling,without.disability,private.no.profit,with.insurance,asian
2018HU0056631,5,1,51246,3,50_59,m,civilian.employed,same.house,i.75000.99999,us.born,married,no.schooling,without.disability,federal,with.insurance,white
2018HU0124377,5,1,51105,3,60_69,f,civilian.employed,same.house,i.50000.64999,us.born,divorced,no.schooling,without.disability,private.profit,with.insurance,white
2018HU0663877,5,1,51090,3,30_39,m,civilian.employed,same.house,i.35000.49999,us.born,never,no.schooling,without.disability,private.profit,without.insurance,white
2018HU0449823,5,1,59301,3,20_29,m,not.in.labor.force,same.house,i.0.9999,us.born,never,public,without.disability,private.profit,with.insurance,white
2018HU0953696,5,1,51105,3,30_39,f,civilian.employed,same.house,i.0.9999,us.born,married,no.schooling,without.disability,private.profit,with.insurance,white
2018HU0629753,5,1,51135,3,60_69,m,not.in.labor.force,same.house,i.0.9999,us.born,married,no.schooling,without.disability,not.working,with.insurance,white
2018HU0090823,5,1,51040,3,0_9,f,not.in.labor.force,same.house,i.75000.99999,us.born,never,no.schooling,without.disability,not.working,with.insurance,white
2018HU1036545,5,1,51097,3,60_69,f,civilian.employed,same.house,i.35000.49999,us.born,divorced,no.schooling,without.disability,private.profit,with.insurance,white
2018HU0735468,5,1,51087,3,40_49,f,not.in.labor.force,same.house,i.0.9999,us.born,married,no.schooling,without.disability,not.working,with.insurance,white
2018HU0104712,5,1,10702,3,60_69,m,civilian.employed,same.house,i.75000.99999,us.born,married,no.schooling,without.disability,private.profit,with.insurance,white
2018HU0917166,5,2,51096,3,0_9,m,not.in.labor.force,same.house,i.75000.99999,us.born,never,no.schooling,without.disability,not.working,with.insurance,white
2018HU0285509,5,1,1302,3,0_9,m,not.in.labor.force,same.house,i.75000.99999,us.born,never,private,without.disability,not.working,with.insurance,white
2018HU0499546,5,4,4102,3,10_19,m,not.in.labor.force,same.house,i.0.9999,us.born,never,public,without.disability,not.working,with.insurance,white
2018HU0342573,5,2,51045,3,0_9,m,not.in.labor.force,same.house,i.75000.99999,us.born,never,public,without.disability,not.working,with.insurance,white
2018HU0298824,5,1,51105,3,10_19,m,civilian.employed,same.house,i.0.9999,naturalization,never,public,without.disability,private.profit,with.insurance,black
2018HU0550838,5,1,51115,3,20_29,m,civilian.employed,same.house,i.75000.99999,us.born,never,no.schooling,without.disability,private.profit,with.insurance,asian
2018HU0524100,5,3,51154,3,10_19,f,not.in.labor.force,same.house,i.75000.99999,us.born,never,public,without.disability,not.working,with.insurance,white
2018HU1386286,5,4,55002,3,20_29,f,civilian.employed,same.house,i.0.9999,us.born,never,no.schooling,without.disability,private.profit,with.insurance,white
2018HU0377168,5,1,59301,3,70_79,f,not.in.labor.force,diff.us.house,i.0.9999,us.born,widowed,no.schooling,without.disability,not.working,with.insurance,white
2018HU0780072,5,2,51045,3,70_79,f,not.in.labor.force,diff.us.house,i.0.9999,us.born,married,no.schooling,without.disability,private.no.profit,with.insurance,white
2018HU0357382,5,2,51164,3,50_59,f,unemployed,same.house,i.0.9999,us.born,married,no.schooling,without.disability,self.employed.corp,with.insurance,white
2018HU1223113,5,1,59301,3,80_89,f,not.in.labor.force,same.house,i.0.9999,us.born,married,no.schooling,without.disability,not.working,with.insurance,white
2018HU0595457,5,5,51105,3,70_79,m,not.in.labor.force,same.house,i.0.9999,us.born,married,no.schooling,without.disability,not.working,with.insurance,white
2018HU0251804,5,1,51045,3,30_39,f,civilian.employed,same.house,i.75000.99999,us.born,married,no.schooling,without.disability,local,with.insurance,white
2018HU0088369,5,1,51020,3,20_29,f,civilian.employed,same.house,i.65000.74999,us.born,never,no.schooling,without.disability,private.profit,with.insurance,black
2018HU1162792,5,1,1302,3,30_39,m,civilian.employed,same.house,i.25000.34999,not.citizen,married,no.schooling,without.disability,private.profit,without.insurance,other
2018HU0740361,5,1,51090,3,70_79,m,civilian.employed,same.house,i.0.9999,not.citizen,married,no.schooling,without.disability,self.employed.no.corp,with.insurance,asian
2018HU0344289,5,1,59304,3,20_29,f,not.in.labor.force,same.house,i.0.9999,not.citizen,never,public,without.disability,private.profit,with.insurance,other
2018HU1398811,5,1,55002,3,30_39,f,not.in.labor.force,same.house,i.15000.24999,not.citizen,married,public,without.disability,private.profit,with.insurance,asian
2018HU1171018,5,1,51245,3,20_29,f,civilian.employed,diff.us.house,i.75000.99999,not.citizen,never,no.schooling,without.disability,private.profit,with.insurance,asian
2018HU0071020,5,2,51165,3,60_69,f,civilian.employed,same.house,i.75000.99999,us.born,married,no.schooling,without.disability,local,with.insurance,white
2018HU1242818,5,2,51040,3,30_39,f,not.in.labor.force,same.house,i.0.9999,naturalization,married,no.schooling,without.disability,private.no.profit,with.insurance,white
2018HU0598286,5,3,51154,3,30_39,m,civilian.employed,same.house,i.65000.74999,naturalization,never,no.schooling,without.disability,private.profit,with.insurance,asian
2018HU0190130,5,3,51115,3,40_49,f,civilian.employed,same.house,i.75000.99999,us.born,married,no.schooling,without.disability,private.no.profit,with.insurance,white
2018HU0651724,5,1,51096,3,20_29,f,civilian.employed,same.house,i.75000.99999,us.born,married,no.schooling,without.disability,private.profit,with.insurance,white
2018HU0021188,5,1,51010,3,10_19,m,not.in.labor.force,same.house,i.0.9999,us.born,never,public,with.disability,not.working,with.insurance,white
2018HU1364092,5,3,55002,3,10_19,m,not.in.labor.force,same.house,i.0.9999,us.born,never,public,without.disability,not.working,with.insurance,white
2018HU1120352,5,1,51080,3,10_19,m,not.in.labor.force,same.house,i.0.9999,us.born,never,public,without.disability,private.profit,with.insurance,white
2018HU1325092,5,1,51096,3,60_69,f,not.in.labor.force,same.house,i.0.9999,us.born,married,no.schooling,without.disability,federal,with.insurance,white
2018HU0731753,5,1,51010,3,50_59,m,civilian.employed,same.house,i.15000.24999,naturalization,married,no.schooling,without.disability,private.no.profit,without.insurance,white
2018HU1354588,5,1,51045,3,40_49,f,civilian.employed,same.house,i.35000.49999,naturalization,separated,no.schooling,without.disability,local,with.insurance,black
2018HU1132501,5,2,59303,3,10_19,m,not.in.labor.force,same.house,i.75000.99999,us.born,never,public,without.disability,not.working,with.insurance,white
2018HU0495725,5,1,51235,3,30_39,f,not.in.labor.force,same.house,i.50000.64999,naturalization,married,no.schooling,without.disability,private.no.profit,with.insurance,white
2018HU1398054,5,4,59302,3,50_59,m,civilian.employed,same.house,i.0.9999,us.born,married,no.schooling,without.disability,self.employed.no.corp,with.insurance,white
2018HU1093053,5,4,59308,3,60_69,f,not.in.labor.force,same.house,i.0.9999,us.born,widowed,no.schooling,without.disability,not.working,with.insurance,white
2018HU0919660,5,1,51115,3,60_69,f,not.in.labor.force,same.house,i.0.9999,us.born,married,no.schooling,without.disability,federal,with.insurance,white
2018HU0354436,5,1,51097,3,20_29,m,civilian.employed,same.house,i.0.9999,us.born,never,public,without.disability,local,with.insurance,black
2018HU0736671,5,1,51040,3,70_79,m,civilian.employed,same.house,i.25000.34999,us.born,married,no.schooling,with.disability,self.employed.no.corp,with.insurance,white
2018HU0368999,5,3,59303,3,0_9,f,not.in.labor.force,same.house,i.75000.99999,us.born,never,public,without.disability,not.working,with.insurance,white
2018HU0540437,5,1,51090,3,10_19,f,not.in.labor.force,same.house,i.0.9999,us.born,never,public,without.disability,not.working,with.insurance,asian
2018HU1263643,5,3,10702,3,50_59,f,civilian.employed,same.house,i.0.9999,us.born,married,no.schooling,without.disability,self.employed.corp,with.insurance,white
2018HU0455115,5,2,51145,3,20_29,m,armed.forces,diff.us.house,i.50000.64999,us.born,never,no.schooling,without.disability,federal,with.insurance,asian
2018HU0631984,5,5,51165,3,10_19,f,not.in.labor.force,abroad.house,i.0.9999,us.born,never,public,without.disability,not.working,with.insurance,white
2018HU0838283,5,3,51120,3,60_69,m,civilian.employed,same.house,i.75000.99999,not.citizen,never,no.schooling,without.disability,private.profit,without.insurance,black
2018HU0435548,5,1,59307,3,10_19,f,not.in.labor.force,same.house,i.75000.99999,not.citizen,never,public,without.disability,not.working,with.insurance,white
2018HU0421994,5,2,59308,3,40_49,m,civilian.employed,same.house,i.75000.99999,us.born,married,no.schooling,without.disability,private.profit,with.insurance,white
2018HU0397301,5,1,51206,3,20_29,m,civilian.employed,diff.us.house,i.35000.49999,us.born,never,no.schooling,without.disability,private.no.profit,with.insurance,white
2018HU1047775,5,4,59309,3,30_39,f,civilian.employed,same.house,i.75000.99999,us.born,married,no.schooling,without.disability,self.employed.corp,with.insurance,white
2018HU1155475,5,2,51040,3,10_19,m,not.in.labor.force,same.house,i.75000.99999,us.born,never,public,without.disability,not.working,with.insurance,asian
2018HU1115348,5,2,10702,3,10_19,m,not.in.labor.force,same.house,i.75000.99999,us.born,never,private,without.disability,not.working,with.insurance,other
2018HU0408304,5,2,51110,3,30_39,f,civilian.employed,diff.us.house,i.65000.74999,us.born,never,no.schooling,without.disability,private.no.profit,with.insurance,black
2018HU0683802,5,3,51165,3,50_59,m,not.in.labor.force,same.house,i.0.9999,us.born,married,no.schooling,with.disability,private.no.profit,with.insurance,white
2018HU0868830,5,1,51090,3,10_19,f,not.in.labor.force,same.house,i.75000.99999,us.born,never,private,without.disability,not.working,with.insurance,white
2018HU0796319,5,1,59301,3,20_29,m,civilian.employed,same.house,i.15000.24999,not.citizen,never,no.schooling,without.disability,private.profit,with.insurance,white
2018HU0060820,5,3,10702,3,30_39,f,civilian.employed,same.house,i.50000.64999,naturalization,married,no.schooling,without.disability,private.no.profit,with.insurance,white
2018HU0253355,5,2,51010,3,60_69,m,civilian.employed,same.house,i.0.9999,naturalization,married,no.schooling,without.disability,self.employed.no.corp,with.insurance,asian
2018HU0799875,5,1,51095,3,60_69,f,civilian.employed,same.house,i.50000.64999,us.born,divorced,no.schooling,without.disability,federal,with.insurance,white
2018HU0207057,5,1,51020,3,20_29,m,not.in.labor.force,same.house,i.0.9999,us.born,never,public,with.disability,self.employed.no.corp,with.insurance,white
2018HU1207288,5,2,51154,3,60_69,f,civilian.employed,same.house,i.0.9999,us.born,never,no.schooling,with.disability,private.profit,with.insurance,white
2018HU0197863,5,1,51105,3,30_39,f,civilian.employed,same.house,i.35000.49999,us.born,married,no.schooling,without.disability,state,with.insurance,white
2018HU0378141,5,1,51215,3,50_59,m,civilian.employed,abroad.house,i.75000.99999,us.born,married,no.schooling,without.disability,self.employed.corp,with.insurance,two.
2018HU0777297,5,1,59309,3,60_69,f,not.in.labor.force,same.house,i.0.9999,us.born,married,no.schooling,with.disability,private.profit,with.insurance,white
2018HU0880354,5,2,51145,3,40_49,m,civilian.employed,same.house,i.75000.99999,naturalization,married,no.schooling,without.disability,private.profit,with.insurance,asian
