PPSORT,CMA,AGE,SEX,RACE
170342,933,a35_39,m,onao_Canadian
298236,933,a80_84,f,eo_weo_Dutch
309114,933,a10_14,f,ao_sao_ei
268514,933,a70_74,m,ao_sao_ei
152978,933,a25_29,m,ao_sao_ei
346551,933,a45_49,m,ao_esao_Chinese
546367,933,a40_44,m,ao_sao_ei
922974,933,a50_54,f,ao_esao_Chinese
743114,933,a20_24,f,eo_oweo
331695,933,a0_4,m,ao_esao_Chinese
715165,933,a15_19,f,ao_esao_Filipino
519446,933,a35_39,f,ao_esao_Filipino
360230,933,a0_4,m,ao_sao_ei
778696,933,a55_59,f,ao_esao_Chinese
301218,933,a45_49,f,ao_osao
587576,933,a20_24,m,onao_Canadian
434854,933,a30_34,m,ao_esao_Chinese
651674,933,a65_69,m,eo_fo
797754,933,a40_44,f,ao_osao
69660,933,a55_59,f,eo_bio_Scottish
3772,933,a50_54,m,ao_esao_Chinese
551002,933,a5_9,f,ao_osao
280283,933,a0_4,f,eo_fo
650002,933,a50_54,m,ao_esao_Chinese
860712,933,a35_39,m,ao_sao_ei
191831,933,a60_64,f,ao_esao_Chinese
30608,933,a75_79,f,ao_wcameo
666546,933,a45_49,f,ao_esao_Chinese
32308,933,a40_44,m,ao_esao_Chinese
234015,933,a50_54,f,eo_bio_Scottish
744172,933,a15_19,m,ao_osao
41772,933,a35_39,f,eo_fo
611622,933,a45_49,m,eo_bio_English
349785,933,a45_49,f,ao_oesao
750894,933,a25_29,m,ao_esao_Chinese
258726,933,a5_9,m,ao_osao
636071,933,a10_14,f,eo_seo_Portuguese
449491,933,a45_49,f,ao_esao_Chinese
683031,933,a0_4,m,ao_sao_ei
433153,933,a80_84,m,eo_weo_German
165401,933,a75_79,m,ao_esao_Chinese
110822,933,a30_34,m,onao_Canadian
55373,933,a35_39,m,ao_esao_Chinese
820714,933,a25_29,m,ao_esao_Chinese
380050,933,a45_49,f,ao_sao_ei
777303,933,a45_49,m,eo_weo_Dutch
821787,933,a70_74,m,onao_Canadian
323462,933,a50_54,f,ao_esao_Chinese
58760,933,a40_44,f,ao_esao_Filipino
599177,933,a30_34,f,ao_osao
901330,933,a55_59,f,eo_bio_Irish
292202,933,a45_49,f,ao_sao_ei
202893,933,a20_24,m,ao_esao_Chinese
646806,933,a20_24,f,ao_oesao
724281,933,a65_69,f,eo_eeo_Polish
95132,933,a10_14,m,ao_osao
46467,933,a45_49,m,ao_esao_Chinese
221007,933,a0_4,m,ao_esao_Filipino
463881,933,a0_4,m,ao_esao_Filipino
319267,933,a55_59,m,eo_weo_German
442736,933,a20_24,m,ao_esao_Chinese
256384,933,a45_49,f,ao_esao_Chinese
98631,933,a40_44,m,ao_esao_Chinese
636069,933,a20_24,m,ao_sao_ei
649322,933,a20_24,f,ao_oesao
856579,933,a25_29,f,ao_esao_Chinese
108479,933,a40_44,m,eo_seo_Greek
18365,933,a70_74,f,ao_esao_Chinese
846668,933,a0_4,m,onao_Canadian
337181,933,a50_54,m,eo_seo_Italian
345356,933,a55_59,f,ao_wcameo
381513,933,a70_74,f,ao_esao_Chinese
457736,933,a65_69,m,eo_seo_Italian
865141,933,a80_84,m,eo_bio_Scottish
200495,933,a30_34,m,ao_sao_ei
439232,933,a55_59,m,ao_sao_ei
192130,933,a75_79,f,ao_sao_ei
526045,933,a75_79,f,ao_esao_Chinese
398810,933,a10_14,f,eo_eeo_Polish
200052,933,a15_19,m,ao
36699,933,a5_9,f,ao_esao_Chinese
856793,933,a0_4,m,eo_fo
586525,933,a60_64,m,eo_bio_Irish
134151,933,a50_54,f,ao_sao_ei
715705,933,a40_44,f,ao
214289,933,a5_9,f,ao_oesao
251415,933,a20_24,m,ao_esao_Chinese
43816,933,a15_19,f,eo_bio_English
593953,933,a25_29,m,ao_esao_Chinese
598322,933,a65_69,f,eo_bio_English
886422,933,a25_29,f,onao_Canadian
664354,933,a20_24,m,ao_esao_Chinese
739653,933,a55_59,m,ao_sao_ei
93193,933,a20_24,f,ao_esao_Filipino
389932,933,a25_29,f,onao_Canadian
867573,933,a15_19,f,ao_osao
10153,933,a55_59,m,ao_sao_ei
828155,933,a65_69,f,ao_sao_ei
37148,933,a40_44,f,ao_sao_ei
252466,933,a80_84,f,eo_eeo_Russian
413709,933,a45_49,m,eo_obio
819235,933,a55_59,m,ao_osao
733719,933,a50_54,f,onao_Canadian
505529,933,a70_74,f,onao_Canadian
20477,933,a25_29,f,ao_sao_ei
42791,933,a0_4,m,ao_sao_ei
784273,933,a35_39,f,eo_oeo
896747,933,a45_49,f,eo_weo_German
484265,933,a5_9,f,ao_esao_Chinese
422086,933,a60_64,m,eo_weo_German
4408,933,a10_14,f,ao_esao_Chinese
532743,933,a35_39,f,ao_sao_ei
745180,933,a55_59,f,eo_seo_Italian
846564,933,a60_64,m,ao_esao_Chinese
391241,933,a5_9,m,ao_sao_ei
260025,933,a10_14,f,ao_esao_Chinese
558752,933,a0_4,f,ao_sao_ei
274629,933,a70_74,m,eo_eeo_Ukrainian
178246,933,a30_34,f,ao_sao_ei
218697,933,a25_29,f,ao_sao_ei
145552,933,a50_54,f,ao_sao_ei
396692,933,a60_64,m,eo_weo_Dutch
746767,933,a5_9,f,ao_esao_Chinese
456142,933,a20_24,f,ao_sao_ei
121372,933,a55_59,f,eo_weo_German
505818,933,a30_34,m,ao_esao_Filipino
324224,933,a5_9,m,ao_sao_ei
526578,933,a15_19,f,ao_oesao
308391,933,a35_39,m,ao_esao_Chinese
97529,933,a60_64,f,eo_bio_English
301568,933,a80_84,f,ao_sao_ei
627305,933,a10_14,f,ao_oesao
310835,933,a20_24,m,ao_oesao
788219,933,a50_54,m,eo_eeo_Polish
588204,933,a30_34,f,ao_esao_Chinese
79215,933,a0_4,m,onao_Canadian
879233,933,a20_24,f,ao_sao_ei
822157,933,a55_59,f,eo_bio_English
558078,933,a55_59,f,ao_esao_Chinese
897551,933,a25_29,m,ao_esao_Chinese
21414,933,a35_39,f,ao_esao_Chinese
364092,933,a45_49,m,eo_weo_German
362259,933,a10_14,f,ao_osao
684608,933,a5_9,m,ao_esao_Chinese
115361,933,a70_74,m,onao_Canadian
875331,933,a45_49,f,eo_seo_Italian
854586,933,a0_4,m,ao_esao_Chinese
614493,933,a70_74,m,onao_Canadian
509770,933,a55_59,m,ao_oesao
103323,933,a0_4,f,eo_oeeo
247846,933,a25_29,f,eo_bio_Scottish
612355,933,a45_49,m,eo_seo_Portuguese
405732,933,a55_59,m,ao_esao_Chinese
84193,933,a60_64,f,ao_esao_Chinese
356121,933,a70_74,m,eo_neo
711965,933,a30_34,f,ao_sao_ei
116267,933,a20_24,m,ao_esao_Chinese
538164,933,a45_49,m,eo_weo_German
294028,933,a45_49,m,ao_wcameo
108423,933,a80_84,m,eo_oeeo
16013,933,a30_34,m,ao_oesao
461579,933,a40_44,m,ao_osao
817228,933,a25_29,f,ao_esao_Chinese
766392,933,a65_69,m,eo_bio_English
927891,933,a55_59,m,eo_bio_English
329393,933,a30_34,f,ao_osao
346904,933,a85_,f,ao_esao_Chinese
466405,933,a20_24,f,ao_oesao
595735,933,a25_29,f,ao_esao_Filipino
749245,933,a5_9,f,ao_sao_ei
638362,933,a5_9,f,ao_esao_Chinese
290742,933,a60_64,f,ao_esao_Chinese
775096,933,a30_34,m,ao_wcameo
777640,933,a20_24,f,ao_oesao
338573,933,a65_69,m,ao_oesao
52352,933,a60_64,f,ao_esao_Chinese
466124,933,a40_44,f,onao_Canadian
364889,933,a45_49,f,ao_esao_Chinese
653813,933,a15_19,f,ao_esao_Filipino
112178,933,a40_44,m,ao_sao_ei
585628,933,a70_74,f,ao_oesao
325454,933,a0_4,f,ao_esao_Chinese
504924,933,a35_39,f,onao_Canadian
111742,933,a20_24,m,ao_esao_Chinese
882134,933,a55_59,m,ao_sao_ei
861427,933,a80_84,f,eo_bio_English
581623,933,a40_44,m,eo_fo
805990,933,a65_69,m,ao_sao_ei
921100,933,a5_9,m,ao
682404,933,a40_44,f,eo_weo_German
173604,933,a55_59,m,eo_bio_English
847198,933,a55_59,f,ao_esao_Chinese
144262,933,a0_4,m,ao_osao
73864,933,a45_49,f,ao_sao_ei
368977,933,a0_4,f,onao_Canadian
122076,933,a35_39,m,ao_oesao
34127,933,a30_34,f,ao_wcameo
169501,933,a75_79,m,ao_oesao
859290,933,a25_29,f,ao_wcameo
209077,933,a30_34,m,ao_sao_ei
5585,933,a50_54,f,eo_weo_German
590400,933,a70_74,m,eo_fo
660798,933,a75_79,f,ao_osao
106137,933,a65_69,m,ao_esao_Chinese
603518,933,a50_54,m,ao_esao_Chinese
196711,933,a75_79,m,ao_oesao
250586,933,a0_4,m,ao_wcameo
309895,933,a55_59,m,ao_esao_Chinese
194974,933,a30_34,m,eo_eeo_Polish
227701,933,a65_69,m,eo_bio_Scottish
495592,933,a45_49,f,onao_Canadian
801141,933,a25_29,m,ao_wcameo
500808,933,a30_34,f,onao_Canadian
253667,933,a55_59,f,eo_oeeo
820346,933,a60_64,f,ao_esao_Chinese
252554,933,a0_4,f,ao_sao_ei
542550,933,a65_69,m,eo_bio_Scottish
618385,933,a80_84,m,ao_esao_Chinese
460002,933,a5_9,m,ao_osao
318085,933,a85_,f,eo_seo_Italian
700889,933,a60_64,f,eo_bio_English
234895,933,a15_19,f,ao_esao_Chinese
738265,933,a55_59,f,ao_esao_Chinese
346364,933,a50_54,f,ao_esao_Filipino
440408,933,a85_,f,eo_eeo_Ukrainian
598328,933,a45_49,f,ao_esao_Chinese
126676,933,a20_24,f,ao_osao
714032,933,a40_44,m,ao_oesao
373824,933,a30_34,f,lcsao
515898,933,a20_24,f,ao_esao_Filipino
828164,933,a50_54,f,eo_bio_English
745974,933,a50_54,m,ao_wcameo
79215,933,a0_4,m,onao_Canadian
589104,933,a60_64,f,ao_sao_ei
536859,933,a40_44,f,ao_esao_Chinese
526624,933,a45_49,f,naao
420940,933,a45_49,m,ao_oesao
36041,933,a60_64,m,eo_eeo_Polish
137346,933,a25_29,f,ao_sao_ei
775131,933,a75_79,f,ao_esao_Chinese
286530,933,a50_54,m,ao_sao_ei
557230,933,a25_29,f,eo_eeo_Ukrainian
790174,933,a30_34,f,ao
601390,933,a80_84,f,eo_eeo_Ukrainian
418970,933,a80_84,m,eo_weo_German
893516,933,a85_,m,eo_bio_English
100787,933,a20_24,m,ao_oesao
744107,933,a60_64,f,eo_seo_Italian
91429,933,a45_49,f,ao_esao_Filipino
9355,933,a75_79,m,eo_obio
285673,933,a0_4,f,eo_bio_English
567226,933,a15_19,m,lcsao
766136,933,a40_44,f,ao_oesao
859130,933,a5_9,m,onao_Canadian
546979,933,a50_54,f,ao_esao_Chinese
517378,933,a35_39,m,ao_oesao
550307,933,a65_69,m,eo_eeo_Polish
473966,933,a10_14,m,ao
772261,933,a65_69,f,eo_weo_German
579836,933,a45_49,m,eo_eeo_Russian
907154,933,a30_34,m,eo_oseo
712351,933,a55_59,f,ao_oesao
569442,933,a50_54,f,ao_esao_Chinese
141915,933,a45_49,f,ao_sao_ei
863332,933,a85_,m,eo_eeo_Ukrainian
639318,933,a65_69,f,eo_bio_English
322788,933,a20_24,m,ao_esao_Chinese
622802,933,a35_39,m,ao_esao_Chinese
623493,933,a45_49,m,ao_sao_ei
794868,933,a10_14,f,ao_oesao
213658,933,a80_84,f,ao_sao_ei
43109,933,a30_34,f,onao_Canadian
797399,933,a50_54,f,ao_osao
801519,933,a45_49,m,ao_esao_Chinese
888933,933,a50_54,m,onao_Canadian
699964,933,a40_44,m,ao_esao_Filipino
59196,933,a25_29,m,ao_esao_Chinese
581879,933,a25_29,f,ao_wcameo
569181,933,a35_39,m,eo_weo_German
48156,933,a70_74,f,eo_bio_English
528213,933,a20_24,f,ao_wcameo
339234,933,a10_14,m,ao_esao_Chinese
329915,933,a30_34,f,ao_esao_Chinese
269312,933,a25_29,m,eo_bio_Scottish
590091,933,a25_29,f,ao_sao_ei
810595,933,a70_74,f,ao_esao_Filipino
579577,933,a85_,m,eo_eeo_Ukrainian
360311,933,a30_34,m,ao_wcameo
238146,933,a25_29,m,ao_esao_Filipino
561340,933,a40_44,f,ao_esao_Chinese
63287,933,a50_54,m,eo_oseo
128181,933,a40_44,f,ao_sao_ei
474004,933,a35_39,f,ao_esao_Filipino
776910,933,a20_24,f,ao_sao_ei
252757,933,a15_19,m,onao_Canadian
674251,933,a70_74,m,eo_oseo
712501,933,a20_24,m,onao_Canadian
117150,933,a85_,m,eo_weo_German
323066,933,a75_79,f,eo_weo_German
704708,933,a15_19,f,ao_esao_Chinese
250737,933,a25_29,f,ao_esao_Filipino
357789,933,a20_24,f,ao
351181,933,a20_24,f,ao_sao_ei
287931,933,a70_74,m,ao_esao_Chinese
415961,933,a30_34,f,ao_esao_Chinese
757351,933,a55_59,f,ao_esao_Filipino
740331,933,a80_84,f,eo_bio_English
861003,933,a30_34,m,ao_esao_Chinese
389609,933,a55_59,m,eo_bio_English
613989,933,a55_59,f,ao_oesao
717894,933,a80_84,m,ao_esao_Chinese
910690,933,a35_39,m,ao_sao_ei
891154,933,a45_49,f,ao_esao_Chinese
199824,933,a75_79,m,ao_wcameo
338150,933,a15_19,f,ao_esao_Chinese
70685,933,a45_49,m,ao_oesao
20619,933,a15_19,m,ao_esao_Filipino
834268,933,a30_34,f,ao_esao_Filipino
140303,933,a65_69,m,ao_sao_ei
197730,933,a10_14,f,ao_esao_Filipino
13222,933,a50_54,f,ao_wcameo
926982,933,a85_,m,eo_eeo_Ukrainian
115799,933,a20_24,f,eo_eeo_Russian
78250,933,a10_14,f,ao_esao_Chinese
708590,933,a70_74,f,eo_bio_Irish
37540,933,a30_34,f,ao_esao_Chinese
894180,933,a45_49,f,ao_oesao
696653,933,a20_24,m,ao_wcameo
286754,933,a55_59,f,ao_esao_Chinese
288167,933,a30_34,m,ao_oesao
636950,933,a20_24,m,onao_Canadian
747658,933,a25_29,m,eo_bio_Irish
605755,933,a75_79,f,ao_esao_Chinese
431768,933,a45_49,m,onao_Canadian
922584,933,a45_49,f,ao_esao_Chinese
808416,933,a45_49,m,ao_oesao
157326,933,a10_14,m,eo_seo_Italian
411755,933,a35_39,m,eo_bio_English
631356,933,a5_9,f,ao_esao_Filipino
304616,933,a45_49,f,ao_esao_Filipino
1504,933,a20_24,f,eo_neo
510704,933,a25_29,f,ao_oesao
244656,933,a10_14,m,ao_sao_ei
876410,933,a45_49,f,ao_sao_ei
268699,933,a5_9,m,eo_bio_English
144792,933,a15_19,f,ao_sao_ei
5433,933,a15_19,f,ao_sao_ei
822895,933,a50_54,m,ao_oesao
877889,933,a50_54,f,ao_esao_Chinese
377046,933,a5_9,f,ao_esao_Chinese
564691,933,a0_4,m,ao_oesao
298818,933,a50_54,f,onao_Canadian
571186,933,a75_79,f,ao_esao_Chinese
750703,933,a50_54,m,ao_wcameo
8713,933,a45_49,m,ao_esao_Chinese
687848,933,a35_39,f,ao_wcameo
337137,933,a65_69,f,eo_oeeo
603187,933,a65_69,f,ao_esao_Chinese
350723,933,a60_64,f,eo_bio_English
396998,933,a5_9,m,eo_eeo_Russian
374989,933,a40_44,f,eo_seo_Italian
412826,933,a40_44,m,ao_sao_ei
251030,933,a50_54,f,eo_eeo_Polish
324689,933,a50_54,m,ao_esao_Filipino
466447,933,a35_39,m,ao
741040,933,a35_39,f,ao_osao
31670,933,a25_29,m,ao_esao_Filipino
361046,933,a40_44,f,ao_esao_Chinese
374878,933,a25_29,m,ao_oesao
138862,933,a20_24,m,onao_Canadian
136833,933,a15_19,m,ao_esao_Chinese
345015,933,a55_59,m,ao_wcameo
350534,933,a30_34,f,ao_esao_Chinese
429606,933,a85_,f,onao_Canadian
930359,933,a45_49,f,ao_esao_Filipino
666141,933,a30_34,f,ao_wcameo
457551,933,a55_59,f,eo_weo_Dutch
141615,933,a0_4,f,ao_sao_ei
118071,933,a10_14,m,ao_esao_Chinese
188786,933,a55_59,m,eo_neo
260286,933,a35_39,m,eo_fo
509021,933,a15_19,f,ao_sao_ei
204960,933,a65_69,f,ao_esao_Chinese
275642,933,a50_54,m,ao_esao_Chinese
573436,933,a60_64,m,ao_sao_ei
564236,933,a50_54,m,ao_esao_Chinese
12431,933,a20_24,f,ao_oesao
102154,933,a85_,f,eo_bio_Scottish
431080,933,a50_54,f,ao_esao_Chinese
99720,933,a50_54,f,naao
224575,933,a20_24,f,eo_seo_Spanish
803508,933,a60_64,m,ao_esao_Chinese
919191,933,a60_64,f,ao_sao_ei
16503,933,a0_4,f,ao_esao_Chinese
320783,933,a35_39,f,ao_sao_ei
230193,933,a40_44,f,ao_oesao
832466,933,a60_64,m,ao_sao_ei
752270,933,a55_59,m,ao_sao_ei
857830,933,a30_34,m,ao_esao_Chinese
858173,933,a10_14,m,ao_sao_ei
79907,933,a65_69,f,onao_Canadian
565914,933,a55_59,f,ao_esao_Chinese
847179,933,a65_69,f,eo_weo_German
818574,933,a45_49,f,ao_esao_Chinese
420611,933,a10_14,f,ao_esao_Chinese
814963,933,a55_59,f,ao_esao_Chinese
254059,933,a15_19,f,ao_esao_Filipino
881282,933,a60_64,f,eo_weo_Dutch
124271,933,a20_24,f,ao_esao_Chinese
703745,933,a5_9,m,ao_esao_Chinese
140282,933,a65_69,m,eo_bio_English
448304,933,a5_9,f,ao_esao_Chinese
329178,933,a35_39,f,ao_sao_ei
857973,933,a35_39,m,eo_neo
563583,933,a45_49,f,ao
797685,933,a80_84,f,ao_esao_Chinese
202738,933,a30_34,m,onao_Canadian
841678,933,a20_24,f,ao_oesao
814696,933,a70_74,f,ao_sao_ei
556359,933,a20_24,m,ao_sao_ei
495733,933,a55_59,m,ao_oesao
72700,933,a15_19,m,ao_esao_Filipino
718690,933,a30_34,m,eo_bio_English
280727,933,a10_14,f,ao_esao_Chinese
119365,933,a65_69,f,eo_eeo_Hungarian
103921,933,a20_24,m,ao_esao_Chinese
178980,933,a75_79,m,eo_bio_Scottish
220828,933,a65_69,f,ao_sao_ei
278255,933,a10_14,f,ao_esao_Chinese
887959,933,a0_4,m,naao
339245,933,a70_74,f,ao_esao_Chinese
485660,933,a65_69,m,ao_esao_Chinese
90533,933,a35_39,f,lcsao
70490,933,a25_29,f,onao_Canadian
864805,933,a40_44,m,ao_wcameo
790067,933,a70_74,m,eo_bio_Scottish
100609,933,a15_19,m,ao_esao_Chinese
119558,933,a70_74,f,ao_sao_ei
125950,933,a50_54,f,ao_esao_Chinese
891712,933,a40_44,m,ao_sao_ei
424898,933,a5_9,f,onao_Canadian
47792,933,a30_34,m,ao_esao_Chinese
239792,933,a50_54,m,ao_esao_Chinese
794909,933,a25_29,m,ao_sao_ei
548933,933,a50_54,f,eo_bio_English
458506,933,a10_14,m,ao_esao_Chinese
903077,933,a35_39,m,onao_Canadian
552072,933,a30_34,f,ao_wcameo
10782,933,a65_69,m,eo_neo
161990,933,a80_84,m,eo_bio_Scottish
66593,933,a70_74,m,ao_esao_Chinese
862225,933,a20_24,f,ao_esao_Filipino
96885,933,a75_79,f,ao_sao_ei
884143,933,a75_79,m,onao_Canadian
780157,933,a70_74,f,ao_sao_ei
870711,933,a10_14,m,onao_Canadian
247965,933,a40_44,f,ao_sao_ei
851998,933,a20_24,m,ao_esao_Chinese
417619,933,a50_54,f,ao_esao_Filipino
170376,933,a0_4,f,eo_seo_Italian
114643,933,a60_64,f,ao_esao_Filipino
822378,933,a25_29,m,eo_bio_English
789754,933,a15_19,m,ao_esao_Filipino
810905,933,a20_24,f,ao_sao_ei
40809,933,a45_49,f,ao_esao_Chinese
600921,933,a50_54,f,ao_oesao
119365,933,a65_69,f,eo_eeo_Hungarian
786534,933,a20_24,f,ao_esao_Chinese
38365,933,a85_,f,ao_sao_ei
743906,933,a10_14,f,ao_esao_Chinese
87972,933,a85_,m,ao_esao_Filipino
637801,933,a35_39,f,ao_wcameo
11617,933,a70_74,m,ao_sao_ei
47370,933,a45_49,f,lcsao
41912,933,a30_34,f,onao_Canadian
771630,933,a80_84,m,eo_bio_Scottish
123662,933,a70_74,f,ao_esao_Chinese
336974,933,a10_14,f,ao_sao_ei
427743,933,a10_14,f,eo_bio_English
504466,933,a55_59,f,ao_wcameo
255006,933,a50_54,m,ao_esao_Chinese
754112,933,a5_9,m,ao_esao_Chinese
478037,933,a25_29,f,onao_Canadian
239882,933,a5_9,m,ao_esao_Chinese
836043,933,a20_24,m,ao_oesao
396386,933,a30_34,f,ao_wcameo
87135,933,a60_64,f,eo_eeo_Polish
63094,933,a10_14,f,ao_sao_ei
446368,933,a20_24,m,ao_esao_Filipino
371132,933,a15_19,m,ao_esao_Filipino
135534,933,a15_19,m,ao_esao_Chinese
181157,933,a55_59,m,ao_esao_Filipino
721308,933,a55_59,m,ao_sao_ei
4324,933,a5_9,f,ao_esao_Chinese
905895,933,a60_64,f,eo_bio_Scottish
293070,933,a65_69,m,ao_esao_Filipino
144637,933,a80_84,m,ao_esao_Chinese
671783,933,a50_54,f,ao_oesao
569713,933,a50_54,m,ao_sao_ei
659673,933,a35_39,m,ao_esao_Filipino
396779,933,a45_49,f,ao_oesao
727533,933,a35_39,m,eo_bio_English
901046,933,a60_64,m,eo_weo_Dutch
743159,933,a40_44,m,ao_esao_Chinese
618479,933,a60_64,m,ao_esao_Chinese
158799,933,a85_,f,eo_bio_English
48314,933,a80_84,m,eo_neo
886410,933,a40_44,f,onao_Canadian
356537,933,a70_74,m,eo_fo
816564,933,a40_44,m,ao_esao_Chinese
920826,933,a50_54,m,ao_esao_Chinese
176308,933,a45_49,m,ao_sao_ei
596766,933,a35_39,m,eo_bio_English
772202,933,a50_54,m,ao_esao_Chinese
849684,933,a50_54,f,lcsao
538823,933,a35_39,f,ao_esao_Chinese
463075,933,a30_34,m,ao_esao_Chinese
737526,933,a75_79,f,ao_esao_Filipino
899571,933,a80_84,f,eo_eeo_Ukrainian
712552,933,a45_49,f,ao_sao_ei
680199,933,a40_44,f,eo_eeo_Ukrainian
837779,933,a55_59,m,eo_weo_Dutch
862713,933,a75_79,m,eo_obio
720241,933,a35_39,f,ao_wcameo
420401,933,a60_64,m,ao_esao_Chinese
726991,933,a20_24,m,ao_esao_Chinese
779958,933,a45_49,m,ao_esao_Chinese
360817,933,a25_29,f,eo_seo_Greek
763672,933,a15_19,m,ao_sao_ei
265719,933,a10_14,m,onao_Canadian
337501,933,a35_39,f,oo
282028,933,a15_19,m,ao_oesao
242646,933,a70_74,f,onao_Canadian
462762,933,a35_39,m,ao_esao_Chinese
334568,933,a20_24,m,ao_esao_Chinese
382196,933,a35_39,f,ao_esao_Chinese
217604,933,a50_54,f,ao_esao_Chinese
802192,933,a55_59,f,ao_oesao
270193,933,a45_49,m,ao_wcameo
120707,933,a30_34,f,ao_sao_ei
327720,933,a20_24,f,ao_esao_Chinese
105344,933,a20_24,m,ao_oesao
353994,933,a45_49,f,ao_esao_Chinese
565216,933,a40_44,f,ao_esao_Chinese
228363,933,a30_34,m,eo_eeo_Polish
525494,933,a40_44,f,eo_oeeo
790158,933,a15_19,f,ao_sao_ei
442347,933,a70_74,m,ao_sao_ei
93282,933,a50_54,f,eo_eeo_Polish
340800,933,a30_34,f,ao_osao
225651,933,a20_24,f,ao_wcameo
667757,933,a60_64,m,eo_bio_Irish
755360,933,a35_39,f,ao_oesao
55488,933,a60_64,f,eo_eeo_Ukrainian
421344,933,a70_74,m,ao_sao_ei
175921,933,a30_34,f,ao_sao_ei
85512,933,a25_29,m,ao_esao_Chinese
407016,933,a65_69,f,ao_sao_ei
555513,933,a25_29,m,ao_oesao
783910,933,a60_64,f,onao_Canadian
86197,933,a85_,f,eo_weo_German
239169,933,a35_39,f,ao_wcameo
577217,933,a55_59,m,eo_bio_English
32091,933,a65_69,m,eo_weo_German
712475,933,a0_4,m,eo_seo_Spanish
710805,933,a35_39,m,ao_esao_Chinese
840517,933,a25_29,m,ao_esao_Chinese
21348,933,a75_79,f,ao_esao_Filipino
599932,933,a25_29,f,ao_wcameo
715928,933,a70_74,m,ao_esao_Chinese
180588,933,a80_84,f,eo_weo_Dutch
921774,933,a65_69,f,eo_bio_English
316347,933,a35_39,f,ao_esao_Chinese
797479,933,a45_49,m,ao_esao_Chinese
407218,933,a45_49,f,ao_esao_Chinese
857937,933,a0_4,f,ao_sao_ei
636802,933,a25_29,m,ao_sao_ei
901375,933,a25_29,f,ao_esao_Chinese
392628,933,a60_64,f,eo_weo_Dutch
195367,933,a15_19,f,ao_sao_ei
197294,933,a45_49,m,eo_eeo_Polish
797012,933,a20_24,f,ao_esao_Chinese
637893,933,a5_9,f,ao_osao
423833,933,a35_39,m,eo_weo_Dutch
529676,933,a55_59,f,ao_oesao
849375,933,a55_59,f,ao_oesao
521968,933,a50_54,m,eo_bio_Scottish
681346,933,a15_19,f,eo_eeo_Polish
8047,933,a45_49,m,ao_sao_ei
698023,933,a30_34,f,ao_sao_ei
655897,933,a40_44,f,ao_oesao
234641,933,a20_24,f,onao_Canadian
226659,933,a65_69,m,eo_seo_Italian
736467,933,a20_24,f,ao_oesao
107585,933,a55_59,f,ao_wcameo
805920,933,a10_14,m,ao_esao_Filipino
791465,933,a0_4,f,ao_sao_ei
478441,933,a20_24,f,ao_sao_ei
188971,933,a60_64,f,eo_eeo_Ukrainian
378077,933,a25_29,m,ao_wcameo
373843,933,a65_69,m,ao_esao_Chinese
200100,933,a15_19,m,ao_esao_Filipino
16728,933,a30_34,f,eo_neo
385780,933,a55_59,f,eo_seo_Italian
510910,933,a45_49,m,ao_sao_ei
853521,933,a70_74,m,eo_bio_English
617016,933,a45_49,m,ao_esao_Chinese
541436,933,a50_54,f,ao_esao_Filipino
120164,933,a30_34,f,ao_esao_Chinese
719786,933,a15_19,f,eo_eeo_Ukrainian
16629,933,a25_29,f,ao_sao_ei
254484,933,a40_44,m,ao_esao_Chinese
232010,933,a65_69,f,eo_oseo
254021,933,a60_64,m,ao_esao_Chinese
355211,933,a40_44,f,ao_sao_ei
634643,933,a0_4,m,ao_esao_Chinese
670594,933,a70_74,m,ao_esao_Chinese
549750,933,a40_44,m,eo_weo_German
865696,933,a45_49,f,ao_esao_Filipino
216093,933,a60_64,m,ao_esao_Chinese
519430,933,a55_59,f,eo_bio_English
597976,933,a65_69,f,ao_esao_Filipino
688018,933,a0_4,f,ao_esao_Filipino
27026,933,a55_59,f,ao_esao_Chinese
431543,933,a50_54,m,ao_esao_Chinese
744788,933,a30_34,f,ao_esao_Filipino
173531,933,a25_29,f,eo_seo_Italian
158478,933,a60_64,f,ao_wcameo
110380,933,a10_14,m,ao_esao_Chinese
530177,933,a55_59,f,ao_esao_Chinese
349781,933,a25_29,f,eo_oeeo
238615,933,a45_49,f,ao_esao_Chinese
415202,933,a25_29,f,ao_esao_Chinese
382502,933,a20_24,f,ao_esao_Filipino
131986,933,a30_34,f,ao_sao_ei
719030,933,a50_54,f,eo_eeo_Ukrainian
467243,933,a60_64,f,eo_bio_English
524612,933,a40_44,m,ao_sao_ei
407010,933,a30_34,m,ao_esao_Filipino
602205,933,a35_39,f,eo_oeo
275603,933,a70_74,m,onao_Canadian
760504,933,a35_39,f,ao_esao_Chinese
452532,933,a60_64,m,eo_bio_English
222061,933,a30_34,f,ao_esao_Chinese
440525,933,a80_84,f,eo_weo_German
251777,933,a50_54,f,ao_oesao
460279,933,a65_69,f,eo_bio_English
252120,933,a40_44,m,ao_sao_ei
129703,933,a70_74,m,eo_bio_English
869908,933,a50_54,f,eo_fo
358891,933,a55_59,f,eo_bio_English
138737,933,a10_14,m,eo_bio_English
736668,933,a50_54,f,ao_esao_Chinese
340930,933,a40_44,f,ao_sao_ei
300985,933,a0_4,m,ao_esao_Chinese
573723,933,a5_9,m,ao_esao_Chinese
507755,933,a50_54,f,ao_esao_Chinese
770545,933,a25_29,m,eo_bio_English
222152,933,a20_24,m,ao_sao_ei
548887,933,a30_34,f,ao_esao_Chinese
139346,933,a50_54,m,ao_wcameo
385710,933,a55_59,f,ao_esao_Chinese
196425,933,a65_69,f,eo_bio_English
172268,933,a65_69,m,ao_oesao
3851,933,a0_4,m,ao_esao_Filipino
124933,933,a25_29,f,eo_bio_Scottish
63107,933,a10_14,f,eo_bio_English
200050,933,a25_29,f,ao_sao_ei
759462,933,a35_39,f,ao_sao_ei
201473,933,a60_64,f,ao_sao_ei
254748,933,a55_59,m,ao_esao_Filipino
676987,933,a30_34,m,onao_Canadian
496963,933,a20_24,f,onao_Canadian
11601,933,a30_34,f,ao_sao_ei
757048,933,a40_44,f,ao_esao_Chinese
115049,933,a30_34,f,ao_sao_ei
631157,933,a75_79,m,eo_seo_Greek
557195,933,a5_9,m,ao_esao_Filipino
463323,933,a50_54,m,ao_esao_Chinese
308346,933,a80_84,f,eo_bio_English
770716,933,a30_34,m,ao_esao_Chinese
785232,933,a50_54,f,eo_weo_Dutch
266756,933,a25_29,f,ao_esao_Chinese
781857,933,a80_84,m,ao_esao_Chinese
547304,933,a40_44,f,ao_esao_Chinese
45203,933,a50_54,m,ao_esao_Chinese
583070,933,a75_79,f,ao_esao_Chinese
690394,933,a20_24,f,ao_esao_Chinese
423843,933,a50_54,f,ao_sao_ei
266381,933,a40_44,f,ao
667906,933,a35_39,f,ao_wcameo
882276,933,a50_54,m,ao_esao_Chinese
676041,933,a40_44,f,ao_sao_ei
412526,933,a10_14,f,ao_wcameo
606883,933,a60_64,m,ao_esao_Chinese
354036,933,a65_69,f,ao_esao_Chinese
684374,933,a10_14,m,ao_esao_Filipino
27321,933,a20_24,m,ao_oesao
36995,933,a5_9,m,ao_sao_ei
139514,933,a75_79,f,ao_sao_ei
348994,933,a65_69,f,ao_esao_Chinese
62730,933,a35_39,m,ao_esao_Chinese
324530,933,a70_74,f,ao_esao_Chinese
926151,933,a55_59,m,onao_Canadian
292789,933,a50_54,f,eo_bio_Irish
147157,933,a35_39,f,eo_eeo_Ukrainian
715125,933,a40_44,m,ao_esao_Chinese
270803,933,a65_69,m,eo_bio_English
580616,933,a70_74,m,onao_Canadian
417312,933,a10_14,f,onao_Canadian
361680,933,a15_19,m,ao_esao_Chinese
522256,933,a85_,f,eo_fo
834391,933,a50_54,f,ao_esao_Chinese
596165,933,a30_34,m,eo_bio_English
697867,933,a30_34,f,ao_oesao
589393,933,a55_59,f,ao_esao_Chinese
30457,933,a45_49,f,ao_oesao
710895,933,a25_29,f,ao_sao_ei
454328,933,a35_39,f,ao_esao_Filipino
426187,933,a35_39,f,ao_esao_Chinese
614776,933,a15_19,m,ao_oesao
883919,933,a65_69,m,eo_fo
44641,933,a20_24,f,ao_esao_Chinese
33811,933,a35_39,m,ao_esao_Chinese
209017,933,a40_44,f,onao_Canadian
652506,933,a40_44,m,ao_esao_Chinese
369178,933,a15_19,m,eo_seo_Italian
583319,933,a15_19,m,ao_sao_ei
703437,933,a45_49,f,eo_seo_Italian
793070,933,a40_44,f,ao_oesao
207435,933,a50_54,m,ao_esao_Chinese
904752,933,a80_84,m,eo_weo_German
599436,933,a5_9,m,ao_sao_ei
851654,933,a25_29,m,ao_wcameo
583191,933,a65_69,m,eo_seo_Portuguese
418261,933,a25_29,m,ao_esao_Chinese
820800,933,a30_34,m,ao_esao_Chinese
62345,933,a70_74,m,eo_seo_Italian
627677,933,a45_49,m,eo_weo_German
576027,933,a50_54,m,eo_bio_Scottish
298040,933,a10_14,f,naao
508016,933,a65_69,m,eo_weo_Dutch
451456,933,a40_44,f,ao_sao_ei
163977,933,a65_69,m,onao_Canadian
842809,933,a70_74,m,eo_weo_German
398365,933,a55_59,m,ao_esao_Chinese
675320,933,a45_49,f,ao_wcameo
878059,933,a85_,m,ao_esao_Chinese
59747,933,a55_59,f,eo_oeeo
591727,933,a70_74,m,eo_weo_German
697374,933,a15_19,m,ao_oesao
547984,933,a0_4,m,ao_esao_Filipino
571380,933,a45_49,f,ao_esao_Filipino
315205,933,a40_44,f,ao_esao_Chinese
841154,933,a55_59,f,ao_sao_ei
782528,933,a0_4,f,ao_oesao
369155,933,a5_9,f,ao_sao_ei
713285,933,a60_64,f,ao_esao_Chinese
695690,933,a15_19,f,onao_Canadian
698369,933,a20_24,m,ao_esao_Chinese
500255,933,a65_69,m,ao_esao_Chinese
757632,933,a50_54,f,ao_esao_Chinese
24567,933,a5_9,m,ao_sao_ei
178815,933,a55_59,f,ao_esao_Chinese
88684,933,a45_49,m,eo_neo
370997,933,a40_44,f,eo_neo
408528,933,a70_74,f,ao_osao
710554,933,a75_79,m,ao_esao_Chinese
758687,933,a75_79,f,ao_esao_Chinese
889934,933,a15_19,f,ao_oesao
733251,933,a30_34,f,ao_oesao
729348,933,a60_64,f,eo_bio_English
76585,933,a40_44,m,eo_neo
409623,933,a65_69,m,onao_Canadian
575401,933,a30_34,m,ao_wcameo
395226,933,a40_44,f,ao_oesao
101291,933,a75_79,m,eo_weo_German
878536,933,a75_79,m,eo_seo_Italian
420732,933,a30_34,m,eo_eeo_Russian
637284,933,a25_29,m,eo_fo
360525,933,a55_59,f,ao_esao_Chinese
627671,933,a25_29,m,ao_sao_ei
848564,933,a5_9,m,ao_esao_Chinese
756158,933,a40_44,f,ao_esao_Filipino
920673,933,a25_29,m,ao_oesao
462670,933,a40_44,f,eo_eeo_Russian
268137,933,a20_24,f,ao_esao_Chinese
22525,933,a20_24,m,ao_sao_ei
228336,933,a40_44,f,ao_sao_ei
738460,933,a10_14,f,ao_sao_ei
532388,933,a35_39,m,ao_sao_ei
562085,933,a40_44,m,eo_bio_English
358601,933,a60_64,m,eo_oeeo
552645,933,a60_64,m,ao_esao_Chinese
9245,933,a40_44,f,ao_esao_Chinese
870446,933,a45_49,m,ao_esao_Chinese
775842,933,a20_24,m,ao_sao_ei
815867,933,a20_24,m,ao_esao_Chinese
59080,933,a50_54,m,eo_weo_German
177483,933,a35_39,m,eo_fo
643508,933,a45_49,f,ao_sao_ei
358645,933,a55_59,f,eo_bio_Scottish
780673,933,a75_79,f,ao_esao_Chinese
14886,933,a5_9,m,ao_oesao
751613,933,a10_14,m,ao_sao_ei
305614,933,a25_29,m,ao_osao
714076,933,a75_79,m,ao_wcameo
291848,933,a20_24,m,ao_osao
569673,933,a55_59,m,onao_Canadian
340307,933,a40_44,m,ao_esao_Chinese
471597,933,a45_49,f,ao_sao_ei
218710,933,a45_49,m,eo_oseo
364347,933,a75_79,f,onao_Canadian
88974,933,a45_49,m,eo_eeo_Hungarian
614587,933,a20_24,f,eo_bio_Scottish
27751,933,a55_59,m,ao_wcameo
299527,933,a10_14,m,ao_esao_Chinese
642737,933,a10_14,m,ao_esao_Chinese
843960,933,a25_29,m,ao_esao_Chinese
422312,933,a70_74,f,ao_wcameo
146032,933,a30_34,f,ao_oesao
563519,933,a25_29,f,ao_sao_ei
397856,933,a65_69,f,ao_esao_Chinese
858453,933,a40_44,m,eo_oseo
670594,933,a70_74,m,ao_esao_Chinese
411424,933,a25_29,f,ao
414593,933,a85_,m,ao_esao_Chinese
570337,933,a20_24,m,onao_Canadian
541212,933,a35_39,f,eo_bio_Irish
159190,933,a65_69,m,onao_Canadian
211354,933,a30_34,f,lcsao
14091,933,a60_64,f,eo_weo_German
721608,933,a70_74,f,eo_bio_Irish
357735,933,a60_64,f,eo_eeo_Ukrainian
50382,933,a15_19,m,eo_weo_German
171901,933,a40_44,m,onao
393526,933,a45_49,f,ao_esao_Chinese
723820,933,a40_44,f,ao_esao_Filipino
161655,933,a0_4,m,eo_oseo
327062,933,a75_79,m,onao_Canadian
415748,933,a0_4,m,ao_oesao
754709,933,a70_74,m,eo_bio_Irish
233432,933,a5_9,m,ao_esao_Chinese
221259,933,a15_19,m,ao_esao_Chinese
381993,933,a55_59,m,eo_eeo_Polish
165801,933,a50_54,m,ao_esao_Chinese
781884,933,a50_54,f,ao_esao_Filipino
579710,933,a0_4,m,ao_esao_Chinese
548320,933,a5_9,f,ao_oesao
713744,933,a45_49,f,ao_esao_Filipino
741509,933,a10_14,f,ao_esao_Filipino
679651,933,a45_49,m,ao_esao_Chinese
537801,933,a5_9,m,onao_Canadian
667415,933,a10_14,m,ao_sao_ei
453181,933,a10_14,f,eo_oeeo
294257,933,a50_54,f,naao
831732,933,a30_34,f,ao_sao_ei
237707,933,a40_44,m,onao_Canadian
726781,933,a5_9,m,eo_oseo
132832,933,a85_,f,ao_esao_Chinese
67695,933,a45_49,f,ao_sao_ei
740557,933,a55_59,m,ao_esao_Chinese
829544,933,a50_54,m,eo_weo_Dutch
300018,933,a60_64,f,ao_esao_Chinese
515182,933,a60_64,m,ao_oesao
177098,933,a50_54,m,ao_wcameo
698257,933,a45_49,m,ao_esao_Chinese
667960,933,a20_24,m,ao_esao_Chinese
667059,933,a45_49,f,ao_esao_Chinese
609940,933,a25_29,f,ao_oesao
432188,933,a25_29,f,ao_esao_Chinese
684017,933,a45_49,f,eo_seo_Italian
644131,933,a60_64,f,ao_esao_Chinese
571761,933,a5_9,m,naao
119256,933,a0_4,f,onao_Canadian
212447,933,a50_54,m,eo_weo_German
209480,933,a25_29,m,ao_esao_Filipino
87135,933,a60_64,f,eo_eeo_Polish
182912,933,a50_54,m,ao_sao_ei
465515,933,a40_44,f,eo_eeo_Hungarian
418356,933,a50_54,m,eo_neo
605615,933,a50_54,f,eo_weo_German
795147,933,a25_29,f,eo_bio_Irish
281259,933,a50_54,f,ao_esao_Chinese
189866,933,a55_59,m,eo_obio
520798,933,a20_24,m,ao_sao_ei
355797,933,a50_54,m,ao_esao_Filipino
336485,933,a75_79,f,ao_sao_ei
688481,933,a45_49,f,ao_sao_ei
196409,933,a50_54,f,ao_esao_Chinese
667280,933,a55_59,f,eo_seo_Portuguese
693486,933,a5_9,f,onao_Canadian
256817,933,a60_64,m,eo_seo_Greek
124214,933,a40_44,m,ao_esao_Chinese
252471,933,a65_69,m,ao_sao_ei
683605,933,a75_79,f,ao_esao_Chinese
74478,933,a60_64,m,onao_Canadian
785864,933,a75_79,f,ao_esao_Chinese
816082,933,a35_39,m,ao_sao_ei
643509,933,a50_54,m,ao_esao_Chinese
610287,933,a35_39,f,eo_eeo_Polish
803617,933,a45_49,f,eo_oeeo
679773,933,a45_49,f,ao_oesao
778930,933,a15_19,m,ao_sao_ei
692873,933,a60_64,m,ao_esao_Chinese
471451,933,a20_24,f,eo_seo_Italian
616134,933,a35_39,f,ao_esao_Filipino
292789,933,a50_54,f,eo_bio_Irish
470549,933,a0_4,f,ao_esao_Chinese
911023,933,a20_24,f,lcsao
619812,933,a15_19,m,ao_sao_ei
298748,933,a25_29,m,ao_esao_Chinese
728305,933,a60_64,f,ao_sao_ei
553635,933,a30_34,m,ao_esao_Chinese
712774,933,a55_59,m,eo_bio_Scottish
510561,933,a35_39,f,eo_eeo_Hungarian
228082,933,a65_69,f,eo_weo_Dutch
882741,933,a60_64,m,eo_oeo
298377,933,a55_59,m,ao_esao_Chinese
712845,933,a45_49,m,ao_oesao
427076,933,a20_24,f,eo_neo
908382,933,a15_19,f,eo_oseo
497275,933,a0_4,m,ao_sao_ei
363448,933,a20_24,f,ao_esao_Chinese
226765,933,a65_69,f,eo_bio_Irish
46389,933,a50_54,m,ao_osao
272271,933,a30_34,f,eo_bio_Irish
139579,933,a25_29,m,ao_oesao
370434,933,a65_69,f,ao_esao_Chinese
280630,933,a80_84,m,eo_seo_Italian
548144,933,a30_34,m,eo_eeo_Russian
905131,933,a50_54,f,onao_Canadian
219133,933,a30_34,m,ao_esao_Chinese
404282,933,a60_64,f,ao_esao_Chinese
615950,933,a0_4,f,onao_Canadian
693000,933,a65_69,f,eo_bio_English
127346,933,a70_74,f,ao_sao_ei
607074,933,a35_39,f,eo_seo_Italian
471941,933,a45_49,f,eo_bio_Scottish
825996,933,a50_54,m,ao_esao_Chinese
804056,933,a25_29,m,ao_esao_Chinese
514746,933,a25_29,m,ao_esao_Chinese
41523,933,a45_49,m,ao_esao_Chinese
788515,933,a15_19,m,ao_wcameo
32144,933,a40_44,f,ao_sao_ei
470322,933,a40_44,f,onao_Canadian
427671,933,a75_79,f,ao_esao_Chinese
347955,933,a40_44,f,ao_esao_Chinese
101442,933,a30_34,m,ao_wcameo
472769,933,a35_39,f,ao_esao_Chinese
577580,933,a75_79,m,eo_seo_Italian
678432,933,a55_59,f,eo_seo_Italian
403125,933,a30_34,f,ao_esao_Chinese
141172,933,a40_44,f,ao_esao_Chinese
373688,933,a50_54,f,ao_esao_Chinese
804700,933,a55_59,m,ao_wcameo
807319,933,a45_49,m,eo_obio
264547,933,a50_54,m,ao_sao_ei
578323,933,a80_84,f,ao_esao_Chinese
397712,933,a50_54,f,ao_esao_Chinese
856640,933,a5_9,m,onao_Canadian
377143,933,a10_14,f,ao
472473,933,a20_24,f,onao_Canadian
276519,933,a5_9,m,eo_obio
508257,933,a50_54,f,ao_oesao
814942,933,a45_49,f,ao_esao_Chinese
585201,933,a75_79,f,onao_Canadian
454967,933,a45_49,m,onao_Canadian
135337,933,a20_24,m,ao_oesao
696518,933,a45_49,m,ao_esao_Chinese
30236,933,a40_44,f,eo_eeo_Ukrainian
192553,933,a30_34,f,onao_Canadian
829491,933,a60_64,f,eo_bio_Scottish
901626,933,a50_54,f,eo_neo
575388,933,a35_39,f,ao_esao_Chinese
911670,933,a25_29,m,ao_oesao
329365,933,a60_64,f,ao_oesao
346701,933,a70_74,f,ao_wcameo
141615,933,a0_4,f,ao_sao_ei
582873,933,a65_69,m,ao_sao_ei
236067,933,a20_24,m,ao_esao_Chinese
274637,933,a85_,m,eo_bio_English
237351,933,a10_14,f,ao_esao_Chinese
858492,933,a45_49,m,ao_sao_ei
440750,933,a35_39,f,ao_sao_ei
683299,933,a10_14,m,ao_oesao
647676,933,a10_14,m,ao_esao_Filipino
287938,933,a35_39,f,eo_eeo_Polish
776076,933,a85_,f,eo_bio_English
788456,933,a45_49,m,ao_esao_Chinese
799004,933,a60_64,f,ao_sao_ei
274573,933,a25_29,m,eo_seo_Spanish
930105,933,a40_44,m,ao_oesao
118027,933,a15_19,f,ao_esao_Filipino
54003,933,a45_49,f,ao_esao_Chinese
87972,933,a85_,m,ao_esao_Filipino
149906,933,a20_24,f,ao_sao_ei
375855,933,a80_84,f,ao_esao_Chinese
244985,933,a80_84,f,ao_esao_Filipino
873757,933,a20_24,m,eo_weo_Dutch
49345,933,a20_24,m,ao_wcameo
180408,933,a60_64,f,eo_bio_English
914196,933,a35_39,m,ao_oesao
65927,933,a50_54,f,ao_esao_Chinese
425072,933,a60_64,m,ao_esao_Chinese
354557,933,a55_59,m,ao_esao_Chinese
707616,933,a40_44,m,ao_oesao
313509,933,a75_79,f,eo_weo_German
546590,933,a60_64,m,ao_esao_Chinese
518004,933,a10_14,m,ao_sao_ei
663014,933,a25_29,f,ao_oesao
661279,933,a0_4,m,onao_Canadian
316253,933,a15_19,f,ao_esao_Chinese
370621,933,a50_54,f,ao_esao_Filipino
783906,933,a30_34,f,ao_esao_Chinese
917955,933,a40_44,m,ao_oesao
560733,933,a45_49,f,ao_esao_Chinese
502957,933,a35_39,f,ao_esao_Chinese
626316,933,a15_19,f,lcsao
553754,933,a40_44,m,ao_sao_ei
273229,933,a30_34,m,ao_sao_ei
504597,933,a55_59,m,ao_esao_Chinese
868255,933,a35_39,m,onao_Canadian
129257,933,a25_29,f,ao_sao_ei
50960,933,a30_34,m,ao_wcameo
888564,933,a55_59,f,ao_oesao
833569,933,a50_54,f,onao_Canadian
891712,933,a40_44,m,ao_sao_ei
33587,933,a60_64,f,ao_wcameo
159007,933,a40_44,f,ao_esao_Chinese
854473,933,a60_64,m,ao_sao_ei
219764,933,a5_9,m,ao_sao_ei
599867,933,a65_69,f,ao_esao_Chinese
231701,933,a45_49,f,ao_sao_ei
694284,933,a25_29,f,eo_bio_Irish
259394,933,a5_9,m,ao
592498,933,a45_49,m,ao_wcameo
400683,933,a55_59,f,ao_esao_Chinese
140282,933,a65_69,m,eo_bio_English
815296,933,a35_39,m,ao_esao_Chinese
729128,933,a40_44,f,eo_eeo_Ukrainian
578872,933,a80_84,m,eo_weo_German
883883,933,a60_64,m,ao_esao_Filipino
110409,933,a15_19,m,ao_esao_Chinese
543820,933,a25_29,f,ao_esao_Filipino
369450,933,a40_44,f,eo_neo
770057,933,a50_54,m,eo_oeeo
178925,933,a10_14,f,ao_sao_ei
526641,933,a10_14,f,ao_oesao
628915,933,a20_24,f,ao_sao_ei
159829,933,a50_54,m,ao_wcameo
604750,933,a40_44,m,ao_esao_Filipino
136617,933,a65_69,m,eo_bio_English
734318,933,a30_34,f,ao_esao_Chinese
235821,933,a50_54,m,ao_esao_Chinese
8055,933,a25_29,m,ao_wcameo
457493,933,a20_24,f,ao_esao_Chinese
183889,933,a65_69,f,ao_sao_ei
789269,933,a0_4,m,naao
337055,933,a45_49,f,ao_sao_ei
260562,933,a55_59,f,ao_esao_Chinese
899920,933,a10_14,m,onao_Canadian
601545,933,a40_44,f,eo_fo
48029,933,a60_64,m,ao_esao_Chinese
226231,933,a70_74,m,eo_bio_English
